0.186075
0.187227
0.26609
-0.162805
-0.0569727
-0.0221743
0.380715
-0.209417
0.245981
0.486376
0.193642
0.158468
-0.0319085
-0.0100923
0.116309
-0.448299
-0.173486
-0.24188
0.0322748
0.200791
0.181864
0.0602404
0.276282
0.0991851
0.0457675
0.144687
0.611248
-0.0479714
-0.181799
-0.270903
0.452773
0.406818
-0.632835
-0.425747
0.421348
0.515899
0.145959
-0.0790784
0.0703656
0.618008
0.460512
-0.0542335
0.0345924
-0.231812
0.245276
-0.132585
0.280207
0.239405
0.191437
0.178774
0.116132
0.131124
0.177005
0.0939093
0.164893
-0.00357822
0.083557
0.179913
0.182039
0.396359
0.108308
0.317943
-0.100166
0.0580164
-0.0589881
-0.0323311
-0.0091911
0.0287164
-0.137442
-0.134678
-0.332133
-0.341367
-0.156504
0.279436
-0.382027
0.350113
0.0882757
-0.0628913
-0.0714018
-0.0142399
0.150349
-0.49011
-0.461078
0.0399632
-0.0831492
-0.119308
0.0535377
0.491441
-0.0616488
0.335269
-0.315002
-0.292535
-0.13412
-0.126325
0.0497733
0.129136
0.101346
0.134428
0.0967824
-0.0183682
-0.199828
0.184101
0.288002
-0.00253753
0.00686511
-0.203296
-0.304163
-0.349233
-0.0247251
0.203429
-0.0643995
-0.26401
0.120785
-0.155593
0.218672
0.314363
0.501668
0.135444
-0.292656
0.0735611
-0.240518
-0.13541
-0.0151732
-0.041886
-0.21679
-0.0987471
0.176832
0.341762
-0.0915901
-0.0236356
0.235388
-0.231682
-0.0117338
0.00277805
0.250557
-0.129379
-0.127577
0.102508
-0.00559663
0.0708989
0.262953
-0.159289
-0.103004
0.0398283
0.791832
0.173956
0.233549
-0.244086
-0.0488533
-0.0835082
-0.00759422
0.0539357
0.210615
-0.0295742
0.0811774
0.0640481
-0.485668
-0.129872
-0.452556
-0.205466
-0.0237895
0.15856
0.246038
0.0527917
-0.126427
0.109624
-0.0757925
0.0956477
0.283956
0.0307402
-0.439495
-0.0362891
0.207424
-0.338714
0.242274
0.206607
-0.240947
0.152939
-0.011828
0.17675
0.120154
-0.168293
0.0510017
-0.0119961
-0.0980333
-0.00450321
0.433353
-0.223475
0.209671
0.0697452
0.0435696
-0.0487843
0.676504
-0.0504576
0.0534163
0.152427
0.390961
0.105067
-0.0405234
0.0490757
-0.0522398
0.117552
-0.062182
0.406696
0.0921084
0.0165447
0.0980823
0.111225
0.288136
-0.0836105
0.255572
-0.314785
-0.41604
0.311047
0.300707
-0.044819
-0.0173369
-0.0024701
-0.374796
0.154642
0.0395503
-0.36379
0.187379
0.402955
-0.174575
0.124999
-0.0299485
-0.0501503
-0.0444109
0.101201
-0.0164749
-0.121304
0.031469
0.0751967
-0.0574637
0.616225
0.411444
0.0657678
-0.223358
0.175603
0.159873
0.376839
0.202132
-0.271165
-0.486845
-0.405154
-0.449788
-0.085335
-0.0268071
-0.217596
0.0863584
-0.204479
-0.271932
0.0256063
0.11542
0.140778
-0.324007
-0.0184058
-0.00512526
0.349768
0.388414
-0.157121
-0.00526775
0.214759
-0.146197
-0.447973
0.228102
-0.183579
0.0942189
0.0787954
0.013675
0.0633712
0.0110209
0.135362
0.0958643
-0.107633
0.0378622
0.0123568
-0.027835
-0.194794
-0.00226247
0.362999
0.0896938
0.0858962
0.475589
-0.312239
0.0982021
-0.0695849
-0.206135
0.356739
-0.0627531
-0.0700011
0.149355
-0.0128775
-0.28284
0.170939
-0.354654
-0.0717393
-0.490024
0.00201925
-0.287603
-0.122531
-0.112996
0.18297
-0.0357096
0.121552
-0.161328
0.203941
0.712302
0.180375
-0.268382
0.181287
-0.216716
-0.976782
-0.22884
0.0598777
-0.0262065
0.0135996
-0.0987639
0.183605
0.185571
-0.11219
0.322389
0.0922718
-0.186824
-0.297419
0.061884
0.0703384
-0.0230446
0.0830992
-0.0558441
0.160041
-0.069656
0.0560971
0.130856
-0.26216
-0.117837
-0.198944
-0.0673743
0.124086
-0.289473
0.0447801
-0.0582612
0.100074
0.0609495
0.0206106
-0.292693
-0.135764
0.113924
0.409703
0.0748396
-0.515652
-0.0420563
0.0377824
0.119275
0.189234
-0.20032
0.113091
-0.286164
0.275351
-0.0610828
0.334202
-0.334632
-0.23302
0.394432
0.0229521
-0.284474
-0.0501767
0.0364761
0.0744969
0.0760779
-0.254407
0.0530506
-0.154158
-0.00134387
0.526909
-0.145491
0.067663
0.00977706
-0.0157587
-0.0285553
0.371495
0.0305182
0.00486445
0.0314078
-0.166248
0.107605
0.0743094
0.00944694
0.338724
0.39548
-0.0670983
-0.0655118
0.219976
0.0676506
0.0950733
-0.108594
-0.0221617
-0.012461
0.402926
0.17594
-0.144091
0.270267
0.0236757
-0.156562
-0.323026
0.290592
0.0158776
-0.293696
0.0348007
-0.272618
-0.260826
0.361738
0.0663342
0.192534
0.177718
0.0699129
0.405155
0.107825
-0.0329078
0.0965039
0.400193
0.33154
0.00935631
0.0277913
0.155182
0.313852
-0.105286
0.0364958
0.0184249
-0.141438
-0.387646
-0.102533
-0.494127
-0.0078441
-0.324009
-0.697255
-0.0840957
0.0283308
-0.179806
-0.0304773
0.00736229
0.0154022
-0.0135223
-0.135034
-0.0912062
0.349474
-0.0571595
0.154367
0.0239668
-0.118719
0.0150096
0.157339
-0.220554
-0.0516686
0.039615
-0.174475
0.236406
-0.111564
0.185113
-0.212622
0.0890509
-0.0629736
-0.344645
0.0171922
0.0335231
0.0110618
-0.035082
-0.122595
-0.0387048
-0.121456
0.0805423
-0.61656
-0.139525
-0.402306
0.59153
0.182639
0.0459754
-0.125073
0.084676
0.0196846
0.125527
0.0421065
-0.124846
0.0281586
0.0682403
0.480655
0.0726015
0.155306
0.689559
-0.21759
0.106262
0.0723612
-0.147857
-0.176442
0.162538
-0.0354574
-0.232413
-0.101685
0.0983781
-0.026055
0.0766155
-0.252273
0.424269
0.219568
-0.266153
-0.452191
0.148597
0.145254
0.550263
-0.279676
0.0656157
-0.134825
-0.478438
-0.0350087
0.110861
0.149772
0.123998
0.320145
-0.0108807
-0.175954
-0.0173295
0.196736
0.0565609
0.0348448
0.132479
0.363112
0.00832008
0.260035
0.041444
0.113053
-0.0611867
-0.113602
-0.242494
0.164587
-0.276954
0.203651
0.0442093
0.145201
-0.0549713
0.380352
0.349924
-0.212709
0.177909
-0.0109891
-0.0146003
0.201342
0.750213
-0.138978
-0.0245111
0.0186528
-0.0998749
0.22328
-0.118186
-0.0952106
-0.261296
-0.00917657
-0.122869
0.102107
-0.0969798
-0.0186925
-0.017504
-0.0661857
-0.0550791
-0.348916
0.141745
-0.176482
0.0504103
-0.152414
-0.104994
0.0635613
0.344797
0.428534
0.0960555
-0.0884293
-0.215571
0.0618219
0.086305
0.284086
0.19449
-0.00548812
0.203898
0.028382
0.0147933
0.161926
0.0431206
-0.0861156
-0.391503
-0.251919
0.102544
-0.00281032
0.00963822
-0.23865
-0.391573
0.186241
-0.61873
-0.222479
0.0408686
-0.24511
0.332323
0.32143
0.0682886
0.140716
-0.280013
0.242192
0.118266
0.522854
0.588738
0.230114
-0.0495244
-0.115824
-0.0478399
-0.00154821
0.208972
-0.0357802
-0.104507
0.111024
0.0869608
0.0570712
0.114063
0.0297468
-0.135024
-0.304914
-0.0344616
-0.296239
-0.000851794
0.21978
-0.0254443
-0.0480354
-0.0659296
-0.00820327
-0.070527
-0.168005
0.194859
0.189712
0.525683
-0.454612
0.29229
-0.157819
0.330513
0.166139
0.205774
0.203837
0.254528
0.0893324
0.169804
0.102159
-0.0487999
0.113619
0.509237
0.0497012
-0.32708
-0.00467894
0.0841863
0.106469
-0.139957
0.025433
-0.197091
-0.246289
0.0076296
0.0428546
0.0583096
0.124519
0.244853
-0.0235643
-0.146413
-0.584027
0.118574
-0.264048
-0.13553
-0.341386
-0.0610467
-0.0408669
0.143892
0.241704
-0.40086
0.169626
-0.188261
-0.216346
-0.032415
0.00241489
-0.435319
-0.023113
0.112697
0.132954
-0.142719
-0.174667
0.130355
-0.278945
0.0482568
-0.00707863
-0.00353832
-0.00511787
-0.215347
-0.522261
-0.240603
0.0981974
0.054356
0.0496303
0.357384
0.209176
0.401414
0.218132
-0.235515
0.0540191
-0.00693094
0.262818
0.219815
0.095951
0.231397
-0.0884822
0.292249
0.482337
-0.271676
-0.000941956
0.000440592
0.216946
0.005818
0.0853554
0.0773262
-0.0964584
-0.36965
-0.300477
-0.0750631
-0.149954
-0.176684
-0.231129
0.0673942
0.0655195
-0.165046
-0.00956047
0.193773
0.120192
0.0375531
0.0426764
0.0590207
0.0700687
-0.296119
0.0428176
0.00380904
-0.132827
0.234541
-0.0628687
0.0856896
-0.0206435
0.0741121
0.126578
0.0438954
-0.102223
-0.0622329
-0.031388
-0.105486
-0.0828815
0.151858
-0.0205667
0.0180897
0.16636
0.101972
0.0160344
0.193596
0.105832
0.184103
-0.101194
0.232093
0.434968
0.569661
-0.00635737
-0.456672
0.0433145
-0.451875
0.363379
0.0746672
0.0512177
-0.0440907
-0.438971
-0.0189999
-0.0426074
-0.159049
-0.0208078
0.0462384
-0.0683418
-0.0623363
-0.246106
0.380828
0.259805
-0.144664
0.0443933
-0.192115
0.167179
0.0990353
-0.278387
0.156842
-0.159476
-0.144845
0.090714
-0.158076
0.090737
0.282244
-0.0157732
-0.0576022
-0.116081
-0.0871838
-0.0871777
-0.0721013
-0.135839
0.000389193
0.0158992
-0.272406
0.337438
-0.146198
-0.059643
-0.613655
-0.0185819
0.0717255
-0.154292
0.127234
0.029572
0.18946
-0.281273
0.137698
-0.119872
0.134987
0.285538
-0.0524007
-0.135717
-0.241112
-0.138167
-0.0755989
-0.12564
-0.13881
-0.167523
-0.398456
0.087258
0.133424
-0.267255
-0.231283
-0.161937
0.0458317
-0.0824007
-0.370721
0.120611
-0.208346
-0.606339
0.13442
0.218245
0.463818
0.00720251
0.0232775
-0.0948082
0.0390327
-0.299253
-0.416832
0.249729
-0.183764
-0.201603
0.152749
0.17289
0.0438836
0.606882
-0.032092
0.03502
0.0646701
0.42743
0.348411
0.0684183
0.267155
0.0407951
0.0966051
0.391114
0.0873663
-0.426283
-0.316591
0.0570173
-0.0970574
-0.414825
0.177785
-0.292114
-0.503836
-0.284436
0.230255
0.0172828
0.0579439
-0.0798721
-0.0911841
0.260695
-0.181142
-0.017048
-0.00721338
0.18684
0.0840588
-0.0174593
-0.0895239
0.306225
0.00803059
-0.00186478
-0.201506
-0.123925
0.0723448
0.12762
-0.0899484
0.463766
-0.0670489
-0.0631368
-0.17777
-0.294364
0.169853
0.0763041
-0.268512
-0.107778
0.0632695
0.317489
0.536634
0.627465
0.312651
-0.373634
-0.0567552
0.0169098
0.0547225
-0.244147
-0.0170496
0.168294
0.00505239
0.0724716
-0.368784
-0.213113
0.0197931
0.217801
0.00779079
0.291338
0.143209
0.0205491
0.184359
0.313748
-0.0264966
-0.163463
0.0183386
-0.302907
-0.362765
0.0886722
0.143202
0.174894
-0.215148
0.0383546
-0.0082855
0.049913
-0.0191104
0.482199
-0.12861
-0.276615
-0.242965
0.0256124
-0.11917
0.310497
-0.439921
0.112453
-0.182352
-0.0026174
-0.0701427
0.197903
-0.0634705
0.136835
-0.0473672
0.287316
-0.0719407
0.0723693
0.249848
0.121821
-0.0575828
0.0382814
-0.172765
0.0261157
-0.279447
-0.404522
-0.465449
-0.178569
0.15005
0.0538214
-0.1113
0.0190604
0.283695
0.201024
0.0358005
0.357114
0.0301678
0.0635079
0.0952546
-0.045295
-0.196578
0.0405962
-0.37047
0.03288
0.280936
-0.365324
-0.0840277
0.0264503
0.0961479
-0.00376664
-0.13152
-0.42795
0.338966
0.0154649
0.195464
-0.154755
0.161306
0.0872835
0.151964
-0.131936
-0.22208
-0.283471
0.0011552
0.0242175
-0.0466944
0.0296908
-0.273625
0.353819
-0.225087
-0.216503
0.0216454
-0.29106
0.0506036
-0.0644634
-0.204919
-0.0688201
0.30446
0.0686209
0.00261697
-0.181744
-0.222537
0.218803
0.230838
-0.178421
0.0156023
0.0899084
0.0844573
0.038256
0.0739528
0.138511
0.0125891
0.377604
0.0275277
0.0575822
0.102573
-0.0680503
0.0746228
0.121351
-0.0478199
-0.211461
-0.172239
0.256656
0.234265
-0.0741463
-0.286276
-0.113061
0.126759
0.218231
0.0746526
0.170856
0.321196
0.0788315
0.164408
-0.161239
0.132223
0.0152971
0.268143
0.0378719
-0.0102369
0.0342092
-0.252195
-0.0949928
-0.0465136
-0.301521
-0.11211
0.0732358
0.051331
0.169207
-0.0391275
0.00315355
-0.374937
-0.0490933
0.11158
0.114872
0.281333
0.433234
0.404848
0.281364
0.111858
-0.251278
-0.134769
-0.235428
0.0448722
-0.0118498
0.270907
-0.372778
0.196359
-0.306142
-0.465851
-0.0535259
-0.0306049
0.200346
0.0226542
-0.0202878
0.0356906
0.135961
-0.194677
0.178941
-0.135373
0.271022
0.511976
-0.193832
0.264022
0.0642676
-0.034979
0.373534
-0.15504
-0.176209
0.12006
-0.0834004
-0.0288522
-0.0996144
0.304591
-0.129604
0.299688
0.233899
0.105765
-0.113652
-0.000263282
-0.141263
0.373111
-0.328625
0.0671319
0.123301
-0.257048
-0.215885
-0.152657
0.108942
-0.513356
0.089033
-0.0838069
0.177042
-0.22157
-0.241929
0.0349135
-0.120766
-0.328072
-0.0524237
0.0790032
0.182846
0.365634
0.71089
-0.0936469
0.209248
-0.100662
-0.238422
-0.0368874
0.0920626
0.289334
0.0332326
-0.188166
-0.0911741
0.121055
0.00654352
0.227597
-0.217484
-0.247039
0.130979
-0.19525
0.368463
0.140282
0.0832938
0.226884
-0.404447
-0.27507
0.142074
-0.207502
-0.0978045
0.0465005
-0.0250624
0.00833414
-0.324946
-0.271702
0.10804
0.046428
-0.0649823
-0.159088
0.157974
0.19462
0.0924761
0.0317955
0.0621749
-0.145508
-0.0931943
-0.022541
-0.152187
0.0438947
-0.105738
0.0414136
-0.211359
0.0121411
-0.142131
0.205624
0.213442
0.0221536
0.316588
0.36808
-0.0402323
0.149704
0.175959
0.106409
-0.00066765
0.17533
0.430033
-0.0637967
-0.0701065
-0.0206166
-0.0856253
0.112402
-0.165932
0.196588
0.428066
1.11804
0.705493
0.225536
-0.216442
-0.0259498
-0.441591
-0.233163
-0.107017
0.205346
0.580251
0.0482353
0.10708
-0.0791381
0.290909
-0.199361
0.130277
-0.287096
0.308951
-0.109936
-0.369571
-0.059981
-0.0705398
0.0686982
-0.189734
-0.152522
-0.0658218
-0.0479003
0.136329
-0.21802
0.107978
-0.251928
-0.0578171
0.0367362
-0.379028
-0.375363
-0.0981949
0.253727
0.133509
0.722536
0.152593
-0.053886
-0.351118
0.292526
-0.0873356
0.33695
0.0311435
0.124113
0.160786
0.0780499
0.22388
0.0707958
0.214379
-0.00670519
0.065071
0.156214
-0.0528267
0.048283
-0.098731
-0.562272
-0.151052
-0.0929816
-0.122761
-0.121537
0.112545
0.238625
-0.0276613
0.10189
0.342734
0.0182295
-0.032806
0.151158
-0.428641
0.143702
0.0416099
-0.0264255
-0.0299201
0.169184
-0.0787438
-0.00193432
0.0423939
-0.0374003
0.0200133
-0.0623628
-0.222542
-0.0741461
0.317753
0.204597
-0.0710585
-0.144822
0.0117808
-0.07828
-0.614973
-0.05122
-0.0336418
0.211051
-0.0298646
-0.0115929
0.0627622
0.146508
0.00627278
-0.0954572
-0.0966751
-0.265738
-0.0815408
0.222102
0.151505
-0.329305
0.0326924
0.283749
-0.122147
0.0477037
-0.130015
-0.0910075
0.122045
0.20818
-0.42212
-0.200529
0.131619
0.318329
0.0565112
-0.132889
-0.128976
0.0827004
0.175915
-0.0970311
0.11923
0.389811
-0.138933
0.222555
0.0943515
-0.101161
-0.34501
0.0837585
0.0566972
-0.098397
0.0112506
0.0609354
-0.27998
-0.0850774
0.389494
-0.0162895
0.193726
-0.0444321
-0.0755786
0.113726
-0.275084
0.0986398
0.0900967
0.432603
-0.180892
0.0435819
-0.0158811
0.0569124
0.0998726
6.08215e-05
0.353159
0.0358363
0.0247863
0.0985779
0.248762
0.00973979
0.0242527
0.197575
-0.0364244
0.0167891
-0.469194
0.264226
-0.0747935
-0.119439
0.00622248
-0.0702252
0.354809
-0.0142115
-0.0031154
0.0977022
0.30633
-0.00138486
-0.173477
0.231951
0.00360492
-0.454843
-0.0776532
0.230426
0.0996254
0.178515
0.324947
-0.134032
0.367421
0.246657
0.288316
0.516698
0.150536
0.0898546
-0.0310896
0.105269
-0.0160985
0.0578212
-0.00462696
0.221386
-0.0457777
0.0733995
-0.0260439
0.35543
0.00947467
-0.0880829
-0.0278456
0.0340503
0.118968
-0.0192668
-0.00241587
-0.0116335
0.136538
-0.0415179
-0.0994828
-0.132315
-0.0322399
0.166567
0.0512848
-0.165734
0.111642
0.0332744
-0.0194019
0.00793393
-0.136153
0.0762919
0.0521322
0.0288143
-0.15754
0.166217
0.278972
0.0300677
0.322532
0.104989
-0.316871
-0.0027985
0.104381
0.00530103
-0.0537749
-0.0769578
0.0479344
-0.163977
-0.125674
-0.242799
0.243813
0.0289686
0.146533
0.144072
-0.244614
-0.337816
0.148072
-0.153525
0.0153337
0.400438
0.0670128
0.170313
-0.0393482
-0.450427
-0.0275356
0.220099
0.149019
0.740539
-0.0994992
-0.0919069
-0.118746
-0.0889319
0.433048
-0.162691
-0.17545
-0.113227
-0.00788681
-0.184392
-0.136467
-0.0238714
0.165955
-0.204402
-0.307539
-0.124423
0.123742
-0.0743236
0.171646
0.00480907
-0.387346
-0.289897
-0.141531
-0.133878
0.271447
0.112692
-0.216498
0.18999
-0.051016
0.319402
0.00350532
-0.312166
0.129208
0.0430832
-0.429688
-0.485546
0.00831136
-0.207399
-0.21948
0.131368
-0.396628
0.395643
0.148945
0.00815185
-0.0822872
0.0739356
-0.00252404
0.13144
0.0922469
0.261245
0.54732
0.197182
0.0403109
-0.265118
0.111841
0.090716
-0.271714
0.0608473
0.00580337
-0.0370866
0.0570878
0.189598
-0.0745177
-0.0805617
0.0978782
0.00772665
0.00881963
-0.129191
0.0247303
0.323323
-0.0305826
-0.0788029
-0.209117
0.391877
-0.0114333
0.0879077
0.0377676
0.285621
-0.312604
0.0447321
-0.0646683
-0.31619
0.137643
-0.152983
0.00481214
-0.195499
-0.224762
-0.145609
-0.0537431
-0.115517
0.273034
0.352427
-0.0266335
0.22532
0.0314633
-0.0861977
0.329022
0.0893244
-0.0461823
0.32786
0.0247193
0.0329352
-0.0184421
0.00634948
0.0952474
-0.0242896
-0.385849
-0.0351918
0.190074
-0.0741173
0.0923336
0.115027
-0.338069
0.0798666
0.0676393
0.195118
-0.490318
0.334138
0.127888
0.0687022
-0.445356
0.380467
0.446383
-0.0360981
0.0492452
0.108483
-0.130048
-0.533973
-0.212024
-0.576386
-0.16322
-0.40881
-0.0638215
-0.181374
0.361844
0.206242
-0.03899
-0.0165182
0.107355
0.0383043
0.0726286
0.0308633
0.195962
0.200829
0.445035
0.238413
0.273828
0.148608
-0.0304655
0.191686
-0.155138
-0.096872
-0.0786408
0.0630638
-0.00248929
-0.0473005
0.108554
0.248088
0.110806
-0.188642
-0.18479
-0.232959
0.0911714
0.0158059
-0.0717288
-0.0225543
0.25344
-0.331484
-0.428081
-0.379494
0.0143849
-0.156569
0.204978
0.421079
-0.00689905
-0.144764
0.0100346
0.0181598
0.336217
-0.0193199
-0.0184653
0.144439
0.296269
0.0844438
0.237604
-0.185673
-0.250536
-0.129279
0.0259289
-0.0672548
-0.265916
0.0030553
0.0311954
-0.234425
-0.10983
-0.00910846
0.0290122
0.0770103
-0.291945
0.165519
-0.228265
-0.0808485
-0.0375334
-0.0833047
0.147872
0.0796445
-0.310829
0.0143881
-0.0888693
0.0692065
-0.0547655
-0.00419283
-0.241809
-0.646035
-0.337699
-0.0791928
0.0199519
-0.150765
-0.242556
-0.142149
0.20426
-0.0888856
0.0645764
0.180878
-0.195095
-0.0412047
-0.529154
0.330984
-0.185147
-0.245796
-0.120644
-0.0652627
-0.201716
0.22917
0.151186
0.180241
-0.0490712
0.144144
0.0985487
0.0150307
-0.024303
-0.200836
0.10995
0.20463
0.0552711
0.239634
-0.0288308
0.54169
-0.0682052
-0.0296705
0.43109
0.00420635
-0.0703123
0.116178
0.113642
-0.165337
0.331003
0.221483
-0.00358601
0.20401
0.134407
0.200177
-0.0178607
-0.495142
-0.29618
0.0342581
-0.129108
0.234921
0.222992
-0.0537551
-0.0287851
0.0583649
0.0197382
0.136489
0.347618
0.0480481
0.0177638
-0.0676203
-0.0698469
-0.0207294
-0.379694
0.177925
-0.122488
0.019318
0.106783
0.021263
-0.18056
-0.0971147
-0.211306
0.126884
-0.10732
0.331063
-0.087816
0.0538605
-0.0186208
-0.0597142
0.173759
-0.0783569
-0.00946625
-0.124321
-0.120583
0.171106
0.231172
0.0159857
-0.284757
0.0313243
0.173673
-0.221896
-0.206175
-0.0139911
-0.107588
-0.00661611
-0.207706
-0.444106
-0.0299698
0.0595844
0.11682
-0.211469
-0.0711162
0.272869
-0.346558
0.139391
0.283643
-0.404499
-0.328941
-0.0262918
-0.400907
-0.033222
0.0583102
-0.236239
-0.17869
-0.018853
0.0354643
0.0861781
0.556463
0.367104
0.254678
-0.0185245
0.245855
0.130776
-0.272002
-0.263225
-0.113442
-0.0621035
-0.097361
0.0550247
0.134895
-0.0732641
0.229215
0.297637
-0.0599539
0.00340127
0.0193845
-0.0118707
-0.16848
-0.245804
0.494911
0.322491
0.196982
-0.0345353
0.264879
0.128279
0.172069
0.0922894
-0.418913
0.0310265
0.228356
0.394356
0.0265556
-0.0822164
-0.0795405
0.279008
0.171881
0.189069
0.250318
-0.14286
-0.421986
-0.386835
-0.212041
-0.196115
-0.276105
-0.0131509
-0.105373
-0.048279
0.396357
0.268384
0.254565
0.288144
0.32187
-0.115518
0.0059605
-0.0972042
0.259616
0.113789
-0.0566725
0.23119
-0.253491
0.0563253
0.294312
-0.407032
-0.0700657
0.424884
0.0162106
0.279616
0.0642575
-0.13544
0.200207
0.464427
0.182311
0.0385502
0.329552
-0.00816389
-0.0507809
0.091993
0.522355
-0.491788
0.211223
0.0679228
0.0872788
-0.0891249
-0.367894
-0.143611
0.0878578
0.314944
-0.023452
0.042533
0.204189
0.118325
-0.179715
-0.165571
0.457424
-0.201133
-0.159799
-0.0350855
0.205483
-0.0491595
-0.221804
0.265144
-0.335059
-0.133911
-0.0108458
0.185716
0.0271691
0.170674
0.183706
-0.400706
0.392749
-0.292897
0.146574
0.212016
0.126083
-0.165773
-0.382922
-0.242842
-0.0412405
0.256102
0.0458157
0.45088
-0.107346
-0.0784979
-0.058237
0.262267
0.286307
-0.190784
-0.165868
-0.101721
-0.254563
0.10747
-0.13946
-0.103059
-0.50197
0.292568
0.0503568
-0.148234
0.420108
0.0444667
-0.335939
-0.2191
0.224042
-0.0499973
0.355063
0.0868982
-0.0381073
-0.274323
-0.221207
0.0461283
-0.253895
0.0439454
0.171364
0.0689818
0.369146
0.0727131
0.141144
-0.0220792
-0.0228649
0.130858
-0.00420443
-0.115385
-0.224407
-0.0637735
0.238172
-0.150559
0.0289394
-0.0652501
0.585486
-0.00608526
0.260199
-0.35214
-0.142867
0.0189555
0.00455651
0.0538238
0.0116027
0.533661
0.0498916
-0.540649
-0.0513907
-0.196433
0.435409
0.171502
-0.242627
-0.0817462
0.0971248
0.0793532
-0.0749519
0.239504
0.0924833
-0.0310288
-0.0281534
0.311695
0.0237019
-0.216371
0.297597
-0.00574235
0.266165
0.0405673
-0.0482521
0.129076
0.0556112
0.262356
0.0187596
-0.365051
-0.00435332
0.366671
-0.183211
-0.047872
0.0344802
-0.0742844
-0.106893
-0.00469085
0.0180364
0.133829
0.14818
0.204861
-0.0798744
-0.186482
-0.245279
-0.111851
-0.406664
0.139919
-0.331454
-0.216664
-0.21587
-0.0774159
0.261104
-0.172009
0.101862
0.281564
0.554824
-0.0564057
-0.100949
-0.376594
-0.0666186
-0.13118
-0.174168
0.390772
0.116518
-0.127476
-0.00227976
-0.070278
-0.254795
0.0725685
0.148695
-0.229365
0.200048
-0.366829
-0.188598
0.113268
0.38723
0.0172022
0.110829
-0.18521
-0.228601
0.0976517
-0.0757509
-0.0881345
-0.444761
-0.142384
-0.435196
-0.174823
-0.301483
0.0980799
-0.136362
-0.134051
0.195588
-0.230528
0.0394475
-0.0937175
-0.0252645
-0.0817767
0.0536089
0.0232637
0.243137
0.251572
-0.239705
-0.529901
-0.397025
-0.55909
-0.303915
-0.182631
-0.207384
-0.210998
0.175217
0.1505
0.0969384
-0.226984
0.00871112
-0.0608352
0.0339035
0.31146
0.0069499
0.158298
0.0678067
-0.0418842
0.177633
-0.0883353
0.0298932
-0.0616572
0.184216
0.0700203
0.198686
0.251707
-0.208697
0.143337
0.248386
0.293198
0.203995
0.0856471
0.0579595
0.0292703
-0.0419433
0.0273887
-0.235413
0.168829
0.0872351
-0.138335
-0.46264
-0.020884
-0.17013
-0.0543252
-0.317917
0.180059
-0.0439085
-0.105296
0.0188163
-0.00870614
0.16528
0.247085
0.275675
0.147846
0.0234109
-0.0495798
-0.066288
-0.112509
0.00540767
0.185799
-0.149273
-0.268695
0.0464064
0.106798
0.303768
0.00950262
0.415109
0.117237
-0.11164
0.0365332
0.1299
-0.225856
0.0787305
0.155885
0.503122
-0.476408
-0.323298
0.00139621
-0.260176
-0.0899711
0.0482823
-0.285148
0.194314
-0.0717158
-0.0389645
-0.0930346
-0.0101966
-0.0533408
0.293551
-0.104651
0.150651
0.197434
0.147649
-0.0617812
0.02541
0.175379
0.178716
0.048342
0.307142
0.428707
0.036809
0.267413
0.0777911
0.159343
-0.0614518
0.15921
0.0385675
0.0142364
-0.273097
0.186327
0.10055
-0.0957329
-0.0797329
-0.16591
-0.208752
0.105638
-0.316344
0.177687
0.0786157
0.269635
0.0655508
-0.0996783
-0.194351
0.252382
-0.327509
0.115118
-0.0660744
0.147854
0.389878
0.134139
0.137788
0.238385
0.0646998
-0.0214144
-0.43226
-0.265432
-0.0159858
-0.10016
0.123555
-0.0488971
-0.213507
-0.532544
-0.0996593
0.161942
0.378431
-0.100239
-0.252579
0.107451
-0.245564
0.151905
0.711797
0.0574104
0.109366
-0.382561
-0.288433
0.083736
0.597209
0.13819
-0.220752
-0.156199
-0.199216
0.044075
0.0283298
-0.0516763
0.284866
0.028473
0.0193965
0.111628
0.418468
-0.0248371
0.0213247
-0.331327
-0.0766757
-0.526291
0.190148
0.143867
0.0107467
-0.135499
-0.131828
0.22383
0.214712
0.0221941
0.163274
0.0524196
-0.178447
-0.310102
-0.0244471
0.0557062
0.114338
-0.126425
-0.016541
-0.021507
-0.0564803
-0.0556156
-0.0617773
-0.0477437
-0.0743959
0.241741
-0.23877
-0.0543673
0.401866
-0.0936744
0.185377
0.141622
0.0288297
-0.189333
0.00495723
0.175381
-0.165719
-0.195741
0.0994378
-0.165058
0.451607
0.216652
-0.279776
0.181603
0.297611
0.123481
0.241012
-0.0463822
-0.023782
0.101086
0.192249
-0.221954
0.00109121
-0.246891
-0.0279529
-0.0979441
-0.0289978
-0.275705
0.0015118
-0.34007
-0.568003
0.131724
-0.018651
-0.0592343
-0.0561572
-0.090212
-0.0661138
-0.0898646
0.413816
0.0721627
-0.200847
0.156085
0.131402
0.0112828
0.00560058
-0.123667
0.22792
0.218002
0.229332
-0.0910802
-0.369716
-0.354028
-0.230128
-0.232577
0.0175498
-0.090382
-0.0657822
0.291529
0.272556
-0.0387304
-0.121151
-0.551033
0.464093
-0.305651
-0.06431
-0.198075
0.148677
0.0158745
-0.0318507
-0.0194904
0.178235
-0.159147
-0.200105
0.115736
-0.35732
-0.0106406
-0.053904
0.0193694
0.282166
-0.364126
-0.00386512
0.118134
-0.305058
0.137018
0.124837
0.06688
0.124488
-0.175134
-0.22661
-0.376965
0.00537869
0.00390609
0.39943
0.451412
-0.0491566
0.284838
-0.0509256
-0.596901
0.224206
0.033706
0.232168
0.148541
0.124061
-0.0632391
-0.0675487
0.178259
0.113208
-0.340547
0.404464
-0.0513736
-0.261615
0.10933
0.348599
-0.316962
0.102337
0.255585
-0.0966877
0.1419
-0.0295566
0.0245068
-0.0290115
0.0972215
0.0845158
0.57208
0.103079
-0.0567305
-0.193997
-0.0985023
-0.000647843
0.133459
0.283379
-0.0724667
-0.033687
0.150715
0.0573982
-0.281224
-0.238041
0.0490931
0.0618693
-0.289363
-0.443276
-0.225376
0.125894
0.120073
-0.0930873
0.0399776
-0.0663081
0.35717
0.298957
0.150946
-0.377698
-0.362354
0.00712
-0.0330286
0.776222
0.0056814
-0.375194
-0.383935
-0.0283501
0.155386
0.583423
-0.517891
0.00988725
-0.117816
0.388731
0.0252859
0.0989139
0.106873
0.342957
0.141411
0.119963
0.399201
0.208092
0.0874956
0.410185
0.0036294
0.223085
-0.156567
0.0689324
-0.187928
0.00413154
0.357482
0.0599031
-0.562911
-0.0828964
0.175162
-0.171163
0.135372
-0.215617
-0.0838953
0.244809
0.173887
-0.0284914
0.0875702
-0.131038
0.245684
-0.0991922
-0.235058
-0.0120061
-0.0920651
-0.315936
0.0148216
