0.150017
0.29215
0.0292655
-0.358623
-0.552754
-0.103451
0.0331932
0.295607
-0.375572
-0.206506
0.0051736
0.216145
-0.0685902
-0.272189
-0.0655345
-0.0367083
0.442272
0.295988
0.229663
-0.250987
-0.0741187
-0.244735
0.0508481
0.162529
-0.144525
0.0403018
-0.06478
0.0980944
0.0480674
0.0498341
0.180715
0.40762
0.159246
0.156807
0.381677
0.274648
-0.133364
-0.16119
0.100551
-0.0969777
-0.300552
-0.00768778
-0.251662
0.0578334
0.139599
-0.0367083
0.308552
0.12738
0.259487
0.0416884
-0.0614111
-0.142508
-0.299237
-0.2077
0.0254546
-0.427117
0.00932453
0.127901
-0.368529
-0.0202795
-0.110617
0.195006
0.214884
-0.00752991
0.569859
0.0830622
-0.0674073
0.132457
0.177937
0.10918
0.143813
0.118056
-0.112067
0.299805
0.107432
0.0724123
0.0308769
-0.107047
-0.0910033
-0.407026
0.0119484
0.523337
0.332209
-0.0396673
0.351226
-0.157513
0.0943512
0.10001
0.402469
0.121263
0.0779845
0.174454
0.0563568
-0.348811
0.122069
0.294179
0.114234
0.0835273
-0.20362
-0.028301
-0.0998478
-0.160618
0.0696699
0.140148
-0.527425
0.00150269
-0.0412534
0.11683
0.11667
0.287589
-0.117342
0.000730485
0.076764
0.0319739
-0.438456
0.142512
0.229179
0.342508
-0.384413
0.229583
-0.00976668
0.039489
0.0451486
-0.145216
-0.143418
-0.0562805
0.0617814
0.0299128
-0.013948
0.276336
-0.37035
0.202695
0.0100196
0.079514
0.0371227
0.276739
0.0123961
0.0692217
-0.21263
0.127934
0.231992
0.163155
-0.0180457
0.283675
0.379396
0.411658
-0.0689314
-0.258907
-0.360891
-0.184583
0.0855359
0.0631527
0.373423
-0.262478
0.0813476
0.4789
0.102481
-0.0755224
-0.0274208
-0.00614261
-0.0516685
-0.359572
0.132791
0.1166
0.110412
-0.0350721
0.0151802
-0.0900741
0.246418
-0.0400115
0.422298
0.0172254
0.391484
-0.385331
-0.235124
-0.296497
-0.292524
0.0273159
0.254712
0.060498
0.0154976
0.314432
0.152636
0.000556428
0.107725
0.0829459
0.0980131
0.0165418
0.0272577
0.255173
0.170875
0.00712196
-0.104678
-0.51018
-0.0755676
-0.0314942
0.283841
0.0200545
-0.0405729
-0.0169892
0.112585
0.142154
0.223224
0.428827
0.638342
-0.319717
-0.437525
-0.0933544
0.088437
0.286626
0.351539
-0.394938
0.157644
0.256807
0.0927249
0.229893
0.0710537
0.0811641
0.142525
-0.154496
-0.0372016
0.0146768
0.112274
0.111121
0.522812
0.379457
-0.202811
0.264733
-0.0890594
0.191753
-0.174217
0.825821
0.70384
-0.0151979
-0.564336
-0.190279
-0.116562
-0.157654
-0.0194199
-0.454938
-0.00693761
0.200233
-0.121238
0.309989
-0.169065
0.107757
0.106988
-0.060233
-0.130724
-0.0885976
0.104391
-0.22256
-0.162593
0.484471
-0.00284533
-0.130259
0.300258
0.0218772
0.159373
0.156865
0.164776
0.373206
-0.477353
-0.393125
0.132104
0.245923
0.0466523
0.0333053
0.00904138
-0.215991
0.10408
-0.0354274
-0.0587169
0.256503
0.126877
-0.0309537
-0.0582041
0.39974
0.0765898
0.119495
0.0429463
-0.0718186
0.0768105
0.039577
-0.0486266
-0.0388683
-0.0624721
-0.184008
-0.415424
-0.25866
-0.0492373
-0.537209
-0.099186
-0.114717
-0.447544
-0.168335
-0.564257
-0.350082
-0.354824
-0.30442
-0.0681896
0.228828
-0.201714
-0.061202
0.18278
0.0490123
0.150916
0.025096
-0.134945
-0.0722201
-0.00808966
-0.142759
0.100182
-0.109815
-0.0433166
0.0643229
-0.0195374
-0.129705
-0.109247
0.614822
0.447853
0.116421
0.0483122
-0.321055
0.0273041
0.356921
-0.225735
0.0470814
0.0782445
0.0105433
0.0759112
0.00915012
0.040215
0.452647
0.0365912
-0.224428
0.00107366
0.161125
-0.0100011
-0.371153
0.342851
-0.0457673
-0.312218
-0.181018
0.107717
-0.116447
-0.0482137
-0.398085
-0.195312
0.522799
0.118208
0.307858
-0.140414
0.259778
-0.124332
-0.0261074
0.50613
-0.0976484
0.32407
0.288006
-0.0491693
0.359432
-0.308201
-0.516478
-0.241443
0.283306
-0.0670325
-0.098385
0.0433683
0.105521
0.0453731
-0.00104456
-0.121111
0.372497
0.0172291
0.158699
-0.132061
-0.0178284
0.203329
-0.343206
-0.253615
-0.132446
0.127429
0.109835
0.12093
0.0596454
0.162288
0.0334722
0.00801144
-0.0315707
0.175302
-0.0391144
-0.0764751
-0.419649
-0.150435
-0.00343121
-0.0204484
0.105736
-0.100535
-0.0920092
0.204202
0.0549765
0.400374
-0.0232455
-0.341163
-0.223267
-0.325579
-0.0865741
0.0522462
0.247357
0.101654
0.0129067
0.419163
0.310146
0.154033
0.633831
0.104116
0.0877145
0.203241
0.364457
0.613911
-0.0947453
0.0721958
-0.188215
-0.295981
0.0114664
-0.178794
-0.128776
0.0197457
0.268483
-0.067273
-0.126544
-0.259622
-0.181331
-0.288137
0.168646
0.312187
0.042312
0.0649166
-0.342151
-0.0597713
0.0261323
-0.089543
-0.0483186
0.197496
-0.285527
-0.0683285
0.365267
0.300816
0.010196
-0.0895694
-0.123909
-0.203977
0.0296634
0.083371
-0.402997
0.190645
0.049176
-0.129332
-0.138143
0.101772
0.0509074
0.384386
0.357165
0.533908
0.192359
-0.323971
0.0383237
0.129182
-0.0180573
0.0548018
0.085048
0.0404556
-0.0441642
0.0294106
-0.000362787
-0.133858
0.411162
-0.0791695
0.0780136
0.043826
0.0964859
-0.0794744
0.0374952
-0.0722616
0.259573
0.248642
0.020757
0.128774
0.354923
-0.206027
-0.303287
0.198578
-0.0214443
0.179817
0.235695
-0.201967
0.116958
0.0391752
-0.115224
-0.0136447
-0.0268396
0.0498782
-0.139205
-0.202144
0.289555
-0.430645
0.149405
0.344591
0.453699
0.467687
-0.33053
0.0471839
-0.621222
0.0835974
-0.0758513
-0.0758641
-0.210194
-0.0220821
0.121795
0.417566
-0.0866562
-0.125203
0.0705385
-0.321727
0.174316
0.0494746
0.073963
-0.058393
0.0269553
0.0570783
-0.0146792
-0.323805
0.0242152
-0.231874
-0.234179
0.302591
-0.284696
-0.0683976
0.00311731
-0.0589236
0.498707
0.311135
-0.230842
0.0351703
0.231165
-0.0970158
-0.054861
0.109005
-0.137001
-0.131692
0.533452
0.299914
-0.000278183
0.0356661
0.351801
-0.0529428
-0.579344
-0.133525
0.205092
0.114714
-0.0255025
0.0388229
0.0353822
0.110419
0.034295
-0.142889
-0.0394467
-0.114461
0.110864
0.0582987
-0.336258
-0.496675
0.216602
0.0833727
0.19156
0.0675468
0.0175552
-0.140126
-0.117587
-0.0539445
0.0173287
0.106772
0.13771
0.00563187
0.0354967
-0.0570193
-0.600822
0.344678
-0.0774078
-0.425748
-0.163714
-0.15638
-0.0299768
0.0260355
-0.184198
0.204483
-0.0155371
-0.112832
-0.0807401
-0.1216
-0.0608612
0.0298384
0.518471
-0.276541
0.073805
0.127082
0.0544063
0.0405262
0.361739
-0.0133611
0.121829
0.132663
0.469349
0.260289
-0.247087
0.0781508
0.0529113
0.0911346
-0.275235
-0.293816
0.183537
-0.145213
0.188949
-0.233134
0.054089
-0.117712
0.0235201
-0.301872
0.163911
-0.858957
-0.418652
0.0841308
-0.0621104
-0.236392
-0.370508
-0.0972973
-0.348973
0.0951114
0.289558
-0.0198358
0.235052
-0.0351831
0.112389
-0.129856
0.0515652
0.222277
0.0365395
0.0135989
-0.243706
-0.112047
0.0020978
-0.0656103
-0.0468939
0.225282
-0.132631
-0.281116
-0.283159
0.160349
0.442252
0.171973
0.13903
-0.0360932
0.0750267
-0.0946489
0.310144
0.571747
0.272437
-0.0663886
-0.210976
-0.352285
0.21056
0.154547
-0.104237
-0.259204
-1.01375
-0.292403
-0.104092
0.113253
-0.0676753
0.0600692
-0.0821405
0.110637
-0.260869
0.327767
-0.17489
-0.63942
0.19086
0.0209306
0.143671
-0.0891233
-0.256042
0.0323784
0.178188
-0.0341684
0.0769373
0.208433
-0.34521
-0.259729
-0.193908
0.175061
0.31395
0.028668
0.248645
-0.322961
-0.440851
-0.182487
0.128383
-0.109289
-0.201635
0.13554
-0.224105
0.202796
-0.00474673
0.171958
-0.156269
0.448699
-0.330551
-0.147072
0.0496564
0.0915158
0.236821
0.224825
0.0765354
0.088187
-0.0187003
0.067839
0.207261
-0.0258992
-0.0755176
-0.0146937
0.232134
-0.0405205
0.0138558
0.0150793
-0.0100827
-0.0796508
-0.161048
0.251815
0.178718
-0.201496
-0.109602
-0.140039
-0.170728
0.250474
0.105392
0.210925
0.115255
0.307863
0.279402
0.947296
0.169239
-0.122
-0.080085
-0.00415263
0.17548
-0.0892022
0.088581
-0.47709
0.0423737
-0.195811
-0.0461053
0.191119
0.168479
0.155232
0.116627
-0.304514
0.237173
0.154957
-0.0171545
0.420463
0.42277
-0.104437
0.333627
0.0286942
0.0033648
-0.0824828
0.167748
0.183514
0.0754206
-0.0336645
-0.0038482
-0.20453
-0.0796013
0.201743
0.0584772
-0.173351
-0.483447
-0.254963
-0.037457
0.0808055
0.367645
0.340998
0.185644
-0.00836315
-0.121255
0.25899
0.277301
-0.0438292
-0.057172
0.0648054
-0.0865316
-0.224946
-0.0498588
0.0390745
0.335222
0.100814
0.173139
-0.0281082
-0.168956
0.0717276
-0.212189
-0.236034
0.192947
0.25796
-0.103033
-0.227651
-0.0454816
0.104661
0.167678
-0.0842082
-0.161591
-0.0673452
0.358412
0.131759
0.12623
-0.00227631
-0.0134277
0.0288387
0.246539
-0.0346458
-0.0202318
0.345512
0.102787
0.0765513
0.0669008
0.0454192
0.629533
0.099816
0.144303
-0.118513
0.256873
-0.419541
-0.119783
0.223062
-0.124118
-0.104076
-0.000455011
-0.0877544
-0.153643
-0.455277
-0.096814
0.0946998
0.09878
0.0119721
0.0805537
0.0291774
0.138266
0.104854
-0.276559
0.0373326
-0.220868
0.00865941
0.0249784
0.0368794
0.165607
-0.0642936
0.00394336
0.298196
-0.0672077
-0.146684
-0.108032
-0.0185762
-0.132801
-0.305818
-0.0900196
0.122866
0.241975
-0.402569
-0.29803
0.214882
-0.06246
0.0654026
-0.039696
-0.332954
0.185838
-0.144859
-0.453989
0.0423994
0.188611
-0.0788004
-0.132782
-0.0638525
0.163052
0.115499
0.339932
-0.160746
-0.0506761
0.222617
0.0587405
0.0941821
-0.396206
-0.186194
0.0326083
-0.0175661
-0.194051
-0.115382
-0.26857
0.146488
-0.19405
0.126219
0.0052587
-0.279453
-0.22704
0.176641
0.264262
-0.0134853
-0.0561252
0.367431
0.135729
0.474348
0.502001
0.00666665
0.1827
0.245397
0.225354
-0.00135216
0.0355243
0.423882
0.107297
-0.0436292
0.66168
-0.189338
0.0394355
-0.284245
0.189391
0.123473
-0.231089
0.0909467
-0.238939
0.0657158
0.0808309
-0.355046
-0.308735
-0.156483
0.0838063
0.00724161
0.152776
0.165857
0.0416129
0.112721
0.148535
0.155742
-0.00323775
-0.0619195
0.0471637
0.0417085
0.0118207
-0.064928
0.0133878
0.0776721
0.458108
-0.408882
-0.208517
0.144832
-0.240074
-0.114838
-0.315209
-0.0645696
0.131661
-0.118565
-0.411442
-0.202879
-0.494526
-0.0749197
-0.0372452
0.111923
0.110942
-0.0107069
0.478531
0.146344
0.0685285
0.227925
-0.0721956
-0.056092
0.542255
-0.185858
0.145041
0.160962
0.14606
0.327556
-0.0160975
0.256301
-0.197843
-0.141192
0.0677575
-0.310576
-0.107682
-0.26233
0.0310461
0.148188
0.0438376
0.212515
0.106339
-0.0601655
-0.0419725
0.0514188
-0.0609442
0.0605127
0.473167
0.172201
0.303226
-0.138692
0.371695
0.761894
0.807338
0.422472
-0.126415
0.195926
0.181062
0.0904347
-0.23368
-0.0934851
-0.393269
0.135608
0.0976376
-0.152405
0.171502
-0.19719
0.255252
0.186512
-0.159703
0.0909056
0.329056
0.051265
-0.0526881
-0.248626
-0.00669959
-0.128218
0.0576225
-0.0838391
0.0669578
-0.0499668
0.152101
0.19701
-0.106968
0.199836
0.245548
0.077606
-0.0171236
0.0488832
0.0360447
0.0175515
0.352316
0.286458
-0.0915324
-0.130245
0.562771
0.0831748
0.510037
0.067788
0.0646578
-0.0359973
-0.152216
0.107535
0.191656
-0.177594
0.279569
0.439348
0.237913
-0.069214
-0.187485
-0.0219736
0.0356575
-0.359671
-0.286986
0.0410459
-0.4267
-0.133031
-0.0982179
0.243642
-0.444364
0.020887
-0.0659005
-0.0514202
-0.50206
-0.243283
0.0170584
-0.0230381
-0.010756
-0.0122483
-0.267629
0.241342
0.0342235
0.178717
-0.0860547
-0.00981939
-0.0449493
-0.0609962
-0.25804
0.0612902
-0.0475528
-0.013788
0.0407428
-0.177604
0.253787
0.222571
0.190346
0.0864061
-0.113815
0.0460364
0.260553
-0.0528276
-0.00443854
0.531602
-0.164117
0.00677785
-0.0242309
-0.300112
0.23512
0.01232
-0.183136
-0.766851
0.0847588
0.0488797
-0.242897
-0.16979
-0.191391
-0.282025
0.202215
0.0815353
-0.0329494
-0.166296
0.260488
0.104613
-0.144806
0.197943
0.132489
-0.14567
0.0718699
-0.424135
-0.029955
0.121644
-0.160465
-0.131623
0.000950279
-0.322798
-0.320797
0.0635559
0.383389
0.398388
-0.133064
0.705404
-0.253782
-0.0224128
0.0429129
-0.0550038
-0.449508
-0.219775
0.629585
-0.176479
-0.212194
-0.0863182
-0.157224
-0.0529005
-0.0687427
0.238528
-0.0808886
0.125615
-0.00799575
0.0310016
-0.0360811
-0.453454
-0.182441
0.00605617
0.118779
-0.0243719
-0.0330056
-0.00257205
0.24327
0.0543259
-0.065237
-0.0089968
-0.0543444
0.0491873
-0.0735635
0.0172662
0.268958
-0.0835279
0.012788
0.0151846
0.0124194
0.0228516
0.248403
-0.157989
0.0224545
0.246374
-0.0813636
0.154742
0.2116
0.120657
-0.0277138
-0.136883
-0.0243126
0.27258
-0.0428336
0.193073
0.263406
-0.0834107
-0.0451584
-0.55372
0.343192
0.185172
0.322144
0.0777892
-0.058406
0.331863
-0.112111
-0.742421
-0.285836
-0.88572
-0.0456495
0.145648
-0.34229
0.0233403
0.17932
-0.329402
0.0997534
0.363222
0.274861
0.155003
0.00293613
-0.143665
0.00368446
0.0905197
-0.0443453
0.0705435
-0.27502
-0.41727
-0.0209677
0.081178
-0.196184
0.0129083
-0.051645
-0.166321
-0.139143
-0.0470211
-0.275589
-0.0790114
0.178227
0.0452993
0.0238698
0.117239
-0.354346
-0.0336249
0.214283
-0.0298575
-0.103544
0.599965
0.285455
0.513953
0.394576
-0.0757054
-0.442694
0.314806
0.858502
0.16546
0.42303
-0.279195
-0.233248
-0.126352
0.12474
0.510511
0.274678
0.240669
0.283186
0.186589
0.0399157
-0.160774
-0.020205
0.492323
0.0335388
0.128064
0.1471
0.0339332
-0.134048
-0.135943
0.0705933
0.435636
0.0940087
0.155234
-0.212866
0.0228064
-0.0767615
-0.0673881
0.0420341
0.0533058
0.143564
0.24536
-0.126239
-0.107784
-0.177129
0.0518182
-0.101325
0.207458
0.0236495
0.113297
0.0617989
0.282468
-0.399675
-0.0418058
-0.058498
0.29369
-0.25601
0.252086
0.1467
-0.278257
-0.142114
-0.209453
0.251293
0.00358338
0.0374313
0.414595
0.052134
0.482309
0.0392683
0.24958
0.0603866
0.0021376
0.0604292
0.0135681
0.318276
-0.140027
-0.010449
0.009704
0.377115
0.152855
0.0389543
0.123025
-0.0230038
-0.133296
-0.127067
-0.421448
0.024181
-0.406264
-0.122211
-0.0315334
0.192619
-0.106501
0.0262097
-0.280505
0.0357914
0.00430226
0.0242663
-0.0237525
0.225544
0.0951536
1.01386
0.148692
-0.0598761
0.166396
-0.211956
0.0244886
0.142987
-0.189024
0.122621
-0.0622161
-0.24739
-0.141526
0.178853
-0.0888663
-0.157012
-0.0528791
-0.018269
-0.163799
-0.237289
0.316042
-0.284478
-0.00287629
-0.208738
0.00555623
0.0366261
0.172829
0.104884
0.642551
0.513154
0.217224
-0.095318
0.0269249
-0.228466
-0.0790922
-0.112009
-0.165586
-0.107232
-0.467592
-0.072852
0.135333
-0.388372
-0.382252
0.341637
-0.0355784
-0.0479225
-0.185902
-0.0196503
-0.22778
-0.942238
-0.113407
-0.06065
-0.0368601
0.100088
-0.219032
-0.0810621
-0.046449
0.236378
-0.691526
-0.167097
-0.105721
-0.212537
-0.115952
-0.216673
0.497449
0.496031
-0.0501851
0.0290132
0.0160263
0.188496
0.0909044
-0.363377
0.114314
0.0652168
0.0293241
-0.248958
-0.190558
-0.0690305
0.0139041
0.120146
-0.134964
0.309826
-0.186888
-0.0684413
0.0273994
-0.0509549
-0.432136
-0.0571319
0.0600337
-0.123993
-0.269225
0.104271
0.247127
1.07937
0.309289
0.152621
-0.0618678
0.0413282
0.0525694
-0.212144
-0.171865
0.0165076
0.0397762
-0.449348
0.370745
0.256336
0.167607
0.735644
0.0118708
-0.0762279
0.13938
-0.192715
-0.144506
0.0406194
0.497509
-0.0436187
0.261996
-0.112754
-0.0953904
-0.210403
0.00185327
-0.130917
0.406449
-0.102083
0.128658
-0.226881
0.0464532
0.193084
0.293298
-0.306092
-0.261975
0.040212
-0.038268
-0.369536
0.128872
-0.448211
0.286132
0.549821
0.190503
0.0539283
0.22219
-0.0209203
0.0563494
0.331267
-0.400469
0.167345
0.230131
0.141705
0.211895
-0.012598
-0.132997
-0.19377
-0.108443
0.0727954
0.0915452
0.590898
0.0305791
0.0627324
0.042694
-0.279405
-0.0878347
-0.123518
0.0470814
0.0856904
0.203292
-0.0493798
0.523218
0.038235
-0.129919
0.0447765
0.527212
0.352887
0.113935
-0.248749
-0.0213706
-0.00831778
-0.04841
-0.791828
0.501525
0.39412
-0.0181362
0.036378
-0.478961
0.0427991
-0.158531
-0.172321
-0.0261462
-0.095745
0.0252281
0.116113
-0.0144101
-0.389252
-0.135822
0.2786
-0.200745
-0.277104
0.189038
-0.0716458
0.0881743
0.0769759
-0.0564199
-0.00621111
0.370821
-0.0761356
0.106689
-0.329272
-0.172432
-0.170546
0.0339409
0.234913
-0.28221
0.14234
-0.153777
-0.153817
-0.575547
-0.40125
0.096937
0.0452466
0.211885
0.466607
0.213056
0.153151
0.157405
0.0536582
-0.0962091
0.215891
0.00771464
-0.244501
0.125893
0.337336
0.232457
0.0655381
-0.122057
-0.132257
0.00579877
-0.104385
-0.152847
0.25597
-0.00138013
-0.508656
-0.397236
-0.272013
-0.125187
-0.369121
0.257857
-0.0125367
-0.0584446
-0.127872
0.209233
0.136179
0.216289
0.0302524
-0.275676
-0.0298327
-0.117889
-0.483209
-0.251307
-0.194982
-0.500664
-0.00636158
0.0556669
0.0145141
-0.0532798
-0.163178
0.407468
0.110255
0.378484
0.109152
-0.243393
-0.089173
-0.122166
-0.478346
0.00398776
0.0637947
-0.0416253
-0.57317
-0.075459
0.172602
-0.129152
0.474364
0.151932
0.167736
0.0842637
-0.125651
0.103974
0.0658272
-0.630399
0.414403
-0.0652952
0.102035
0.0583061
0.100834
0.0701535
-0.191235
0.15706
0.369287
-0.0468108
-0.213718
-0.145055
-0.108146
-0.00231034
0.463601
0.0821856
-0.00226234
0.0503242
0.270211
-0.097225
-0.223302
0.214878
0.523623
0.317592
0.298036
0.129723
0.102476
-0.176422
-0.335295
0.0831364
0.23279
0.249124
0.0272542
-0.0651948
0.038859
-0.153344
0.0707807
0.170701
0.186938
0.0106469
0.121118
0.0419063
0.225225
-0.135892
-0.177681
0.106388
-0.023856
-0.112819
0.235468
0.0661703
0.175122
0.00573414
0.118104
-0.000208036
0.0874623
-0.0667559
-0.0161357
0.0965656
0.146149
-0.122071
-0.126294
0.323843
-0.0863821
-0.333523
-0.057193
-0.0159907
0.113653
-0.144428
0.00414059
-0.412167
0.418841
-0.108737
0.199433
-0.218092
-0.175798
-0.0311732
-0.187011
0.141243
-0.471805
-0.0854827
0.186863
0.027646
-0.0715926
-0.00381986
0.167555
-0.0206932
0.173316
0.503636
0.186059
0.184739
0.440253
-0.045058
-0.577697
-1.00385
0.453563
0.166561
0.59331
0.346108
0.223446
0.079984
-0.323558
0.0136945
0.0294421
0.266831
-0.0892808
0.271609
-0.0387707
-0.0822683
-0.231986
-0.0580427
-0.047514
0.170243
0.0461729
0.107654
-0.0801684
-0.0987398
-0.0516711
-0.106376
-0.237089
-0.128688
-0.0207976
0.115479
-0.531213
-0.183624
-0.466931
-0.149935
-0.142757
-0.132542
-0.149187
0.428401
0.272984
0.0820553
0.171662
0.408782
-0.138962
-0.136801
0.234345
0.00051447
-0.196028
-0.803276
-0.0728397
-0.0328431
-0.0963759
-0.115512
-0.259809
-0.00779834
0.034529
0.178309
0.261552
0.2063
0.142723
0.148281
0.0942131
-0.134648
0.0969031
0.163283
0.0331745
0.028719
0.256488
-0.643326
0.17272
0.0742097
0.0435057
0.107833
-0.0850939
-0.00597609
-0.348173
-0.223232
0.177819
-0.28571
-0.0804465
-0.303112
-0.369296
-0.17797
0.195978
0.431068
-0.314004
0.0715307
0.0634713
-0.217401
-0.0305419
-0.110773
0.161975
-0.649384
0.087919
-0.0643237
-0.106027
-0.182674
0.0385714
-0.338527
0.5519
-0.10528
0.0512155
-0.360539
-0.377488
-0.209325
-0.25733
-0.205139
0.0141532
-0.270414
0.21279
0.175924
-0.0754559
-0.206516
0.119905
-0.287907
0.202821
-0.0301229
-0.036379
-0.086059
-0.42121
0.0999631
0.0202074
-0.0650215
0.086729
0.00304175
0.0633999
0.0539524
-0.33017
-0.0628326
-0.712662
-0.0963191
-0.0399758
0.250801
0.397488
0.184561
0.0312414
0.0243394
-0.0312794
0.0967171
-0.0534876
-0.315931
0.252107
-0.172628
0.0830036
-0.074193
0.135068
0.10989
0.378201
0.183486
-0.300728
0.0929508
0.106366
-0.0439531
0.0369913
0.0567098
0.132731
0.0506311
0.101802
-0.209313
-0.366718
0.245872
0.12061
0.205431
0.137862
0.0682227
-0.247248
0.496175
0.0610961
-0.209115
-0.207527
-0.150021
0.0217904
0.0213969
-0.299439
-0.51212
-0.193388
-0.23968
-0.357722
-0.00143832
-0.422063
0.0110025
-0.054969
-0.242101
-0.160592
0.284747
0.282079
0.182112
-0.00135898
0.255133
-0.0269951
0.230468
-0.268318
0.25645
0.077139
-0.0173125
0.00225172
-0.0561098
0.155148
-0.15529
-0.0897746
-0.16874
-0.226789
0.0658856
-0.151857
-0.37666
-0.19948
-0.0699858
-0.0363257
0.0626111
0.375296
0.113994
0.209127
-0.065425
-0.0675628
-0.322538
0.0191498
0.0316412
-0.288253
-0.0269113
0.0396665
-0.553873
0.11844
-0.184823
-0.0110806
0.0833725
-0.0567384
0.432057
-0.0458635
-0.238531
-0.205915
-0.198104
-0.363344
-0.199192
0.0618509
0.112387
-0.145491
0.413636
0.328218
-0.165013
-0.0135238
-0.129312
-0.00871737
-0.140649
0.115092
-0.00915657
-0.0769167
-0.0643092
0.0439616
-0.247933
0.180761
0.487894
-0.272641
-0.206375
0.296672
-0.178901
0.238043
0.0776804
0.068215
0.0634626
-0.26169
-0.693337
-0.13165
0.166259
0.142938
-0.316627
-0.505202
-0.296776
0.165167
0.126431
0.0313894
-0.0902038
-0.147593
-0.0588122
0.0845662
0.546612
0.169465
-0.0159363
0.0737858
-0.224891
-0.0247911
-0.138464
-0.0648779
0.0294094
0.330704
-0.0133368
0.157354
-0.0291494
0.059341
0.153038
0.184667
0.568936
-0.0208046
-0.105695
-0.15323
-0.215013
0.0818929
0.184959
-0.0773567
0.30634
0.129032
0.417677
0.115352
0.23472
0.296767
0.227428
0.21762
-0.180264
-0.000513014
0.131142
0.0338645
-0.095759
-0.177273
-0.148301
-0.0421838
-0.330262
-0.007711
-0.00880949
0.39187
0.143405
0.209825
0.117134
0.0521226
-0.251195
0.0496356
0.144775
0.201203
-0.302218
0.345094
-0.116368
0.110704
0.0732515
-0.051346
0.115474
-0.366249
-0.305249
0.0357193
-0.157593
0.667063
0.0586955
-0.0525901
0.144893
-0.00154955
-0.031898
-0.38665
-0.191811
0.209459
-0.0657436
0.225099
0.211907
0.178912
-0.0303254
0.184241
-0.0572121
0.0430119
-0.0958396
-0.0147948
0.035323
-0.0820301
0.263577
0.539067
0.0561916
-0.173226
0.452209
0.337534
0.237148
0.0239947
0.010206
0.166094
-0.249303
-0.028016
0.0844718
-0.240551
-0.0769503
0.248404
0.0478327
0.13515
-0.417118
0.210908
-0.163643
-0.0407756
-0.132939
-0.0648369
0.125499
-0.136736
0.292756
0.150189
-0.184277
0.103499
0.0580792
0.249083
-0.289632
0.0525001
0.531738
0.378788
0.258787
0.0751749
0.182223
-0.134606
0.304248
0.411795
0.0586588
0.119671
0.0775822
-0.262482
0.0561981
0.146015
0.0839485
-0.125511
0.59254
0.057237
-0.0655895
0.290585
-0.0192088
0.0757149
0.328585
0.194589
0.206413
-0.181991
0.0566495
0.0514765
-0.843877
-0.160263
-0.107603
-0.404131
-0.101188
-0.0135967
-0.254384
-0.0856066
-0.137023
0.14746
0.0494089
0.148823
-0.0514581
-0.241442
0.395069
0.382074
-0.0279476
-0.0834869
0.100811
0.148401
0.027438
-0.0281865
-0.359203
-0.066673
-0.114625
0.0124868
0.424731
-0.156221
0.299401
0.02023
-0.449478
-0.0582303
0.0174263
-0.192621
-0.156918
0.0270245
-0.339962
-0.121713
0.0320139
-0.0036751
0.0242466
-0.351408
-0.40502
-0.0435736
0.169002
0.0246614
0.0767601
-0.0770707
-0.110764
0.273122
-0.0593769
-0.275909
-0.183154
-0.0498065
-0.11512
-0.24683
-0.0795442
-0.299252
-0.156084
-0.112939
0.0464335
0.0400322
0.000731281
-0.13659
-0.0586772
0.486397
0.294976
0.0686206
0.161189
0.0593482
0.0488017
-0.159849
-0.22218
-0.00568908
-0.0823663
-0.262337
0.0121733
0.264577
0.0482498
0.0354437
-0.0706865
-0.0544297
-0.0770675
-0.374242
-0.0106713
-0.0660699
-0.190775
0.0964752
0.24471
-0.0110327
-0.0563721
0.00701482
0.0623884
0.154107
-0.0147876
-0.122522
-0.159996
0.159242
0.141395
0.0827642
0.317238
0.10475
0.283811
-0.350076
-0.0221541
-0.495924
-0.835711
-0.382052
-0.0204325
-0.0567789
-0.360259
0.0117386
-0.141808
0.172778
0.274861
-0.39239
0.212959
-0.0990046
-0.124924
-0.0687636
-0.0397714
-0.147594
-0.0180192
-0.0808584
0.0791877
-0.195142
-0.122038
0.051248
0.00592084
0.107375
0.104975
0.0800172
0.0347573
0.274463
0.144043
-0.0327234
0.0898379
-0.0764966
-0.00812009
0.187274
-0.153899
-0.322
0.444202
-0.123671
0.0555902
0.305915
-0.024298
0.213294
0.0284603
0.0872049
0.204688
-0.0460413
-0.479199
0.0493739
0.0715826
0.164254
0.209165
0.243839
-0.279732
-0.0838263
-0.0635032
-0.246585
0.156404
0.0593126
-0.157718
-0.554873
-0.0187668
-0.215526
-0.130236
0.121299
0.0101844
-0.275348
0.18151
-0.139844
-0.110304
-0.0840923
0.469732
-0.113079
-0.03537
0.0474115
-0.264607
-0.0116045
-0.0825737
-0.170341
-0.0571289
-0.112276
0.136271
0.0745957
0.373244
-0.0557819
0.076319
-0.25201
-0.307929
0.0839215
0.131504
0.112437
-0.216474
-0.0652234
0.117546
-0.126154
-0.152383
0.362271
-0.0128653
0.238498
0.136208
-0.0531724
-0.170182
0.56815
0.296518
-0.241718
-0.179397
-0.101085
-0.0274679
0.0208762
0.146828
-0.0401801
-0.14705
0.161998
0.272783
0.0618694
0.0459677
-0.310819
0.00494687
0.658525
0.0164806
0.129919
0.3387
-0.368144
0.292828
0.0184981
-0.457724
0.15732
0.0343424
0.0432345
0.0167937
0.443099
-0.223521
-0.512001
-0.0871778
0.214917
0.186723
0.0310589
-0.481226
-0.0523571
-0.0539758
-0.257284
-0.013328
0.116652
0.141258
-0.05384
-0.118322
-0.196633
-0.0116976
-0.347786
-0.08628
0.00319475
-0.057161
-0.0249868
-0.0193767
-0.12314
-0.232865
0.448874
0.40437
0.168205
0.0227568
0.156154
0.307844
-0.162078
0.1115
-0.236463
-0.0215038
-0.0185416
-0.116659
-0.0356943
-0.0725592
0.105055
0.00591109
0.126825
-0.101487
0.650587
-0.0478148
0.624642
0.289181
-0.0265118
0.0911239
0.226088
-0.295588
-0.218567
-0.071159
-0.0486267
0.274743
-0.276313
0.159006
-0.121748
0.179499
-0.344408
0.097334
-0.190667
0.0574108
-0.0833994
0.164257
-0.362602
-0.0773465
-0.0677047
-0.124712
-0.243979
0.122185
-0.0835057
-0.129079
0.0519119
-0.0462892
-0.150712
0.306095
0.0873667
-0.119513
-0.21578
0.319787
0.0574096
0.215923
-0.0985849
0.0456077
-0.116452
-0.0226568
-0.237159
-0.0749857
0.292896
0.0320074
-0.267206
-0.646953
-0.366185
-0.24459
0.0816728
0.203624
0.103644
0.155824
0.0509124
0.0880906
-0.142656
-0.0141797
-0.401731
-0.268065
0.00975125
-0.128885
-0.305357
-0.136867
-0.248361
