0.271048
0.218887
-0.137878
0.283132
-0.373632
-0.0992865
-0.00335206
-0.128495
-0.223931
-0.396125
-0.195183
0.12551
-0.217479
-0.207178
-0.0958443
0.308916
0.245022
0.383397
0.789331
0.298567
0.0106623
0.120263
-0.0533828
-0.178026
0.0375584
-0.108122
-0.132027
0.00742236
0.151181
0.140626
0.27312
0.0192134
-0.449457
-0.136522
0.0657466
0.0912375
-0.0599704
0.0860402
-0.0882836
-0.357517
0.675928
-0.0949651
-0.425614
-0.0183753
0.427688
0.235751
1.17118
-0.133555
0.108403
0.113333
0.122782
0.012525
-0.216504
-0.0572298
0.0719917
0.0659072
-0.111201
0.100081
0.113258
0.0985294
0.0461205
0.119815
0.0324998
0.066569
0.272747
0.571233
-0.0163654
0.30676
0.151041
-0.0169698
0.127045
0.10978
-0.288037
-0.086853
-0.197298
0.233968
-0.0626293
-0.272364
-0.299507
0.165691
-0.0222233
0.155404
0.0373914
0.01945
0.147193
-0.785414
-0.330508
-0.0150908
-0.0789826
-0.336949
0.109542
-0.152316
-0.0704771
0.196895
-0.093749
-0.146697
-0.00716718
-0.130219
0.261727
0.0180059
-0.0541365
-0.491303
-0.129977
0.329172
-0.137694
-0.228481
-0.0780897
-0.1692
0.0098435
0.223493
-0.292131
0.167591
-0.159461
0.443197
0.1089
0.031647
0.0347156
0.0697854
0.248091
0.190862
0.183597
-0.035613
0.191071
-0.0118632
0.0309404
-0.0629191
-0.0986169
-0.139831
0.0228542
0.121835
-0.0528485
0.0672881
-0.170386
0.165503
-0.245862
-0.390249
-0.0625792
-0.203369
0.0415387
-0.0340861
0.252566
-0.123765
0.116097
-0.678438
-0.128417
0.106801
0.107496
0.121315
0.122793
0.506053
0.118772
0.276025
-0.0174198
0.381077
-0.0276556
0.243157
0.278455
0.112592
0.0665055
0.0638257
-0.0639957
-0.0428097
-0.19508
0.00512914
0.223731
-0.0390022
-0.175946
0.190994
0.282267
0.0774773
-0.0495141
-0.0359762
0.693945
0.372921
-0.043811
-0.15266
0.209581
-0.121264
-0.101959
-0.394228
0.220792
0.0572078
-0.066206
-0.294944
0.0228727
-0.404445
-0.270831
0.141918
0.293728
0.114922
-0.097967
-0.0449575
-0.530054
-0.267109
-0.232242
-0.234821
-0.0349046
0.0469029
0.294842
-0.166012
0.103546
0.0575866
0.0891779
-0.314345
-0.452231
0.114029
0.392671
-0.1151
-0.0676712
-0.199227
0.0613594
-0.244251
0.114723
0.0713481
0.11973
-0.240845
-0.0698687
0.132136
-0.205363
0.367296
0.389819
-0.0991759
-0.0428962
0.195052
-0.498648
0.00538675
-0.205821
-0.11239
0.426251
0.217558
-0.391595
-0.0708548
0.195391
0.0595615
-0.115654
0.119532
0.0557306
0.160385
-0.193381
-0.00116619
-0.144597
-0.00723474
0.178995
-0.21243
0.0321094
-0.136842
-0.228092
-0.193853
-0.180965
0.206496
0.0584896
-0.347705
-0.179644
-0.383668
0.00323108
-0.137296
0.202658
-0.00633589
-0.00240429
0.207964
0.275174
-0.306779
0.0237503
0.159783
-0.0360721
0.117586
0.210226
-0.121571
-0.0957719
0.579364
0.156693
-0.100069
0.081164
-0.0977306
-0.0444625
0.128048
0.0281158
0.0479718
0.28437
-0.100516
0.0646384
0.330322
-0.122866
0.0243407
-0.315377
-0.225606
-0.0260241
0.0100839
-0.377415
-0.0147559
-0.278176
-0.43166
-0.154477
-0.116258
0.0760926
-0.211061
0.206854
0.12625
-0.260433
-0.168759
0.288775
0.131598
-0.129525
-0.0260435
-0.00208088
0.0351197
0.331977
0.357892
0.127767
0.221799
-0.144058
-0.392214
0.375834
0.255052
0.0762535
-0.0620765
0.229573
0.0344029
-0.169606
0.193958
0.13505
0.0637529
-0.415047
0.318605
0.0504524
-0.404866
-0.0439874
0.0962729
0.053516
0.303186
0.178338
0.167559
0.212947
-0.0597369
-0.0470732
-0.195404
0.183108
0.277656
-0.307001
-0.161907
-0.0469174
0.0706076
0.0351108
-0.0574937
-0.102953
0.0174211
0.311074
0.30192
0.160211
-0.191442
0.00452381
-0.153084
-0.0662858
0.380569
0.215482
-0.302439
0.31831
0.0495558
-0.112693
0.151726
-0.0439453
-0.0543447
-0.299217
0.0969641
0.173814
0.210161
0.0202227
0.0938765
-0.344956
0.134135
0.27346
0.094098
0.38684
0.0318053
-0.178431
0.131783
0.121769
-0.428941
-0.505321
-0.110474
0.212462
-0.226474
-0.137708
0.0460234
-0.0214055
0.0107756
-0.0518532
-0.0740034
-0.041108
-0.0576784
0.136297
-0.0585613
-0.0113282
-0.0954401
-0.0497893
-0.0452578
0.209783
0.0575452
-0.0978064
-0.148098
-0.69276
-0.0572047
0.0731776
0.0436862
-0.0507237
0.0824476
-0.316041
-0.0145875
-0.0173167
-0.22923
0.123681
-0.117963
0.0027038
-0.311897
0.135029
-0.0956328
0.0471412
-0.240175
0.0603231
0.405518
-0.0790458
-0.257356
-0.175798
0.209901
0.221419
0.0140489
0.203596
-0.166184
-0.0198669
0.141209
-0.0980774
-0.156089
-0.00222185
0.289043
0.463398
-0.0197369
-0.188644
-0.048573
-0.277185
-0.35956
-0.0144475
0.0283783
-0.0716584
-0.0504078
-0.0281877
0.0445099
-0.17806
-0.0635011
-0.0458321
-0.109544
0.0462034
-0.0995443
0.078732
-0.229708
0.104177
0.394908
-0.0597724
0.286005
0.306209
0.0976321
-0.0156365
0.0620903
0.555816
0.380999
-0.194481
0.0920747
-0.275951
0.226426
-0.102031
-0.133925
-0.21845
0.15987
0.0316224
-0.14785
0.185967
0.133184
0.416664
1.10142
0.14323
0.0295103
-0.306986
-0.340297
0.133059
0.137204
0.0337722
0.0564594
-0.576569
-0.140103
0.109765
-0.461494
-0.159339
0.0844184
0.301984
-0.0972278
-0.15654
-0.25553
0.258582
0.176169
0.334784
0.0876591
0.0339651
0.26966
-0.0987197
0.285664
-0.157392
-0.369165
0.486275
0.196904
-0.0221514
0.0572968
-0.397428
0.892349
-0.233609
-0.14916
0.0985378
0.057788
-0.102421
-0.154686
-0.0316094
-0.0817329
0.125684
-0.057071
-0.019076
-0.0369521
0.120881
0.011315
0.13248
-0.0498993
0.00580632
0.17195
-0.0191406
0.166258
0.064814
0.0968309
0.0668777
0.0162815
0.573386
-0.0055767
0.356937
0.273883
0.237452
0.348626
0.443008
0.118963
-0.0800378
0.0208987
-0.0103501
-0.185465
0.279643
0.0831775
0.0787395
0.111655
0.330823
-0.351671
-0.174976
-0.113904
0.204667
0.513146
-0.0916356
-0.170931
0.0913833
-0.138559
0.280948
0.0257554
-0.0941989
-0.371978
-0.0456305
-0.0704561
-0.15546
0.268078
-0.236271
-0.298546
-0.118454
-0.220721
0.144661
-0.47853
0.245465
0.271459
-0.147462
-0.0699016
-0.0962599
0.0820746
-0.0823924
0.14102
0.0765098
-0.338913
0.0557292
0.133294
0.271176
0.229103
0.131515
-0.17574
-0.0190764
0.0299801
-0.397356
0.0101399
0.296396
0.635511
0.143448
-0.173669
0.113381
0.243945
0.0586296
-0.053569
-0.149785
0.173226
0.0237839
-0.228398
0.0663252
-0.0413552
0.164706
-0.190432
0.0513544
-0.00919749
0.0614694
-0.188019
0.0397403
0.467514
0.450389
0.182721
-0.368403
-0.236978
-0.128735
-0.13153
-0.420005
0.057584
0.0408403
0.0930568
0.210941
-0.140607
0.0148865
0.388486
0.10974
0.145038
0.237675
0.012463
0.152513
0.0324954
0.212787
0.36722
-0.295789
0.0843407
0.15268
0.0886505
0.145221
0.049765
0.247714
0.172077
0.0705007
0.341596
0.213615
-0.122408
-0.0582805
-0.123422
-0.240083
-0.175419
-0.090354
0.194237
0.102791
-0.256732
-0.00626134
0.12412
-0.0011889
-0.287108
0.199448
0.0496719
0.205157
0.301391
-0.533693
0.0236483
-0.38845
0.183489
-0.00583906
-0.0993232
-0.137886
0.0835331
0.1931
0.0403093
0.188541
0.0296736
-0.0731747
-0.234654
-0.0578094
-0.360343
-0.0411786
0.58
-0.0184934
-0.253644
0.0493459
0.0516845
-0.00783699
-0.202684
0.0207597
0.128076
-0.0335489
-0.169768
0.0338421
0.0687206
-0.0130574
-0.174592
-0.0605779
-0.289228
0.0807702
-0.142354
-0.0633133
-3.02945e-05
0.507144
-0.0479408
0.0116545
0.105418
0.0644958
0.00818018
0.114799
0.313771
0.154071
0.217567
0.0992814
0.371211
0.0912958
0.388203
0.523944
0.261162
0.179709
0.111134
-0.115152
-0.335777
-0.157202
-0.192383
0.15517
0.175614
-0.062146
-0.335215
0.055893
0.0244795
-0.103773
-0.251554
-0.0190231
-0.100855
-0.15462
0.19617
-0.593116
-0.0572371
-0.114683
-0.252148
0.0237984
-0.0395683
0.271897
0.203206
-0.14138
0.0898261
-0.22097
-0.102939
0.210891
0.0631551
-0.0952436
0.0211849
-0.230037
-0.086932
0.0301743
-0.344675
0.078327
0.540642
-0.384693
-0.35126
-0.19866
-0.251925
-0.0423841
0.211439
0.172914
0.209613
-0.0379118
0.398248
-0.0731241
-0.063429
-0.00931314
0.302935
0.0739674
0.0229399
0.188558
0.000726669
0.376058
-0.210391
-0.177255
0.108808
0.169738
0.178398
0.00469226
0.105792
-0.138078
-0.0895667
0.256802
-0.767687
-0.679245
0.57811
0.123261
0.477851
-0.0248698
-0.0463221
-0.23915
0.159222
-0.221408
-0.262114
-0.0299511
0.0239523
-0.12594
0.0418005
0.118032
-0.241468
0.257299
-0.140709
-0.0164269
-0.283409
-0.182384
-0.147506
0.0275304
-0.068985
-0.0510443
0.142369
-0.237288
0.0102587
0.00129032
0.0133359
-0.0999102
0.779504
0.676471
0.0406448
-0.088815
-0.00911793
-0.155772
-0.142624
0.317157
0.0292185
-0.19337
0.0243269
-0.0838775
-0.012474
0.155016
0.149512
-0.0106093
-0.155423
0.162811
-0.701021
-0.497456
-0.0550182
0.47064
0.268565
-0.306601
0.0626694
-0.132614
-0.24385
0.103657
0.389195
0.135576
-0.0064386
0.0853443
0.125682
-0.229698
0.132503
0.252105
0.020583
0.270496
0.159798
0.104521
-0.118837
-0.0178001
0.0569457
0.0372343
-0.0228585
-0.0788942
0.0539522
-0.355491
-0.508721
-0.0457083
0.365227
0.171405
-0.0259935
0.274774
0.0181988
-0.197247
0.216519
0.316965
0.130602
-0.146845
-0.122176
-0.172679
-0.229811
-0.463047
-0.355391
-0.047047
0.0583706
-0.0876706
0.0389292
-0.0234528
0.0426874
0.0819607
0.0971723
0.216166
0.314564
-0.312966
-0.0992582
0.0614731
-0.377857
-0.00340764
-0.375604
-0.115321
-0.180817
-0.0244296
-0.0848458
0.118641
0.0609461
0.113815
0.232959
-0.0287148
0.253135
0.119048
0.0857856
-0.151132
-0.0980122
0.192423
0.206334
0.0734448
-0.0180323
-0.312956
0.183919
-0.0693171
-0.235612
0.105047
0.192259
0.175733
0.0326445
-0.182853
0.0767005
0.26623
0.0243362
-0.0185509
-0.103167
-0.339486
-0.809847
0.216305
0.0806153
0.186234
0.0807348
0.166794
0.174764
0.208584
-0.175322
-0.280055
0.00709177
-0.18623
0.332413
-0.0828118
-0.0493586
0.165208
0.13234
-0.0575049
0.22616
-0.108938
0.133098
0.0864279
0.0170069
0.355597
-0.236928
0.168407
-0.0487324
-0.413327
-0.278487
-0.173617
0.163382
-0.398634
0.130601
0.386451
0.286609
-0.119728
0.535037
-0.0284375
0.0401634
-0.178206
-0.164126
-0.0196634
-0.174099
0.268331
0.0125638
-0.535653
0.196178
0.236771
-0.257295
0.118967
0.179605
-0.100989
0.204148
-0.0836414
-0.277674
0.301685
-0.211554
0.0962031
-0.0459069
0.344314
-0.0830734
0.25349
0.00938986
-0.109102
0.0188724
0.416373
0.499329
0.149595
0.22833
-0.0807182
-0.0709448
0.099621
0.215611
0.288865
0.165487
0.192262
0.100098
0.311633
0.319074
0.555738
0.0300613
-0.317039
-0.148268
0.310671
0.0145631
0.0777954
-0.527744
-0.303001
0.0112577
-0.0687787
-0.327783
-0.244045
-0.256275
0.463994
-0.0133885
0.170108
0.448729
-0.0293016
-0.143589
-0.383785
-0.050376
-0.572756
0.212318
-0.154361
0.155796
0.114199
-0.297371
0.0194153
0.0363549
0.0431089
-0.0361914
-0.00931762
-0.16993
0.116531
0.171679
-0.253631
-0.466742
-0.244988
-0.0460746
0.116323
0.0205227
0.230153
0.158542
-0.109626
-0.343475
-0.0115716
-0.126
-0.133315
0.118809
-0.0423277
-0.299127
0.00619879
-0.31923
0.0914415
-0.110282
0.202684
0.0858507
-0.0947668
0.00738584
-0.0274232
0.289239
0.194993
0.0663718
-0.123492
0.676285
-0.0890064
-0.46995
0.112845
-0.273647
0.241293
-0.061909
-0.0202374
-0.121647
0.055553
-0.28383
0.198895
-0.394106
-0.0948529
-0.328804
-0.426353
0.021829
-0.231868
0.0587865
-0.0301837
0.160682
0.272786
0.440182
0.183382
0.0671337
-0.156333
-0.135134
0.0475738
0.196687
-0.417259
-0.056464
-0.313602
0.0114208
0.156773
-0.695472
0.0962315
-0.0802987
0.565097
-0.172051
-0.044053
0.134221
-0.0158991
0.0377494
0.0794405
0.180068
-0.0491043
0.648491
-0.0567125
-0.00320887
0.145235
-0.0380788
0.355489
-0.18833
0.0423209
0.43193
-0.0395356
0.0384894
0.0649468
-0.0471322
-0.0681035
-0.0165067
-0.00640288
0.103642
0.110753
0.466137
-0.437699
-0.405475
-0.0410408
-0.157168
0.21366
0.365697
0.620018
0.124963
-0.0559218
0.188007
-0.123855
-0.0656883
-0.294589
0.0806496
0.0345325
0.016276
0.270402
0.130601
0.219872
0.208915
-0.434571
-0.196906
0.493918
0.17727
-0.0767443
-0.441041
0.102847
-0.272457
0.00310217
-0.00353559
0.00066532
0.15546
0.211955
0.121769
-0.161284
0.0488855
-0.0640221
0.02404
-0.0693539
0.199137
-0.0135412
0.288454
-0.133744
0.0741122
-0.00744218
-0.0180609
0.0846612
0.300247
-0.00894831
-0.0617308
-0.108459
0.0595667
-0.213213
-0.280316
0.0876723
-0.069635
-0.335756
-0.151978
-0.137618
-0.127065
-0.166764
-0.138186
0.0109479
-0.0986533
0.15085
0.448927
-0.0067213
0.189442
-0.145309
-0.0296735
0.148565
-0.186795
-0.282088
-0.0117097
-0.233232
-0.388272
-0.32095
-0.0227904
0.119751
-0.194033
0.0579439
0.133572
0.117585
0.0681454
0.0849949
0.203822
0.0933831
-0.0972395
-0.12856
-0.307001
-0.0843546
0.0917995
0.150468
-0.0615724
-0.221693
0.0142926
-0.069232
-0.00515039
0.184711
0.106141
-0.429512
0.015578
0.16523
-0.0632384
-0.0499487
-0.0447038
0.329948
0.384795
0.0838024
-0.103102
0.064206
0.273172
0.0899856
0.164815
-0.0376199
0.0649874
0.0788872
0.682009
0.20008
-0.00870031
-0.047111
-0.0295923
-0.202643
0.152632
0.159316
-0.0816482
0.0368375
-0.0576467
-0.25273
0.00611529
-0.0591162
-0.0942412
0.342201
0.0220979
-0.323096
0.0258657
-0.00154397
0.00746402
0.0766333
0.20214
-0.129515
-0.233799
-0.235499
-0.126642
0.210749
0.159775
-0.0484645
0.155161
0.0910257
-0.254803
-0.0884083
0.262665
0.227985
0.204043
0.0801705
0.111784
0.0311338
0.0279843
0.199103
-0.156548
0.258211
-0.0949545
0.273785
-0.231399
-0.0465166
0.0160922
-0.466583
-0.116442
-0.164412
0.0303463
0.0916938
0.0834895
-0.0248235
0.064818
-0.0946845
0.165676
-0.19642
0.137905
0.0945964
0.0715017
0.210835
0.394418
-0.0117076
-0.359552
-0.109608
0.369315
0.00860209
-0.150869
-0.103384
-0.172668
-0.105694
-0.194428
-0.0974307
0.302494
-0.0362166
-0.488924
-0.161637
-0.124297
-0.0462531
-0.139765
0.0809103
0.319131
-0.183773
-0.181009
-0.0567373
0.166199
0.140615
-0.051788
0.0267996
0.0345946
0.324723
0.0672589
-0.194111
0.471261
0.175926
-0.215657
0.272416
0.0587683
-0.200144
-0.256658
0.0741397
0.025761
0.0512747
-0.536899
0.0205583
-0.314554
-0.359902
0.101701
-0.144366
-0.0941433
0.328813
0.175479
0.0625541
0.193301
-0.00563399
0.142148
-0.0135461
0.0145568
0.268441
0.628828
-0.182249
-0.0534429
0.173514
-0.292153
-0.0500813
-0.172754
-0.0564452
-0.224178
-0.47615
-0.0243839
-0.380184
-0.00692839
-0.462791
-0.0642431
0.278021
-0.357576
0.0132131
0.257127
0.0254515
-0.174327
0.124975
-0.112073
-0.495148
-0.302666
-0.110416
-0.182438
0.191
-0.0415912
0.158101
-0.068181
0.0554632
-0.0807616
-0.0279869
0.181621
-0.0061193
-0.686557
0.132783
0.254194
-0.00479472
0.0812445
0.0191084
-0.0895928
0.00269959
-0.0356756
-0.018211
-0.261754
0.000557954
-0.052518
-0.01294
-0.0165156
0.0840576
0.103563
0.029638
-0.0842979
-0.0299841
0.161423
-0.125352
-0.219685
0.408932
0.0390261
0.190972
-0.811077
-0.249407
0.593971
0.554914
0.2707
-0.209233
0.215838
-0.281442
-0.0356769
-0.125434
0.0539829
-0.461732
-0.791692
-0.1838
0.00111852
0.17121
0.0235846
0.272114
0.103604
0.0383873
0.127409
-0.154951
0.135814
0.279857
-0.374383
0.190456
0.300468
0.147015
0.227339
0.00883153
0.0300582
-0.473666
-0.705763
-0.0392466
0.0372009
-0.17834
-0.302914
0.248287
0.017464
0.464041
0.169424
0.0524086
-0.154657
-0.431994
0.280319
0.154362
0.48647
0.505146
0.168553
-0.218935
-0.0155783
-0.150032
-0.199249
-0.111974
0.240464
0.0415525
0.0420908
-0.250802
-0.201047
0.00182825
0.00715493
0.0824944
0.284676
-0.134259
-0.299853
-0.134309
0.0201084
-0.37009
-0.138914
0.0944802
-0.378233
-0.3564
0.217552
0.0361691
-0.585832
-0.300823
0.111908
-0.069077
-0.0287523
-0.245384
-0.00719337
0.121281
0.0206482
-0.0676633
0.181368
-0.114996
0.176136
0.308416
-0.362894
-0.0632497
-0.256551
-0.3567
-0.0961274
0.100187
0.188891
0.186574
0.183965
-0.190254
-0.129685
0.216995
0.148253
0.00983897
0.15142
0.415775
0.0543461
-0.180981
0.220294
-0.014866
0.782976
0.680948
0.525637
0.0707333
0.328499
0.123688
-0.170934
-0.0358973
0.108984
-0.140585
-0.047539
0.555232
0.435697
-0.149045
0.221564
0.316785
-0.230166
-0.128254
0.0636157
-0.371143
0.198226
-0.185261
-0.146464
-0.00167671
-0.120606
-0.0871241
0.30328
0.139098
-0.229716
0.235931
-0.184738
-0.427838
-0.008279
-0.010583
-0.274698
-0.0593689
-0.0606869
-0.254696
0.0323247
-0.0175331
0.161198
0.183959
-0.0871662
-0.195574
-0.170711
-0.32185
-0.421236
-0.477853
-0.119542
0.196261
0.172615
0.338399
0.0622096
-0.20445
0.0599004
-0.0982488
-0.206501
0.000596525
-0.173799
0.704698
0.498242
0.523431
-0.0922511
0.231256
0.0331294
-0.239082
0.0022222
-0.285924
-0.02158
-0.201389
0.0422467
-0.0560729
0.072331
-0.137124
0.169259
-0.205548
-0.851696
0.129003
0.0699853
-0.332845
0.461363
0.135015
0.251484
0.06308
-0.20249
0.0118245
0.0148458
0.0216284
0.0072284
0.0265897
-0.210117
0.332943
0.447912
-0.0612059
0.043169
-0.0502622
0.126194
-0.131
-0.00165251
-0.724224
0.17454
-0.0375661
-0.23814
0.0884832
-0.321979
-0.0253784
-0.0224493
0.20984
-0.20235
0.00654587
0.127359
0.0927696
0.158302
0.209892
0.352698
0.34563
0.0877474
0.248565
0.223447
-0.0680582
0.0867445
-0.176789
0.198372
-0.296601
-0.0574198
0.400536
0.258842
0.155021
-0.10016
-0.12633
-0.0696472
-0.123272
-0.085091
-0.150631
0.0530137
0.0822435
0.41581
0.259222
0.275449
0.510622
-0.00578235
0.284124
-0.0137744
0.282133
-0.145238
-0.165151
0.198901
0.257545
0.0899999
0.0609148
-0.174298
0.0714574
-0.241051
-0.239649
-0.013852
-0.0794877
0.0478431
-0.288422
-0.0351785
0.312305
0.363181
0.24418
-0.135362
-0.104717
0.421926
0.0112819
-0.00207901
-0.145588
-0.0577911
-0.00107933
0.115056
-0.0118514
0.0966278
0.0576388
-0.206602
0.415205
0.408068
0.419198
0.425813
-0.0660354
-0.21937
-0.160585
-0.223083
-0.0344435
0.0582127
-0.205446
0.107778
0.350962
-0.125187
-0.248538
0.212663
0.0352881
-0.551886
-0.258155
0.218494
-0.0854781
0.274814
0.0500113
0.346331
-0.383181
0.0896015
0.200446
0.0105085
-0.389788
-0.0622519
-0.139392
-0.164956
0.200284
-0.230068
0.10982
0.0756901
-0.0510457
-0.187099
-0.0938647
0.156358
0.107568
0.0620463
-0.211555
0.0123323
-0.00389426
0.092668
0.060545
0.07682
-0.264722
0.19
-0.00795515
-0.0734983
0.238223
-0.0224337
-0.0575955
-0.0143735
-0.0875128
-0.0747738
0.0254635
-0.0258319
0.00299549
-0.348196
-0.0985862
0.00812566
0.0821355
0.262342
-0.0337979
-0.290352
0.0206988
0.157461
-0.242093
-0.116092
-0.147839
-0.0430128
-0.22983
-0.177114
-0.0795841
-0.0180661
0.0373598
0.136236
-0.0821084
-0.439695
-0.191922
-0.187347
0.0105211
0.126836
-0.0553966
0.00199463
0.319894
-0.222618
-0.139145
0.197326
-0.333984
0.159032
-0.111275
-0.287988
0.455343
0.140027
0.212753
0.240097
-0.0214672
-0.0145338
-0.340843
-0.0869202
-0.0154472
-0.0514359
-0.391836
0.072358
-0.465282
-0.331399
0.208247
0.14694
-0.331168
-0.268451
0.200749
-0.234683
0.274263
0.0552277
-0.0349898
-0.102922
0.174767
0.0389863
-0.135083
-0.241741
-0.0592438
0.0284258
0.151318
0.0277862
-0.14316
-0.0656495
0.00562933
-0.050809
-0.0199558
-0.149575
-0.0251313
-0.0119653
-0.215704
-0.278523
-0.228487
-0.182808
-0.400256
0.880808
-0.0358265
-0.143932
-0.354498
0.038769
-0.0381564
0.172479
-0.187909
0.233216
-0.0644725
-0.259564
0.022261
-0.314363
-0.162858
-0.0220213
-0.0118193
0.0076439
0.0371175
0.286161
0.0962313
-0.192655
-0.0737054
-0.303643
0.161045
0.00623534
0.00948887
-0.0695048
0.0456343
0.161007
0.20607
-0.0873289
-0.0728504
0.011083
-0.0829185
-0.113761
0.0943995
-0.540301
0.23759
-0.211786
0.0183039
-0.0554416
0.0682261
-0.191364
0.238298
-0.076619
-0.262233
0.173024
0.152645
0.553505
-0.136986
0.0343299
-0.32137
-0.0765222
-0.125574
0.0181914
-0.187301
0.17857
-0.0273379
-0.295971
0.00269033
-0.0867518
0.15118
-0.121317
0.116063
-0.376823
-0.0261924
-0.653702
-0.430631
-0.0517083
0.0867853
-0.112922
-0.101248
0.158422
-0.0575087
0.0176992
-0.0195774
-0.221204
0.0272847
-0.0259258
0.253651
0.308969
0.118183
0.0913971
0.304477
-0.0145643
0.310603
0.0601853
0.117775
0.140895
0.273888
-0.0361422
0.262779
-0.0296095
0.438137
0.0862843
0.0678741
0.00723857
0.0358037
0.451616
0.156811
0.115309
0.0232404
0.209778
-0.00591881
-0.486387
-0.0575113
-0.107698
-0.130655
-0.0331699
0.106654
-0.0234443
-0.0112556
-0.179761
-0.402091
-0.0470904
0.0893201
0.217521
0.486438
-0.00359012
-0.190105
-0.0576677
0.148928
0.360154
-0.323066
-0.388658
-0.0629642
-0.0947649
-0.0624844
0.0380821
-0.252623
0.025673
-0.346414
-0.120909
-0.405618
-0.199064
0.0260949
-0.103833
-0.232733
0.244944
0.312922
-0.137414
-0.0938361
-0.27542
-0.0667487
0.327238
0.199401
0.0913969
0.163048
0.0387801
-0.00012721
0.0633092
0.230831
0.372855
-0.263005
0.15893
-0.0925707
0.028366
0.146758
-0.0633151
0.0984281
0.0261205
-0.153022
0.0356482
-0.415257
-0.00768413
-0.0348435
0.325842
0.1017
0.41386
-0.0655905
0.259397
0.25994
-0.166936
-0.0698171
0.515493
-0.373893
0.0550444
0.1893
-0.00170356
0.0434491
-0.1795
0.225221
0.493564
0.306721
-0.124009
0.242954
-0.343335
0.125281
-0.0858727
0.0605653
-0.00960703
0.0784654
-0.0531331
0.0431288
-0.203064
-0.208366
0.130026
-0.44834
0.0197346
0.221155
0.194615
0.088683
-0.129675
-0.012899
0.137483
0.0500618
-0.0566113
-0.569125
0.180705
-0.0601394
-0.193331
-0.570203
-0.0908058
-0.119607
0.449424
-0.0223682
0.0301162
-0.0683231
-0.0176518
0.195475
-0.150312
-0.233712
-0.00275793
0.101325
-0.169273
-0.219091
-0.3486
-0.129463
0.338227
0.0910266
0.187861
0.0377017
-0.056429
-0.00755468
-0.396588
0.0714147
0.115858
-0.226719
0.229717
0.343394
-0.0901073
-0.0554255
-0.0290728
-0.0582017
0.15155
0.0245022
0.100053
0.0163779
-0.0910871
-0.285913
-0.370665
-0.167531
-0.0526266
-0.162356
-0.176658
0.0187343
0.043112
0.269852
0.152804
0.248739
0.181079
-0.142637
0.147835
-0.0546261
0.0642256
-0.0695159
0.134886
0.13281
-0.234321
-0.217756
-0.0390192
-0.111662
-0.00903695
0.0465887
-0.257907
-0.101714
-0.166648
-0.0933574
0.119223
0.148624
-0.232548
-0.0126771
0.497709
-0.0915296
0.105641
-0.252927
-0.00686784
-0.0216257
0.127463
0.320096
0.0493627
-0.147603
0.0393231
-0.0301665
0.126508
0.206067
-0.202278
-0.217323
-0.149321
-0.324864
0.630437
0.27193
-0.00813723
-0.382474
-0.135596
0.019414
0.298162
-0.000466285
0.192415
0.371126
-0.0784051
0.189146
0.0248469
-0.0333064
0.00119905
-0.183977
-0.18239
-0.113073
-0.10948
-0.250616
0.0244924
-0.0376527
0.175439
0.00589291
-0.106359
-0.573828
-0.0321421
0.249923
-0.0438203
-0.202866
0.135821
0.225671
0.0936728
-0.164724
0.0693501
-0.288732
-0.425762
-0.197295
0.330905
0.128262
-0.0783476
-0.0534007
0.0608761
-0.0523276
-0.148126
-0.204652
-0.192962
0.00990771
-0.568691
0.0878637
-0.110409
-0.0456961
0.0784343
-0.0144502
-0.224262
0.0438069
0.212169
-0.144503
-0.416406
-0.149288
-0.0509599
-0.0317877
0.0140832
-0.094534
0.306248
0.141103
0.137304
-0.0982183
-0.126406
-0.28822
-0.00950778
-0.00141509
0.233326
0.0598616
0.182493
0.224672
0.247737
-0.0533709
0.102219
0.0225348
0.150943
0.0417936
0.0383208
0.0117462
0.00816113
0.184502
0.174499
-0.348107
-0.45591
0.030445
-0.00937151
0.251726
0.0901951
0.134229
-0.352343
0.00323499
-0.12772
-0.0238694
-0.193933
-0.0383427
0.14977
0.0466318
0.106509
0.179979
0.105059
-0.0124258
-0.0654905
0.386512
-0.232748
0.0616232
-0.163406
-0.0923781
-0.00325614
0.0743798
-0.201057
-0.0539243
-0.313544
-0.103103
0.0219964
0.00470491
0.10603
-0.0443843
0.273968
-0.139175
0.108951
-0.0223127
0.193851
-0.107003
-0.0783536
0.122603
0.0498776
-0.102567
-0.117022
-0.179414
-0.0250891
-0.0402183
-0.104135
0.147814
0.13829
0.0312508
0.239725
-0.0559005
0.0347769
0.147388
-0.0212479
-0.0327491
0.100821
-0.0393686
-0.0284303
-0.0788961
-0.281155
0.194642
0.121481
0.109435
-0.154867
-0.127542
-0.165826
-0.12811
-0.109443
0.28521
-0.00219532
-0.082606
-0.00141588
-0.476052
-0.0329311
0.2195
-0.0879877
-0.0502746
0.0881634
-0.257713
-0.0988394
0.0546389
-0.01098
0.147228
-0.0183518
-0.00384928
0.133608
0.285535
0.15047
-0.0587967
0.141625
0.0343323
0.435936
-0.116024
-0.230483
-0.0897385
-0.123842
0.0589256
0.118753
0.371476
0.59497
0.530079
0.50021
0.206457
0.0773035
0.128658
0.149507
0.0474784
-0.644204
-0.205735
0.0863744
0.0782556
0.103301
0.0922885
-0.0977844
-0.177423
0.582757
0.0160607
0.389116
0.147399
0.131759
-0.134275
-0.108025
-0.0638092
0.0436546
0.151556
0.0431317
-0.0247479
0.213524
-0.113351
0.0318637
-0.470269
-0.0285346
-0.143537
0.105584
0.113388
0.13016
-0.31935
-0.453988
-0.127716
0.153779
-0.125818
-0.15104
0.459002
-0.168293
-0.252382
-0.0931544
-0.171763
0.052808
0.050751
-0.390424
0.115702
0.266532
0.122172
-0.288377
-0.149696
-0.0603508
-0.00720792
-0.0227888
-0.08424
0.0362463
-0.191244
-0.0356984
-0.21088
-0.150134
0.0794988
-0.0115694
-0.0756141
0.0302121
-0.137649
-0.114152
-0.211554
-0.0268683
0.179104
0.000348167
-0.0475595
-0.0112975
0.149737
-0.090002
-0.0852131
0.123263
-0.241659
0.310778
0.282765
0.291113
0.168889
-0.238956
-0.174177
-0.0514005
-0.228054
-0.0756925
-0.127054
0.0210391
-0.265739
-0.0176086
-0.140229
-0.120133
0.371852
0.139046
0.019694
0.439114
-0.00147277
-0.0166772
0.192876
0.0969221
0.11493
-0.1831
0.0874249
-0.0982902
0.0330233
0.184548
-0.303596
-0.148137
-0.252369
-0.256852
0.043845
0.040691
-0.00631292
0.213958
0.0775401
0.00658327
-0.00546455
0.393357
0.0221324
-0.0663709
-0.242419
-0.215073
0.0341624
0.0502938
-0.0123402
0.0797382
0.0526895
0.127301
-0.245755
-0.027845
0.0424396
-0.35295
0.0147382
0.366851
