0.200646
0.342598
0.487653
0.656207
0.30815
0.160066
0.221635
0.347864
0.302814
-0.343805
0.0930645
0.0900156
0.00309542
0.0864359
-0.258868
0.236927
0.154179
0.425448
0.942839
0.079292
0.130122
-0.0800312
-0.0453838
0.015686
-0.095816
0.0284302
0.158355
-0.32735
-0.446612
0.19036
-0.16539
-0.0632802
-0.105114
0.368535
0.26164
0.0738315
0.24484
0.0451938
0.193737
-0.0105254
-0.371749
-0.0204085
0.0287114
0.348915
-0.0696164
-0.0419769
0.191656
0.108203
0.27508
0.218023
-0.247073
0.071804
0.284159
0.264724
0.21652
-0.0225981
0.266807
0.0109292
-0.130568
-0.137756
-0.143431
-0.153821
-0.000580294
0.124494
0.811254
0.0786658
0.00575959
-0.192961
-0.207023
0.013443
0.0703143
0.00685507
0.31817
0.129252
-0.0162466
0.0930071
-0.0585963
-0.380254
-0.030341
-0.171903
-0.419126
-0.0787717
-0.363103
-0.0600885
-0.123972
-0.132669
0.19993
0.171305
0.413546
0.208314
-0.163496
-0.0981566
0.0818529
-0.532397
0.127993
0.143303
0.161062
-0.0169234
-0.062912
-0.0737806
0.100575
-0.0292361
0.0171058
-0.15279
-0.286605
-0.266698
0.668595
-0.103553
-0.11078
-0.164515
-0.0595096
0.0923233
0.1082
0.35164
-0.090578
0.136241
0.167346
0.101378
0.167655
-0.359744
0.057283
0.0969168
0.280619
0.243267
0.483044
-0.129075
0.0844847
0.237542
-0.134897
-0.143476
-0.162233
-0.189121
-0.273665
-0.0971267
-0.259248
-0.172878
-0.0485121
-0.108335
-0.010854
0.109161
0.435931
0.097224
-0.0859731
0.1144
-0.587921
-0.394318
-0.122674
0.0908767
-0.147443
0.00398386
0.170462
0.148243
-0.469178
-0.0431743
-0.0519167
0.178436
0.0832083
-0.109409
0.0378589
-0.336639
-0.075431
-0.0662379
0.221422
0.130065
0.195535
0.108162
0.0500532
-0.176868
-0.00587315
-0.471355
-0.084085
0.186124
0.0363517
-0.335311
0.208309
-0.0402152
0.0513009
-0.138773
0.0366581
-0.183368
-0.49799
0.22526
0.0572155
0.121878
0.00448507
0.31304
-0.344957
-0.0570653
0.30546
0.280565
0.307221
-0.113015
0.255142
0.0799871
0.0702905
0.254088
-0.145821
-0.0202035
-0.0439415
-0.349978
0.021014
0.0027306
0.148764
0.31542
-0.100338
-0.0167284
0.267055
0.164059
-0.0740175
0.341491
0.00976838
-0.427396
0.331351
-0.195018
0.119519
0.0779566
0.0465356
-0.125832
-0.589774
0.604188
0.21349
0.238302
0.0120264
-0.198378
-0.313264
-0.289156
0.00958524
0.153635
0.293961
0.0127804
-0.144816
-0.352314
0.243033
0.129611
0.156429
-0.0179871
-0.0708371
0.105305
-0.170835
0.543578
-0.250864
0.179728
-0.690859
-0.233968
-0.0158643
0.361909
0.231669
0.348805
0.082331
0.00643175
-0.175924
0.134181
-0.172573
0.0117218
-0.193174
0.558932
0.210472
0.236708
-0.0835346
0.231403
0.705948
0.101646
0.555723
0.347868
0.480059
-0.071046
0.460184
-0.0728228
0.0496901
-0.0485452
-0.192457
0.0950214
-0.0801719
0.24561
0.0166521
-0.324233
-0.260244
-0.268518
0.428592
-0.0429014
-0.0973185
0.105665
-0.0683408
-0.0314346
-0.337904
-0.215598
0.269609
0.295157
0.122345
0.0806662
-0.252484
-0.0246497
0.465703
-0.0299348
0.216438
-0.0722394
-0.517502
0.173991
0.0481341
-0.0350377
0.280731
0.114516
0.100886
0.14477
0.0393112
0.315521
0.0868254
0.0127567
0.0342011
-0.186274
-0.00709465
0.112014
0.229201
0.0738001
-0.21766
0.396549
0.0337962
-0.0656926
0.0187574
-0.349819
0.239002
-0.0611897
0.102841
0.393639
0.414923
0.204411
-0.0142543
-0.039395
-0.237366
-0.235649
0.0600112
-0.117306
-0.315714
0.100028
-0.1855
0.0669429
-0.0516511
0.0304979
0.114312
-0.203402
0.4323
0.0623747
0.278061
0.111909
-0.353847
-0.198678
0.305189
0.0941336
0.0262963
0.185776
0.574639
-0.211309
0.00913988
0.0738026
0.0142685
-0.130994
0.30569
0.0848079
0.0481577
0.366354
0.120779
0.208978
-0.0486307
0.264387
-0.668671
-0.213585
0.0653974
-0.0236361
-0.122791
-0.367287
-0.00136927
-0.23528
0.111632
-0.0643932
0.0180155
0.325456
-0.1184
-0.0555373
0.372074
0.171788
0.350889
0.0294865
-0.0654258
0.404858
-0.174566
-0.056302
-0.0391653
-0.137923
0.00849586
-0.0397845
0.0784958
-0.0618311
-0.0743408
-0.599463
0.0297764
-0.219955
-0.0243039
0.0343061
-0.263891
0.0598852
0.344249
0.091116
0.0634453
-0.035247
-0.507286
0.447055
0.215913
-0.0208877
-0.181908
-0.010418
0.219793
0.303096
0.567719
0.146091
-0.405877
-0.605769
0.0720372
0.159954
0.0724442
-0.128426
-0.342281
0.244516
-0.16965
0.0502355
0.27589
-0.187499
-0.460473
0.259998
-0.0651
-0.0935514
0.0208772
0.358314
0.0781534
-0.198194
0.254802
-0.158359
0.335154
0.0519293
0.070782
0.189346
-0.164591
0.014872
0.187347
0.0901954
0.0144604
0.00365785
0.0372394
0.0534234
-0.0189391
0.0184486
-0.263718
-0.0246803
0.150963
-0.00725161
0.0309902
0.409642
0.253082
0.212493
0.218649
0.444991
-0.145859
-0.0254761
0.094226
0.519285
-0.0937957
0.050775
0.0177954
-0.0798579
0.0907219
0.0383075
-0.141157
-0.130012
-0.332584
-0.116025
0.251809
0.00392146
-0.47836
-0.871235
-0.525194
0.100759
-0.06658
-0.616725
-0.216822
0.194221
0.0114531
0.211706
-0.0649317
-0.0681557
0.100255
-0.283586
-0.079181
-0.441477
-0.356999
-0.367534
0.147009
-0.142293
-0.0950001
-0.485344
-0.0141356
0.193086
-0.0412178
-0.0676884
-0.285716
0.0387055
0.49223
0.238066
0.222404
-0.0853808
0.0407709
-0.253741
-0.0513623
-0.000461613
-0.172555
-0.51312
-0.00544583
-0.021323
-0.130236
0.075944
0.0100545
0.359086
0.138044
0.00949491
0.116483
-0.0533869
0.204233
0.0348238
0.581976
0.114104
0.233473
-0.191019
0.27434
-0.105745
-0.237927
0.00738256
0.181219
-0.0427621
-0.039694
0.375616
0.15899
0.0226441
-0.345517
0.202679
-0.012814
0.0681764
-0.116584
-0.395938
0.211858
-0.108401
0.120366
-0.109938
-0.0173273
-0.381243
-0.148485
0.146373
0.183943
-0.200617
0.0448813
-0.0477048
-0.244536
0.120288
-0.0423945
0.00761339
-0.212142
0.222249
0.0544732
0.253508
-0.0535475
-0.0279078
-0.292902
0.0762845
0.141186
0.309208
0.073568
-0.00333483
-0.177732
-0.111313
-0.385334
0.109071
-0.170888
-0.019386
0.0729107
0.248057
0.0393521
0.0102335
0.00215382
0.239801
-0.114296
0.118417
0.0176845
0.220918
-0.0302073
-0.0507266
-0.144415
-0.180476
-0.5817
0.129476
-0.0329643
-0.0371086
0.00588817
0.0538552
-0.0153972
0.179865
-0.170277
-0.166143
-0.084128
-0.0540283
0.115971
0.416536
0.102433
0.437585
-0.0586648
0.179627
-0.231189
0.444851
0.1025
0.0272558
0.123495
-0.00643339
0.169432
0.000902085
-0.098491
0.169178
0.529519
0.0173577
0.246745
0.0714213
0.0578786
0.0739211
-0.0475943
0.0518058
0.452906
-0.351061
0.187482
-0.0557499
-0.301555
-0.00394328
-0.390655
-0.24624
0.0094436
0.293521
-0.111937
-0.110927
-0.109534
-0.279335
-0.04195
0.130329
-0.149285
-0.0471046
0.131989
-0.332229
-0.253814
0.0607525
-0.0214047
0.22517
0.140268
0.116257
0.0821606
0.0692276
-0.470258
-0.0439598
0.0480472
0.176764
0.0420779
0.309226
-0.0407472
0.112141
0.23173
-0.287182
-0.181316
-0.0893252
-0.125914
-0.0790215
-0.0446281
-0.0659821
-0.0359604
-0.484657
-0.214577
-0.0047489
-0.370427
-0.116319
-0.00720063
0.372417
0.16321
0.0995335
-0.017919
0.102693
0.252052
0.399454
-0.0404933
-0.0303999
-0.191688
-0.239859
0.0594687
0.161134
-0.443217
0.141009
0.200151
-0.249747
0.169625
-0.165957
-0.0411673
0.201004
0.213822
0.348154
-0.0705799
-0.177075
0.289751
-0.100336
0.175409
-0.323959
-0.046874
-0.364044
-0.504267
0.171712
-0.0761618
-0.439129
0.312186
0.338473
0.087347
-0.400734
0.199619
-0.197434
-0.063423
-0.0121303
-0.310382
0.0418691
0.333193
0.171358
-0.208437
0.0501419
-0.220087
-0.194018
-0.389301
-0.0412757
0.121563
-0.147941
0.172724
-0.0874874
0.00416928
-0.442875
0.316981
0.132471
0.135971
0.0902308
-0.579635
-0.145779
0.422016
-0.0387961
0.0029161
0.402215
0.433479
0.0827941
0.0136862
-0.0110054
0.0343843
0.108847
0.0922786
0.0767683
0.219926
0.0509721
0.159016
0.161452
-0.272346
-0.376061
-0.692574
-0.496441
0.132177
0.00525147
-0.0709608
-0.0977782
-0.00711574
0.0472117
0.0771111
-0.0629869
-0.399787
-0.0438506
-0.0660204
-0.139448
0.104374
0.131634
0.088852
-0.0352431
-0.301929
0.15277
0.366705
0.221149
0.0744368
-0.00763298
0.0476681
-0.10404
-0.0782038
0.901004
1.00698
0.192841
0.0596498
0.283879
0.0211128
-0.374725
-0.160314
-0.205833
0.221549
-0.13694
-0.116238
0.395151
0.156269
-0.197666
-0.112594
0.0364299
-0.121586
0.0712985
0.188279
0.545447
0.286175
0.00726845
-0.0651633
-0.171136
0.141829
-0.108924
0.126351
-0.299163
-0.0630563
-0.147567
-0.124814
0.277111
0.197417
0.0955196
-0.100746
0.0153701
-0.0214613
-0.156121
-0.258204
0.233174
0.134772
-0.172108
0.0722104
0.315714
-0.0716427
-0.454894
-0.201919
-0.0331234
-0.00714001
0.413812
0.30337
-0.186189
-0.391937
0.331482
0.134348
-0.00891517
-0.0603189
-0.128402
-0.0934609
0.16142
-0.261901
-0.187159
-0.0477595
-0.0441577
-0.0521136
-0.358436
-0.142142
-0.435712
-0.562922
0.0413311
-0.230223
-0.0626457
-0.108265
-0.243161
0.0462552
-0.106031
-0.578864
-0.289618
0.068308
-0.114954
0.13869
-0.304368
-0.377995
0.0641036
0.027329
-0.0266853
-0.201189
0.0666907
-0.013766
-0.0884656
0.0724448
0.0656239
-0.199937
-0.445079
-0.119612
-0.281199
-0.0241296
-0.194022
0.0686131
0.0367599
-0.00867737
-0.283158
-0.068931
0.0420426
0.0240448
-0.0177645
-0.524768
0.0778107
-0.25295
0.290262
0.0757594
-0.170273
-0.175538
-0.136635
0.149442
-0.115632
0.0959746
-0.161828
-0.0232507
0.0378695
-0.457993
-0.163216
0.201216
-0.0189192
0.106905
-0.123366
-0.0407195
-0.132162
-0.493831
0.0974677
0.272802
-0.0395248
-0.209375
0.0602352
-0.0197672
-0.327369
0.108721
-0.365652
-0.00860106
0.39873
-0.412902
-0.00917949
0.0575406
0.0309554
-0.0877248
0.215633
-0.028554
0.2136
-0.105533
0.128695
-0.0397756
0.130694
0.0965217
-0.001042
-0.134898
0.034748
-0.111919
-0.211804
0.213599
0.185558
-0.0813504
-0.173659
-0.11061
0.101676
-0.329606
0.0940629
-0.177481
-0.0918387
0.148979
-0.0908188
-0.0299674
0.0618699
-0.199995
0.0397296
0.0348299
0.00101915
-0.207177
-0.116336
-0.0973619
-0.00031293
-0.324457
-0.34841
-0.0424544
-0.134069
0.291365
0.188174
-0.0193605
-0.0911141
-0.083531
0.0627035
-0.35964
-0.0205448
0.378311
0.412501
0.117299
0.187309
-0.0339808
-0.128103
-0.101678
-0.192507
-0.109248
0.196254
0.112105
-0.173931
0.085376
0.284051
-0.306112
0.119713
-0.121267
-0.101003
-0.0822508
-0.212402
-0.416264
0.151386
-0.017385
0.0217561
-0.0959387
0.000398621
-0.23745
0.110657
-0.0286164
0.180567
-0.00504407
-0.241709
-0.364245
-0.0179712
0.00858398
-0.0818617
0.0627151
0.256579
-0.112801
0.48456
-0.448903
-0.185964
-0.0899618
0.273704
-0.116698
-0.333468
-0.0628415
0.0457197
-0.00625684
0.209237
0.0841866
0.130703
-0.0170042
0.0165449
-0.0785806
-0.0962855
-0.0718588
-0.114433
0.0742499
0.0838702
-0.0272275
0.0837616
-0.0653756
-0.0352875
0.0364457
-0.0878483
0.107141
0.289859
0.183784
0.0215253
-0.0104548
0.131898
0.0929539
0.14597
0.143848
0.550899
0.177151
0.306253
-0.235473
0.401932
0.225408
0.169246
0.098732
-0.0720415
-0.179804
-0.00240343
0.365794
0.518412
-0.141577
0.212451
0.0843849
0.0519196
-0.021059
0.225717
-0.0274919
0.212649
0.187368
0.070267
-0.52189
0.219029
0.137806
0.00161617
-0.0618254
-0.0422567
-0.0542237
-0.0632334
-0.00245732
0.160203
-0.234615
0.347182
0.107125
-0.188955
-0.0296628
-0.215765
-0.0981161
0.0937083
0.160876
-0.0464707
0.22359
-0.184341
-0.0472318
0.108146
-0.110505
0.0739209
-0.0669704
0.335371
0.00393332
-0.13622
0.00620043
-0.042996
-0.221028
-0.490129
0.0362081
0.20518
-0.0998186
-0.0598525
0.0880196
0.259924
-0.194627
-0.0789023
0.342264
-0.0907007
0.109442
-0.334158
-0.221149
0.164754
0.060834
0.0307335
0.0825354
0.206592
0.433495
-0.0913991
0.01695
0.00562909
0.034985
-0.125708
-0.173055
0.020863
0.0751316
0.252473
0.0468781
0.408043
-0.0267145
0.292916
0.0496504
-0.0832955
0.215297
0.334437
0.0214143
0.253501
-0.195758
0.166157
-0.0801124
-0.205049
-0.0315049
-0.322276
-0.0319366
-0.0845934
-0.193067
-0.250654
0.118728
0.161385
-0.194294
0.193142
-0.290675
0.0604459
-0.20597
0.554927
-0.0208743
0.434545
-0.036785
-0.20395
-0.0416459
-0.0604323
-0.347437
0.220636
-0.185956
0.0302084
0.156902
0.111295
0.120123
0.0787795
-0.0944099
-0.03967
-0.117965
0.0782265
-0.0780063
0.10854
-0.230255
0.162056
-0.0531718
0.0737797
0.0187124
-0.143858
-0.126116
0.0595069
-0.0578213
-0.0867937
0.178292
0.159378
0.424065
-0.0744546
-0.118924
0.111374
0.0234181
0.0455696
-0.0778188
0.561178
0.0124465
-0.239616
0.0562502
0.131368
0.0131269
0.0831547
0.222969
-0.0923927
0.297172
-0.0925272
0.558204
0.951421
0.914879
-0.0406315
-0.280983
0.0755016
-0.122723
-0.462251
0.0930776
0.181733
0.0530002
0.111444
-0.0295756
0.361759
0.0232805
-0.446291
0.168512
-0.195495
0.00327967
0.00351105
0.417233
0.0919365
-0.357804
0.182211
0.0992503
0.15306
0.159977
-0.259624
-0.265929
0.0596498
0.369588
0.310258
0.027453
-0.0305404
-0.00910083
0.0576953
0.140315
-0.0327171
-0.383133
0.360997
-0.121213
0.321745
0.329142
0.592096
0.440262
0.384738
-0.00215862
0.134208
-0.0529799
0.0392005
0.0434565
-0.336078
0.157612
-0.00362114
0.0571777
0.212125
-0.176615
-0.0582213
0.162918
-0.0106824
-0.0898267
-0.151389
-0.0667773
-0.134734
-0.0857268
0.144684
-0.0233548
-0.108172
-0.00345491
0.141763
0.0297153
-0.173308
-0.0952134
-0.0843849
-0.227868
-0.323071
-0.404504
-0.396369
-0.447188
-0.382675
-0.228483
0.0108478
0.128317
-0.163052
0.0234867
0.19824
-0.265212
-0.208754
-0.0854649
-0.208321
0.126636
-0.511698
0.0258069
0.0927959
0.270741
-0.106026
-0.825415
0.0604697
0.187307
0.168383
0.132314
0.0642815
-0.605625
0.100193
-0.341099
0.58667
0.0282867
-0.0420409
-0.124607
-0.178643
-0.158119
-0.0620193
0.00854482
0.142796
0.0242974
0.080446
-0.195809
-0.0856645
0.167892
0.240059
0.20651
0.0369339
-0.0627306
-0.6936
0.0486648
-0.357677
-0.0528519
0.182848
-0.0230225
-0.0436543
-0.136296
0.0120879
-0.270575
0.0326756
0.0506814
-0.0104876
-0.0927899
0.00918501
-0.40482
-0.0949407
-0.0645245
0.56761
0.0385448
-0.108133
0.254271
0.208421
-0.319325
0.108814
-0.0375528
-0.301677
0.00586936
-0.0534973
0.025517
0.225201
-0.122671
-0.407319
-0.365631
-0.115362
-0.0177881
-0.187867
0.227738
0.332667
0.326975
0.0176716
0.0321703
0.0310997
-0.1211
-0.000315788
-0.0875596
-0.15576
-0.171278
0.0400068
-0.638252
0.00331791
0.133208
0.440515
0.482583
0.142627
-0.093409
-0.640591
0.00321922
0.0310243
0.0626593
0.105534
0.219104
0.0927914
0.205342
-0.102362
-0.108311
0.125724
-0.0469728
-0.110483
-0.364866
-0.533742
-0.14008
-0.232521
0.0433779
0.0377709
-0.130211
-0.0199627
-0.0902203
-0.162337
0.102496
-0.163131
0.0560109
-0.032104
-0.292011
-0.0248754
-0.0161732
-0.472054
0.000554771
-0.000599587
-0.0262095
0.0210127
0.0618274
0.367707
-0.114447
0.00396354
0.0504518
0.019568
0.109092
0.0131929
0.146015
0.301059
-0.134438
-0.0755569
0.0166203
-0.0118031
0.0479307
0.203502
-0.395993
-0.146089
-0.226539
0.0453757
-0.0171534
-0.143318
0.326534
-0.0619366
-0.0717935
0.049287
-0.331292
0.00876132
-0.0624438
0.0156799
0.0295195
-0.0642417
-0.117607
0.0455634
-0.353593
-0.022245
-0.280504
-0.0587511
-0.00161382
0.00117089
-0.456578
-0.0773765
0.274576
0.227261
0.0799593
-0.142483
0.163658
0.225515
0.316633
-0.110276
0.111104
0.0850795
0.195608
0.121523
0.0208937
-0.00103226
-0.111561
-0.309943
-0.572805
-0.372631
0.230562
0.0608583
-0.350728
-0.324383
-0.474593
0.0166839
-0.174319
0.00549592
0.0419108
0.12281
0.0500013
0.0864259
0.0125808
0.268745
0.202772
-0.196752
-0.131163
-0.124402
-0.203267
-0.153823
0.110825
-0.139576
0.0736194
-0.15375
0.192312
0.198512
0.37911
0.0812402
0.180857
-0.203942
-0.00438077
-0.0995872
0.0467206
0.946123
-0.262033
0.0658564
-0.143354
0.176671
0.679623
0.795202
0.100373
-0.0766351
-0.0135796
0.0517636
-0.0437548
-0.115979
-0.252205
-0.33158
0.115025
-0.0811974
-0.116484
-0.319675
-0.0907122
-0.0988268
0.22867
0.152868
-0.368366
0.31697
-0.0442634
-0.549986
-0.0755554
0.224602
0.109391
-0.0693597
0.0810829
-0.0943602
-0.169528
0.347524
-0.325341
-0.0798751
-0.0167812
-0.156173
-0.37116
-0.0219565
0.150125
-0.0245065
-0.0782368
0.228882
0.103514
0.16897
0.0781936
-0.0378398
-0.0590975
-0.0468976
-0.0461672
-0.17696
-0.021555
-0.0545089
0.227469
0.0684701
0.300605
0.125161
-0.261032
-0.218342
0.104851
-0.0621441
0.00460489
0.160429
-0.0528083
0.0573356
-0.169124
-0.296029
-0.0675036
-0.394478
0.207628
0.0677548
-0.0221699
-0.018878
-0.170242
0.0339805
-0.134657
-0.0690972
-0.160048
-0.800845
-0.14553
0.136801
-0.325675
-0.00907004
-0.320065
0.0987945
0.062942
0.0718922
-0.0575159
-0.129806
0.109484
0.0055502
0.406087
-0.124944
-0.146739
-0.109304
0.0107673
-0.0422414
0.235193
0.0748532
-0.361387
-0.177297
-0.217997
-0.0986701
-0.183067
0.363618
-0.12272
-0.354391
0.0897339
0.00654529
0.137996
-0.0469586
-0.12724
0.471578
-0.041153
-0.0340228
0.0317059
0.0265744
-0.173963
0.297737
-0.091731
-0.0784134
0.0829968
-0.151974
-0.324399
-0.492187
0.123577
0.386063
-0.0854076
0.214972
-0.171249
0.0594948
0.214722
0.201223
0.117628
-0.387247
0.107938
-0.0596862
-0.00175579
0.237694
0.196707
0.140279
0.250741
0.406288
0.115889
0.0921155
0.156991
0.0592696
-0.228412
0.133582
-0.069485
0.314118
0.0950364
-0.421539
0.0302922
0.00486148
-0.177163
0.012621
-0.0533997
0.0272638
-0.0309202
0.254164
0.113869
0.584188
0.0165772
0.167974
0.260873
-0.0103268
-0.0305693
-0.107265
-0.173534
0.0445358
0.00134787
0.022578
-0.191444
0.278026
0.109575
0.164201
0.0712985
0.0023054
-0.122248
0.0554398
0.363985
-0.0875919
-0.171279
-0.305572
-0.0733341
-0.0977841
-0.0349542
-0.357413
-0.0775813
-0.0276302
0.0179382
0.177765
-0.0222025
-0.512243
-0.0244515
-0.146253
0.0118138
0.0900391
-0.14315
0.00151975
0.00788794
-0.0819953
-0.106121
0.154755
0.190689
-0.0975055
-0.805586
-0.101669
-0.13656
0.176027
0.248729
0.175095
0.36026
-0.0769239
-0.185432
-0.0343045
0.0360754
-0.179742
-0.0565564
0.358017
0.171043
-0.140665
-0.0210956
-0.133502
-0.1213
0.0306521
0.11725
0.0362796
0.0725064
0.146937
-0.00188924
0.254437
-0.375086
-0.0385583
-0.067639
-0.215526
-0.428612
-0.228808
-0.0670103
0.555264
0.00952054
-0.331885
0.125725
-0.750415
-0.014662
-0.415833
-0.0190339
-0.148274
0.0494952
0.417384
0.203269
0.106196
-0.027325
-0.481311
0.276621
-0.00341221
-0.0473415
0.0473028
0.105055
0.337983
0.432558
0.363475
-0.0602775
0.107384
0.278843
0.442379
-0.0300182
-0.000115417
0.222437
0.240666
-0.41463
-0.164883
0.846841
0.168148
0.311613
-0.189027
0.115447
0.474604
-0.300445
0.0548866
0.443691
0.040363
0.18058
-0.03239
-0.0700581
-0.130623
-0.292112
0.637559
-0.135592
0.494548
-0.554555
-0.132963
0.128203
-0.0863767
-0.57594
-0.0388347
0.208317
0.250718
-0.175077
-0.0452615
0.148651
0.232588
-0.18308
-0.0160329
0.176183
-0.174903
-0.169491
-0.0723021
0.17486
0.245494
-0.0858164
0.235732
-0.301479
-0.0563052
0.073556
-0.0861655
0.128789
-0.115426
-0.111059
-0.139296
0.00616388
-0.0978516
-0.0687595
0.247837
0.759687
-0.120391
0.00993744
-0.15001
0.275157
0.281552
0.204799
0.563252
0.204655
0.153755
-0.0340336
0.320173
0.248322
0.267898
0.101674
0.174922
-0.189612
-0.138014
-0.0111529
-0.0126215
-0.173682
0.00181934
0.0931119
-0.14505
-0.147622
-0.185238
-0.0278579
-0.514901
-0.0470378
-0.0244515
-0.0538561
-0.0131698
0.0531673
0.137976
-0.00313122
-0.0642561
0.347277
0.509248
0.559217
0.0486176
0.101288
0.010102
0.283405
-0.33399
-0.245628
0.122748
-0.121525
-0.200912
0.202329
-0.041035
-0.00212683
0.259789
0.0547725
-0.0364118
-0.372232
0.237538
0.0700275
-0.0355291
0.0769615
0.0812775
-0.0662334
0.342599
0.0774198
0.047686
-0.119536
0.11556
0.00407946
0.0596789
0.404136
0.293353
0.0948793
0.442859
0.0191116
0.426738
-0.0166304
0.189411
-0.149996
0.0899648
-0.0371261
-0.160702
0.224459
-0.0629042
0.094251
-0.101734
0.349274
0.164589
-0.141072
0.459801
0.412595
0.0420012
0.0412881
-0.0300151
-0.347873
-0.109529
0.28513
-0.162413
0.045853
-0.0305775
0.49493
0.145026
0.182932
-0.158172
0.292572
-0.151209
0.0068605
-0.176065
0.0403588
0.0911914
-0.239251
0.0958701
0.279382
-0.0623522
0.0657061
-0.105057
-0.11703
0.319738
0.382631
-0.0653086
-0.105303
-0.046446
0.0451261
0.00447924
0.103065
-0.0926279
-0.237447
-0.00150944
0.0280552
0.0168586
0.0714759
0.125723
-0.13395
0.106358
-0.0711769
-0.290059
-0.112381
0.0473575
0.636866
-0.630389
-0.164764
-0.0516316
-0.0540791
-0.00580739
-0.332237
-0.0205399
0.118961
0.126012
-0.171469
-0.0688263
-0.296917
-0.10319
-0.0687419
0.100705
-0.0524618
0.0171336
-0.205087
-0.0873331
-0.214293
-0.421972
0.16746
0.0433669
-0.0135774
0.0122826
0.161342
0.218174
-0.117122
-0.395546
0.0146073
-0.324817
-0.280577
-0.045552
-0.000425136
0.0881446
0.00653257
0.255906
-0.0384213
-0.0140349
-0.0304029
-0.100941
0.0728161
0.531411
0.174366
-0.139507
0.0590002
-0.330031
-0.0724746
-0.128367
0.0285434
0.471474
-0.132456
0.222069
0.238432
0.130677
-0.0166486
-0.0593614
0.0970277
-0.0558734
0.244078
0.707271
0.453161
-0.1332
-0.102017
-0.0773389
-0.264173
-0.123381
0.0921374
-0.0213517
-0.127311
-0.031508
-0.102985
0.0573079
0.166688
-0.135306
-0.295431
-0.0450069
-0.181305
0.664914
-0.0293457
-0.0833329
-0.0198935
0.0765455
0.117383
0.149848
0.233233
0.295376
0.280998
-0.0711038
0.0846554
0.335961
0.162126
0.071648
-0.00156851
-0.176994
-0.0782067
-0.0720064
-0.125227
-0.104851
0.188627
0.245436
0.257246
-0.194432
-0.0519449
-0.0587913
-0.0387835
0.210188
-0.0959771
-0.0204152
-0.221481
-0.0422403
0.291232
0.187174
0.0717697
-0.285881
0.475985
0.19106
-0.105519
0.0754015
-0.0302329
-0.0369835
0.15533
0.215158
-0.267436
-0.47805
-0.287373
-0.306649
-0.285265
-0.198494
0.0296056
-0.120571
-0.230451
0.620414
0.291566
0.160063
-0.0230402
0.176351
0.0259981
-0.306663
-0.0733457
0.0759567
0.126666
0.107408
-0.00763521
-0.094186
0.0621823
0.00333287
-0.00189918
0.0453445
-0.0456656
-0.156392
0.0903101
0.35934
0.0303864
0.0326636
-0.434338
-0.452574
-0.00277078
0.236972
-0.0922816
-0.158304
0.306122
0.0590726
-0.142935
-0.0664049
-0.0843915
0.625528
0.0637704
0.0528456
0.161428
0.134418
-0.0143976
-0.0489935
0.26189
-0.195379
0.0702759
0.161548
-0.0618553
-0.0770898
-0.115603
-0.0700041
-0.0932479
0.154589
-0.530463
-0.162488
0.00975474
0.120414
-0.248676
-0.327996
0.0997264
-0.0433303
-0.0789244
0.0324096
-0.135725
-0.11358
-0.0873345
-0.0179697
-0.0138197
-0.0152706
-0.0264998
0.181228
0.133502
-0.204916
-0.232682
0.238579
-0.0389468
-0.177822
0.171711
0.120562
0.16891
-0.228307
-0.157476
-0.391681
-0.304126
0.206458
0.14212
0.068409
0.297113
0.0233406
-0.00876891
0.420504
0.0391132
-0.0680871
0.34263
0.206756
0.02279
0.472178
-0.0297822
-0.0549633
-0.33566
0.347263
0.177683
0.281425
-0.0335975
0.0496456
0.206778
0.246195
-0.0971985
-0.37106
-0.212577
0.12216
0.458203
0.299964
0.264246
0.115328
-0.325547
-0.114056
-0.0884449
0.0454343
-0.242691
-0.114257
-0.10082
-0.101725
0.0342009
0.216904
0.190654
-0.285956
-0.20335
0.284477
-0.10993
0.155637
-0.135258
0.0532816
0.406601
-0.0477866
-0.104335
0.122082
-1.17088
0.293499
-0.0162795
0.169191
0.117177
0.135725
-0.0480519
-0.081124
0.119078
-0.269156
0.402148
-0.0747369
0.00773093
0.167583
0.633391
0.0141003
0.314935
-0.103134
0.0280675
-0.141445
-0.176802
-0.274614
-0.000402815
-0.0877112
0.228933
0.169787
0.0427025
-0.373708
-0.385544
0.171908
0.419699
-0.0988648
0.0715078
0.412365
0.225584
0.542843
0.664759
0.131227
-0.0629944
-0.119954
-0.355126
-0.318067
-0.0385189
-0.0937927
0.176493
0.05017
0.354498
0.343742
0.25546
-0.126021
-0.0979571
0.59269
0.0956985
-0.0268352
0.132822
-0.322981
0.27417
0.226407
-0.312985
0.202709
0.0129762
-0.219341
-0.098869
0.0960692
0.0508205
-0.579514
0.159975
0.190862
0.163221
-0.0426596
0.315299
0.0683506
-0.0754886
0.105838
0.124372
0.0696693
-0.230908
-0.0432498
-0.0550404
0.240866
0.44892
0.0220932
-0.141418
0.0887673
0.0106065
-0.0998059
0.139753
-0.0123396
0.095427
0.0285211
-0.244827
0.112306
-0.115879
-0.263472
-0.220042
-0.0728097
-0.0178825
-0.0941379
0.253006
0.329084
0.00379704
0.0195073
-0.366627
-0.178247
0.200117
-0.203802
0.0356612
0.0840621
0.103372
-0.0519991
0.0838207
0.0806281
0.241095
0.0224236
0.0546314
0.0484276
-0.0206211
-0.0710396
0.0233726
0.765524
0.608769
0.000621246
0.119571
0.134545
0.0384654
0.104641
0.0828314
0.214552
0.0192696
0.108014
-0.339858
-0.103878
0.0484403
-0.0417519
0.148244
-0.293752
-0.329323
0.0838641
0.299222
-0.308299
-0.264353
0.12431
-0.0399025
-0.278678
-0.293137
0.319292
-0.45277
-0.0104991
0.0631417
-0.0118617
-0.279349
-0.0440569
0.0192992
0.0805427
-0.00627319
0.374502
-0.350412
-0.220115
-0.0288861
-0.550306
-0.179665
-0.0437486
-0.104727
0.116095
-0.0238013
-0.233221
0.124104
0.0269359
-0.0866246
-0.153362
-0.165648
0.470415
0.157429
-0.0197398
-0.114417
0.14897
-0.0897256
-0.322169
0.0397032
0.131413
-0.099069
0.250551
0.366916
0.0275727
-0.44667
0.0151703
0.221023
0.0368277
0.0269053
0.0249387
0.0283619
-0.118454
-0.112988
0.049697
0.0717584
-0.207574
0.235904
0.152266
0.0823164
-0.806123
-0.450231
0.203929
-0.152187
-0.0938217
-0.0215081
0.0288504
-0.385
-0.199173
-0.0226087
-0.0923261
-0.15997
-0.373336
-0.128804
-0.0186585
-0.150385
-0.262819
-0.0596256
-0.104081
0.34318
0.34872
-0.0670365
0.486655
0.313721
-0.0181065
0.413312
-0.0297251
-0.241122
0.0184599
-0.152824
-0.102592
0.0214939
0.021202
0.0917249
-0.0812383
0.00332237
-0.0576821
-0.0924275
0.00401825
0.190327
0.186708
