0.349842
-0.10673
0.0211054
0.147701
0.20544
-0.125446
0.117799
0.466479
0.40908
0.427382
-0.115748
-0.0443462
0.0369977
0.0112672
0.00804032
0.275498
-0.238459
0.290361
0.891959
0.105555
0.258518
0.0724307
-0.0497062
-0.0306402
0.259983
0.0191822
0.151945
0.46887
-0.0472617
0.121697
0.203873
0.107878
0.266591
0.321829
0.432648
0.382558
0.00295798
-0.00844324
0.185004
0.513038
0.0908404
-0.0767485
-0.0196594
-0.156767
0.190644
0.307677
0.924455
-0.203377
0.0975803
-0.0786735
-0.0691985
0.198284
0.159302
0.209915
-0.00679398
0.108934
0.183914
0.366286
-0.157729
0.172249
-0.082947
0.228411
-0.0461623
0.0873674
0.341856
0.35223
0.119173
0.504686
0.293704
0.105181
-0.0203741
-0.0502896
-0.0958241
-0.305605
0.513539
0.222624
0.221133
0.507957
-0.126551
0.0344853
0.435858
-0.0468595
0.386871
0.0333224
-0.126227
0.847716
0.0896978
1.19046
0.670209
0.234369
0.260312
-0.249786
0.0645533
0.550484
0.114691
-0.0457843
0.0294277
0.240211
0.573932
0.419249
0.212546
0.432478
-0.142067
0.44564
1.16674
0.513891
0.296386
0.811871
0.029097
0.156178
0.360716
-0.193413
0.193579
0.701214
-0.491415
0.433092
0.0434893
0.00191909
0.257428
-0.171233
0.0290784
0.10703
0.49253
-0.0505402
0.0494702
0.157491
-0.0062216
-0.117844
0.10722
0.307687
0.249311
-0.163544
-0.118928
-0.25819
-0.0759476
0.201545
-0.0630799
-0.1057
0.209447
-0.105636
-0.105266
0.055854
0.381699
0.562072
0.490611
0.0741687
0.125714
0.345429
0.0691887
0.178071
0.184444
-0.0973495
-0.0992245
0.696268
0.160707
-0.0423019
0.636749
0.105854
-0.407152
0.166773
0.0709717
0.275614
0.217903
0.036153
0.139939
-0.105168
0.0326726
0.231132
0.585879
0.290671
0.452996
0.527818
0.40052
0.427568
0.225425
0.0354026
0.0281623
0.169719
0.113743
0.416803
0.425607
0.240575
0.103893
0.253537
0.0394163
0.279588
0.341863
0.102138
1.04278
0.485601
0.445058
0.0908704
0.418068
0.201423
0.370694
0.367593
0.386305
0.0705381
-0.0139522
-0.0334198
0.329721
0.139146
0.22891
0.257228
0.699374
0.2306
0.500972
-0.0250805
0.425113
0.103569
0.985589
0.617179
1.32078
0.497664
0.246551
0.133514
0.0602845
0.0616324
0.259698
1.03892
0.215444
0.22857
0.215968
-0.186399
-0.303924
0.267658
0.0577783
0.00491994
-0.11512
0.156474
0.0587917
0.816191
0.359386
-0.201451
0.809756
0.203196
-0.0267767
0.223401
0.621847
0.945666
0.494839
-0.118726
0.0698175
0.151012
0.381649
0.0174062
-0.197937
0.271373
0.0170917
0.0889796
0.234118
0.258479
0.0659429
0.26812
0.0681792
0.500526
0.149611
0.0856167
-0.0166204
0.485815
0.596689
0.449972
0.0700489
0.0984125
0.452371
0.152393
0.452948
0.107913
-0.0182628
0.377143
0.0645606
0.0959257
0.150133
0.544631
-0.0792594
0.284233
0.236907
0.0577835
0.44094
0.329888
-0.0522424
0.344147
-0.0303029
0.0602666
0.708545
0.0285958
0.50052
0.0142613
0.207831
0.627853
-0.0381261
-0.110761
0.476653
0.344936
-0.130775
0.134121
0.661026
-0.0175314
0.677856
0.798227
0.145557
0.0212578
0.0916544
0.380136
0.0696036
0.337506
0.245828
0.0583243
-0.0328124
0.16665
0.311183
1.40554
0.0334225
0.134404
0.0485871
0.180487
0.0377458
0.0213348
0.186085
0.284932
0.0534097
-0.0617156
0.317348
0.361733
0.265673
0.232515
0.0451346
-0.147813
0.285219
0.288897
0.0148341
-0.0354052
0.178701
0.00121708
0.00757613
0.253329
0.130353
0.447786
0.133387
0.0666296
-0.109329
-0.00751115
0.439127
0.0894959
0.407965
0.112823
-0.0380964
0.396457
0.427
0.593236
-0.141113
0.186174
-0.102507
-0.215462
0.848062
0.658133
0.439245
0.0401075
0.343878
0.185231
0.00800792
0.527322
0.147862
0.452976
0.210537
-0.0267658
0.205436
0.246076
0.0800444
-0.432897
0.239349
0.194986
0.35323
0.414107
-0.0417274
0.0849102
0.189155
0.130462
0.135754
0.207141
0.103114
0.145748
0.132728
0.329926
0.201789
0.161495
0.0785422
0.240731
0.0380776
0.0299985
0.627421
0.186185
-0.0111877
0.334001
0.0428134
0.054293
0.0452776
-0.00656869
0.131547
-0.190345
0.187288
0.019411
-0.224857
-0.0198892
0.797306
-0.295913
0.100766
-0.13165
0.0781691
0.422339
0.494093
0.348703
0.296554
0.371406
0.715776
0.557794
0.107784
0.0919834
0.00525323
0.492957
0.376213
-0.231327
-0.0452508
0.131902
-0.0193579
0.0296738
0.292784
0.305096
0.234612
-0.118884
0.241779
0.210712
0.386481
-0.475276
-0.581308
0.222374
0.531487
0.391481
0.0556809
0.207496
-0.108851
0.0496277
0.00578892
0.0913622
0.0584083
0.00911827
0.120585
0.0426447
0.84054
0.393593
0.115855
0.0312722
0.210255
-0.0704918
-0.102969
0.658172
0.0558248
0.116251
0.457737
0.403158
0.315014
0.198336
0.315191
0.60846
0.543903
0.172982
0.118342
0.229255
0.0553007
0.0521148
0.0634279
0.62175
0.0887154
-0.109706
0.658504
0.461974
0.67369
1.33676
0.33875
-0.0308211
0.220467
0.360505
0.00314088
-0.114074
0.0390974
0.0109284
0.461375
0.0980332
0.062093
0.233909
0.0291647
0.154464
0.31078
0.316233
0.260678
0.13383
0.274063
0.150782
-0.0884249
-0.0178575
0.0776633
0.211328
0.0795639
0.174573
0.613304
0.385911
0.112927
0.395568
0.523921
0.696009
0.114892
0.315793
0.175067
0.743665
-0.109865
0.109782
0.107656
-0.172504
0.0968707
0.370882
0.20394
0.0153912
-0.000563422
-0.0128998
0.289508
0.123203
-0.0397781
-0.00562554
0.205118
0.191088
0.0254273
0.247945
0.0212696
0.0713946
0.271523
0.357323
0.321761
-0.231902
-0.0841425
0.378488
0.476496
0.5126
0.549708
0.150065
0.374848
0.103938
0.193329
0.0703612
-0.0153334
0.00317953
0.151803
0.353157
0.201549
0.146928
0.386516
0.433084
0.239487
-0.0913193
0.0292343
0.118108
0.0962024
-0.0487812
-0.0030613
0.358454
0.0188396
0.294058
-0.0467586
0.0355853
0.153013
-0.0871593
-0.0652738
0.576393
0.842945
-0.31676
-0.0550664
0.264283
-0.0935201
0.488688
0.49025
-0.159566
-0.186222
-0.177665
0.0571043
0.436787
0.0422053
0.0188552
0.366991
0.407355
0.588077
0.0104946
0.291188
0.587573
0.076556
0.372838
0.160573
0.284743
0.164795
0.0785066
0.303041
0.0753877
-0.255014
0.402139
0.059273
0.136046
0.198631
0.0875033
0.103399
0.544422
0.219641
0.138316
-0.0729098
0.153467
0.026248
0.000870489
-0.241555
-0.25959
-0.0343034
0.404521
0.299635
0.0150906
0.451725
0.831547
0.440712
0.310797
0.188544
0.561555
0.192467
0.0906395
0.0565358
0.104686
0.119379
0.957811
0.309273
0.071544
0.11918
0.0911654
0.431382
0.726365
0.311863
0.554393
0.50636
0.0860396
-0.0342402
-0.0938038
-0.156181
0.0991945
0.234175
0.0832599
0.0325669
0.151509
0.385624
0.283417
0.0125942
-0.332896
-0.0188177
0.0180425
0.383722
0.319556
0.0846173
-0.199734
-0.0311549
0.0626444
0.10468
0.0677671
-0.0777416
0.0338194
0.272531
0.46111
0.537019
0.181266
0.251379
-0.0739157
0.0394367
0.15106
0.318885
1.21924
0.645202
0.241965
0.334082
0.145671
-0.0202198
0.357595
0.447569
0.184517
0.0900105
0.385387
-0.115476
0.578676
0.612452
-0.113881
0.0491303
0.0346991
-0.00612064
0.219044
0.291277
0.171302
0.243147
0.518522
0.725208
0.408319
0.164304
0.623721
0.20186
0.408437
0.0357878
0.563261
-0.189437
0.17656
-0.0190907
-0.0993855
-0.133607
0.395339
0.312013
-0.431981
0.120737
-0.0219196
0.174908
0.399284
0.174503
0.355288
0.304276
0.254778
0.198297
-0.118168
0.0616335
-0.33572
0.195349
0.446827
0.186757
0.0822293
-0.163454
0.0399779
0.19271
0.0743241
0.045119
0.00745744
0.157197
0.036821
0.321349
0.206918
0.314648
0.739645
0.0600996
0.280276
0.603823
-0.106123
-0.272384
-0.0245727
0.242355
0.567896
0.308535
0.0999075
0.172303
-0.00894838
0.103229
0.00211435
0.198254
0.0886174
-0.488059
-0.218978
0.156184
-0.0146345
0.077083
0.404856
0.26046
0.270775
0.0465317
0.2071
0.371831
0.619012
1.16793
0.0950849
-0.0240597
0.282158
0.796993
0.436367
-0.123987
-0.0322485
0.475588
0.12113
0.316169
0.163212
0.108637
0.023395
0.611831
0.185609
-0.108267
0.164522
0.451289
0.132189
0.172791
0.0217351
0.397205
-0.0405257
0.850299
1.16772
0.31192
0.212493
0.040026
0.148949
-0.0361562
0.0723349
0.335065
0.282388
0.225694
-0.100739
0.226991
0.409441
0.403975
0.184013
0.0509714
0.567118
0.757405
0.253018
0.304987
0.044708
0.251709
-0.084179
-0.115692
-0.379109
0.187121
0.188627
0.290695
0.0473261
0.399021
-0.153604
-0.0695242
-0.0103246
-0.127107
-0.000301683
0.412468
-0.134505
0.072877
-0.102823
0.147207
0.455663
0.175121
0.0169435
-0.0831272
0.208035
0.437856
0.230983
0.0476743
0.215046
0.14942
0.48034
-0.227494
-0.0557097
0.130153
-0.0788191
0.363993
0.265835
0.773936
0.333545
0.059404
0.300882
0.0284775
0.241476
-0.176841
0.0259634
0.264435
1.00383
0.452331
0.111406
-0.065245
-0.0602099
-0.0149056
-0.0444583
0.464451
-0.0744614
0.0231954
0.568842
0.236441
-0.0392822
-0.00878717
-0.200001
0.128533
0.250851
0.162487
0.0937293
0.149038
0.153861
0.0735533
0.336043
0.146098
0.185633
0.135361
0.177757
0.0102362
0.033761
-0.0488226
0.0621562
-0.0392739
0.175068
0.117677
0.319511
0.110205
0.301481
0.548921
0.210616
-0.179428
0.230273
-0.272145
0.164844
0.476337
0.206481
0.177514
0.212529
-0.0447467
0.010879
0.180746
0.298743
0.0698283
-0.0849957
0.05689
-0.146097
0.147805
-0.0404743
0.203538
0.236055
0.561435
0.358356
0.276037
0.335133
0.178998
0.128584
0.222371
-0.0247806
-0.0526648
0.341089
0.07763
0.331965
-0.128703
0.523588
0.268779
0.172282
0.150976
-0.262781
0.193311
0.225422
0.190469
0.597787
0.302285
-0.190696
0.294354
0.00804282
0.416184
0.575465
0.204879
0.25855
0.0621876
0.254506
0.0442636
0.311988
-0.0390232
0.194284
0.231542
0.153295
-0.126301
-0.0473389
0.66828
0.382303
0.19633
0.000345254
0.790188
0.136156
-0.0106703
0.53623
0.164482
0.140606
0.475479
0.343101
0.394991
0.0539291
0.0353139
-0.153054
0.172228
-0.13963
0.00185551
-0.0615815
0.274148
0.109272
0.36261
-0.0574176
0.204184
0.242145
0.176192
0.145413
0.17126
0.0550158
0.110094
-0.211332
0.52722
0.133863
0.095712
0.308713
0.0947983
0.00433491
0.174503
0.426716
0.166559
0.135048
-0.26199
0.305578
0.17095
0.407726
0.00763058
-0.0905128
0.0733771
0.388577
0.217449
-0.0771301
0.00667514
-0.0946819
0.217047
0.652379
0.307163
0.316417
0.365733
0.0212004
0.00969333
0.378575
0.0085908
0.291965
0.0075774
0.10148
-0.076945
0.139496
-0.023153
0.234338
-0.138758
-0.0750519
0.0671492
0.405264
0.0167109
-0.047842
-0.0171724
0.0491192
0.452734
0.163643
-0.261789
0.234601
0.136697
0.155443
0.372575
0.216254
-0.326121
-0.101059
-0.0554705
0.181213
0.241475
0.234946
0.190161
0.449208
-0.000122079
-0.0218545
0.0770944
0.733792
0.47216
-0.215369
0.339048
0.362901
0.492049
0.204404
0.124299
0.0571283
0.182241
0.633849
0.640607
0.710743
0.164228
0.131751
-0.0881916
0.0984313
0.0572577
0.0487567
0.0480621
0.175681
0.14603
-0.00465888
-0.195129
0.695001
0.45397
0.238635
-0.263209
0.248319
0.209584
-0.0563678
0.221204
0.129511
0.293129
0.158689
0.060973
-0.0995305
0.328288
0.0515576
-0.0878825
0.252218
-0.272059
0.0481309
-0.00848663
0.0277169
0.0303733
0.396676
0.0198007
-0.0132265
0.277588
0.413317
0.230132
0.00332265
0.0947761
0.115441
0.0776219
0.0812173
0.497302
-0.0793157
0.117097
-0.0401159
-0.0308338
0.188223
0.287987
0.283087
0.597088
-0.032564
0.536283
0.409923
-0.118559
0.608702
0.250336
0.102929
0.0520572
0.0128564
-0.20766
0.0408928
-0.00216059
0.139063
0.0312267
0.0615232
0.108646
0.174099
0.220057
-0.0865873
-0.0594949
-0.102392
0.0785396
0.194541
-0.2476
0.291114
0.367432
0.366272
0.581905
0.262163
0.630431
0.424008
-0.0674297
0.384799
0.22437
0.62087
0.176103
-0.0905907
-0.00712558
0.425562
-0.106886
0.304544
0.159688
0.00874705
0.38564
0.230785
0.244767
-0.153214
-0.225133
0.623069
0.328604
-0.155302
0.0621519
0.131803
-0.124668
0.0814372
0.691544
0.297687
-0.121947
0.0625801
-0.0893262
-0.0425594
0.180279
-0.364952
0.0132485
-0.0780406
0.00533486
-0.0865998
-0.0111289
-0.0234189
0.0720043
-0.0596222
-0.14412
-0.0184863
0.184827
-0.0652071
-0.0461236
0.456849
0.287933
-0.0580473
0.37678
0.373971
-0.172966
0.280211
0.58777
0.458143
0.0908912
0.00688726
0.770735
0.0878031
0.0503489
-0.318256
0.116884
-0.048554
0.311819
-0.0230839
0.368385
0.798254
0.183175
-0.136015
0.741525
-0.182728
0.450225
0.301438
0.608651
-0.0373814
0.11839
0.191546
0.118367
0.176566
0.181903
0.0545668
-0.0332485
0.403273
0.259022
0.181025
0.554496
-0.0960512
-0.0490895
0.0770536
0.347096
0.191115
0.214736
0.171479
0.268459
0.0932526
-0.148721
0.0753307
0.0506932
0.20962
1.08048
0.129896
0.0904493
-0.0229228
0.0170298
1.34319
0.227422
0.176465
0.296693
-0.115078
0.130367
0.321779
0.465162
0.499896
0.253022
0.433388
-0.0142066
-0.0323188
0.127782
0.145353
0.0614227
0.298537
0.231563
0.558518
-0.0597298
0.533119
0.00144389
-0.182918
0.133714
-0.221459
-0.045557
0.0701441
0.0269397
0.20024
0.0204906
0.121441
0.40039
0.141202
0.226759
0.078979
-0.070026
0.133894
0.0659032
-0.048965
-0.0146682
0.168177
0.317592
0.60192
0.270468
0.056954
0.074871
0.145838
0.300684
0.267209
0.35314
0.048028
0.782561
-0.0392008
0.265355
0.193021
-0.0100911
0.373128
0.0392413
-0.0716586
0.105944
0.208204
0.429331
-0.0984415
0.340843
0.58491
0.624832
0.207684
0.455399
0.293451
0.188856
0.500981
0.613729
-0.104876
-0.00611076
0.0139513
0.362648
-0.0338156
0.0404971
-0.0527685
0.0972603
0.0416827
0.243385
0.00635263
0.0631883
0.0846884
0.269553
-0.0279695
0.381842
0.447101
0.0604819
0.185283
0.281836
0.0834493
0.109788
0.0223988
0.0714159
-0.296851
0.046014
0.100305
-0.186527
0.140811
0.0219288
-0.0925761
0.358811
0.0703651
0.0299979
0.443067
0.109863
0.0395202
0.197953
0.518262
0.0903115
0.349676
-0.0616614
0.395671
0.0972045
0.167414
0.0419772
0.058458
0.0214052
0.21488
0.585587
-0.355118
-0.00757391
0.123044
0.0599701
0.371524
0.179017
0.283027
-0.0195648
-0.0858421
0.0181167
0.442171
0.0781254
0.17042
0.0567188
0.215203
0.115606
0.334428
0.0683359
0.568386
0.479627
0.445922
0.189006
0.387796
0.197978
-0.29679
0.205403
0.0257133
0.254035
0.0954121
0.491748
0.441711
0.0994709
0.0018382
0.111742
0.173299
0.222834
0.373767
0.0874704
0.100393
0.330262
0.216518
0.0211726
0.509925
0.0644761
-0.114465
-0.00962961
0.0229069
0.105576
-0.220796
0.0440592
0.0678467
0.316524
-0.122809
-0.0548903
-0.00904666
0.0362621
0.245826
0.15206
-0.000679646
0.0397357
0.1588
0.131826
0.0962246
0.255331
0.176334
0.621826
-0.0529782
-0.183438
0.552266
0.240262
0.867846
1.14363
0.884896
0.0711547
-0.0270933
0.030031
0.27022
0.0444214
-0.174361
0.363045
0.301265
0.381117
0.365522
0.126734
-0.0636863
0.0615226
-0.0841701
0.102426
-0.163936
0.228143
-0.0521055
0.396953
0.327303
0.14532
0.205313
0.160614
0.180578
-0.0791073
-0.0603401
0.106731
0.487057
0.363787
-0.0510646
-0.0131759
0.198086
0.452703
0.343523
0.137963
0.198876
0.12547
0.027416
-0.296957
0.0113198
0.0296279
0.330468
0.291513
0.099445
-0.302308
0.162426
0.194563
0.152109
0.12147
0.0936916
0.157582
0.135509
-0.00208701
0.640744
0.026182
0.403044
0.0294084
0.224131
0.00177761
0.0445224
0.238743
0.0621414
0.374795
0.311035
-0.0549657
0.307961
0.126656
0.0330065
0.186027
0.448779
0.357335
-0.174012
0.0819618
0.116027
0.772217
0.593718
0.304823
0.726679
0.173816
0.300165
-0.196998
0.879581
0.0302663
1.07839
0.0841647
0.161188
0.0794468
0.0373775
0.179519
0.0564164
0.320512
0.178496
0.104411
0.23716
0.326182
0.60256
-0.0525228
0.416648
0.122856
-0.0108418
0.0630313
0.172343
0.0544187
0.454701
-0.0183116
0.284411
0.429923
0.024406
0.0798803
0.383989
0.294917
0.13519
-0.282938
-0.0894308
0.0840222
0.113743
-0.123694
0.0267522
-0.0327575
0.486839
-0.0329143
0.0964437
0.336785
0.224799
0.0375317
0.255288
0.079695
0.309488
0.00617823
-0.0865715
0.0294249
0.15293
0.0819272
0.490183
0.200808
-0.0156684
-0.0527956
0.139136
0.0319951
-0.038211
0.201895
0.293326
0.625543
0.250431
0.00466424
0.287109
0.579574
0.17983
0.366102
0.333382
0.87623
0.0185037
0.227028
-0.065009
-0.0185148
-0.0225358
0.221854
0.403916
0.144642
0.208007
0.376621
0.434228
0.529065
0.0908408
0.629187
0.247324
-0.0279215
-0.044743
0.0258577
0.214063
0.314428
0.0761144
0.0677415
-0.0609248
0.165233
-0.0114145
-0.0313993
0.143126
0.0879998
0.316349
0.102817
0.231337
0.17028
0.121411
0.735272
0.290915
0.0301788
0.00948857
0.00705104
0.183594
-0.0375678
-0.0940949
0.0168115
-0.00543771
0.151406
0.144668
0.156203
0.551038
0.315808
0.168276
-0.0438421
-0.0403375
0.375071
0.548887
0.164827
0.347226
-0.0643388
0.190583
0.0732324
0.0283837
0.0552936
0.285618
0.0376528
-0.302267
-0.138346
-0.0120234
0.0901063
0.187755
0.216837
0.184768
0.0508563
0.443295
0.235935
0.0593911
-0.148567
0.113709
0.0794268
0.264096
0.591312
-0.223741
0.0624437
0.257637
0.157943
0.144775
0.135099
0.0269063
0.243525
0.08573
-0.0859898
0.13108
-0.0313908
0.35867
0.598135
0.0291331
0.531984
-0.0409152
-0.269031
-0.0280069
0.148641
0.0648892
0.00489294
-0.0436537
0.279503
-0.0590798
0.355489
0.229883
0.204699
0.161264
0.0301905
0.0729961
0.252198
0.0630595
0.350791
0.155476
0.22904
-0.0569285
0.186373
0.0915436
0.031105
0.368273
0.581381
0.0637132
0.378683
0.320917
0.00278073
0.214062
0.152729
0.28179
0.343061
0.099581
-0.0792054
0.170628
0.0872886
0.403492
0.157212
0.244834
0.830946
0.930303
0.544383
0.0805388
0.116205
0.19538
-0.0167022
-0.0262211
0.0470929
0.197484
0.140263
0.36839
0.138814
0.120388
-0.0917878
0.198738
0.284102
-0.0153455
0.432666
0.322167
0.527097
0.476777
-0.0341215
-0.103407
0.0916147
-0.0668548
-0.34352
-0.138578
0.0856034
0.182319
0.312222
0.157001
0.362248
-0.151281
0.296292
0.513966
0.257952
0.0238589
0.361341
0.226215
0.14285
0.20869
0.0251702
0.283581
0.852251
0.405804
-0.086159
0.00227468
0.219253
0.0101113
0.0141718
0.0129413
0.155629
0.391684
0.243338
-0.0635181
0.147496
0.52904
0.142842
0.285246
0.248375
-0.112106
0.347484
-0.0464501
0.154705
0.308498
0.000933529
-0.160753
0.288213
-0.0186959
0.0515662
-0.0381694
0.679739
0.149808
-0.0483088
-0.0913751
0.023999
0.186309
0.155495
0.0401834
-0.00888331
0.506955
-0.2593
0.0714945
0.108694
-0.303436
-0.0147448
-0.201603
0.487278
0.0366793
0.0412494
0.207252
-0.0341497
-0.0407288
0.270472
0.303275
0.0446432
-0.221947
-0.412111
-0.0555195
0.822823
0.219933
0.404329
-0.129444
0.0642246
0.366611
0.367168
0.0740981
0.294641
0.0991223
0.027787
-0.116887
0.0650496
0.290964
0.154617
0.102262
0.384993
0.0130835
0.254868
0.212611
0.370123
0.0567603
0.0412101
0.0997915
0.139857
0.669809
0.801809
0.23584
0.187668
0.133384
0.34491
0.00130389
0.617767
-0.207745
0.3473
-0.052515
0.00736429
0.185589
0.199187
0.0745381
0.365458
-0.0920815
0.0224539
0.0542565
-0.0371648
0.287574
0.245167
0.0567333
0.113386
0.176296
0.0749934
0.237461
0.275236
-0.05035
0.0415148
0.168879
0.290425
0.0519111
0.0731491
0.0290035
-0.106596
0.319971
0.720285
0.203536
0.0735665
0.15405
-0.11159
-0.0173311
0.120421
0.273375
0.568467
0.200259
-0.268947
-0.108156
0.150091
-0.000448235
0.173493
0.156131
-0.0740185
0.279245
0.344184
0.216668
-0.0131973
0.347648
0.306904
0.377175
0.343157
-0.126885
0.348556
0.2613
-0.202688
0.299355
-0.126934
0.182714
0.137151
0.526129
0.108608
0.216497
0.311336
0.789449
0.0649449
1.00042
0.747656
0.192823
-0.130649
0.0539773
0.573343
0.38522
-0.0418286
0.335829
0.304614
0.0520262
0.307363
-0.0993814
0.144959
0.107771
0.584453
0.129569
0.218319
0.308716
0.0832579
0.246578
0.175749
-0.095723
0.000508911
0.0425055
0.435735
0.213071
0.155039
0.136185
0.0729612
0.245375
0.429006
-0.0209553
0.241879
0.114681
0.0645011
0.246437
-0.012389
0.0509745
-0.139283
0.181034
0.135578
0.170763
0.140248
0.37744
0.621603
0.174393
0.164082
0.636159
0.384534
0.0980492
-0.0654445
0.0288782
0.0962435
0.46192
0.523761
-0.482194
0.0628068
0.044848
-0.432714
-0.0428954
0.0450272
0.0305572
0.129585
0.0055543
0.132877
-0.0497771
-0.119196
0.0338824
0.26412
0.308158
0.11458
0.157051
-0.0249138
-0.0380275
0.424619
0.293554
0.104237
0.323211
0.231279
0.233477
0.140937
0.266966
0.358715
0.170132
0.145552
-0.0216366
0.196293
0.324725
0.185455
0.0954222
0.31087
-0.0417309
0.131076
-0.256061
0.254223
0.429124
0.393547
0.713739
1.06154
0.120073
0.439303
0.324356
0.167896
0.306547
0.609454
0.563091
0.157793
0.284081
0.258005
-0.0170809
0.277108
0.247586
0.244188
1.02898
0.979329
0.0876282
0.260624
0.37313
-0.0504044
0.0984028
0.0603393
0.22085
0.0461827
0.21128
-0.0686191
0.139599
0.105998
0.258249
0.28529
0.0768237
-0.053165
0.594526
-0.0680073
0.0398439
-0.0352945
0.333439
0.121758
0.173401
0.791978
0.323979
0.31721
0.349992
-0.0309233
-0.0802241
0.510462
-0.555371
0.00047818
0.0510927
0.121798
0.0358362
0.302349
0.369396
0.498227
0.275723
-0.0832664
0.460162
-0.0788075
-0.38273
-0.1283
0.193235
0.23708
0.277369
-0.185511
0.0534302
-0.0125859
0.391908
0.0332815
-0.0846178
0.193713
0.834747
0.378978
-0.159068
0.0207449
0.0617134
-0.00392733
0.0625965
0.0531937
0.377655
0.267912
0.337529
0.0511392
0.675434
0.84953
-0.0695041
-0.227832
-0.0529956
0.0760118
-0.0848437
0.212178
0.247813
0.0631545
0.133602
0.00199432
0.245121
0.0456074
-0.0498985
-0.31805
0.203854
-0.0647263
-0.445529
0.137779
0.144261
0.0656205
-0.00550214
0.133031
0.104055
-0.177666
0.383549
0.576405
0.484047
0.211702
0.459266
-0.0496974
0.202706
0.387711
0.607852
-0.413725
0.0859466
0.0353113
-0.346904
0.309407
-0.0478037
0.444816
-0.215176
0.0992009
0.125177
0.22917
0.469582
-0.0242421
0.195406
-0.0175538
-0.170712
0.217527
0.126553
0.312362
-0.0507669
0.287052
0.620804
0.216615
0.0828253
0.339564
0.0981072
0.0583469
-0.00137553
-0.204391
-0.0758476
0.262424
0.0433553
0.26924
0.103974
0.262506
-0.0475788
-0.0798618
0.317555
0.219053
0.321571
0.28397
-0.017066
0.212549
0.175109
0.277193
0.345534
-0.0316678
0.525214
0.175868
0.489977
0.325722
0.297996
0.0854445
0.103658
0.183964
0.356087
0.0440134
-0.050276
-0.0260974
0.0536429
0.129606
-0.0838821
0.158484
0.578211
0.0411251
0.259103
-0.0621741
0.28158
0.16155
0.11039
-0.10017
0.0606816
-0.138819
0.299268
-0.294546
0.433237
0.0390245
-0.0301916
1.0497
0.462052
0.398279
-0.00647114
-0.0966222
-0.0264107
-0.215542
-0.084928
-0.0380009
0.0305963
0.0243972
-0.1237
0.442848
-0.0155984
0.298162
0.0906221
0.0661758
0.0443455
-0.0489899
0.485163
0.0408078
0.224101
0.633041
0.0584697
-0.0217723
-0.0752769
0.576468
0.604939
0.415012
1.06979
-0.148513
0.254735
0.0204923
0.246899
-0.0595278
0.297455
0.0117192
0.306537
-0.0584829
0.154894
0.549081
0.303612
0.0174075
0.125091
0.14642
0.262167
0.316493
0.298167
0.124692
0.0202188
-0.085805
0.302872
0.00869278
-0.168027
0.0443722
0.108128
0.199305
-0.00794227
-0.0400825
0.0860147
-0.146865
0.908301
0.854016
0.203146
-0.0630645
0.257825
0.170196
0.234494
0.127283
0.443806
0.311311
0.398813
0.778818
0.394514
0.908857
0.298384
0.437583
0.511431
0.209387
-0.00648253
0.00140464
0.28535
0.234971
0.095263
0.191939
0.286404
-0.10115
0.518693
0.174703
-0.0361349
0.0210494
0.530686
0.0935531
0.40491
0.583523
0.210855
0.187169
0.185414
-0.072238
0.13177
-0.0209092
0.0766267
0.384575
-0.149141
0.159379
0.430519
0.0398049
0.00918341
0.336247
0.227412
0.159402
-0.304203
0.0280894
0.0430049
0.275634
0.397307
0.315862
0.241291
-0.0419304
0.356384
0.125701
0.153563
0.0259283
0.316385
0.0792937
0.128438
-0.0492648
0.0465173
0.215175
0.54506
0.199964
-0.0977939
0.0410555
-0.0139633
0.505321
0.419696
0.555939
-0.013712
0.288437
0.0801502
0.310347
0.435111
0.21257
-0.0236989
0.0316625
0.67695
0.374171
0.154809
1.16932
-0.0423426
0.146347
-0.144635
0.273072
0.360723
-0.0870228
0.14072
-0.299266
0.0808032
0.692085
-0.209813
-0.0146358
0.38325
0.53109
0.129591
0.654744
0.141197
0.213485
0.14093
0.12424
0.434084
0.405984
0.0296846
-0.0539066
0.119946
-0.0019032
-0.00998286
0.146836
0.306447
0.166029
0.240111
0.651301
-0.432833
0.0663779
0.137703
-0.0338574
0.0945027
-0.124504
0.36037
-0.0251527
0.307966
0.0447253
0.104145
0.12028
0.0595177
0.142559
0.0912543
0.158447
0.145796
0.0279339
-0.325539
0.138574
0.14131
0.208815
0.682054
0.27967
-0.12836
0.182097
0.255351
0.0362241
0.264857
0.0447332
0.0709454
0.0693704
-0.197456
0.253581
0.499485
-0.149678
-0.0398259
-0.0806243
-0.000961417
0.0296097
0.156551
0.267372
0.339346
-0.0819525
-0.0584117
-0.00973485
0.032637
-0.260185
0.0242371
-0.00365263
0.219276
0.302794
0.414268
-0.0107503
0.268822
-0.0283896
-0.00631024
0.317416
0.110711
0.328393
-0.0974132
0.0642399
0.385355
0.136473
0.197351
-0.0832133
0.836344
0.082719
0.159843
-0.23875
0.0456647
0.363625
0.169874
0.360968
-0.139564
0.257759
-0.0980402
0.238799
0.187574
0.069607
0.121618
0.32586
0.115442
0.228008
0.0975095
