0.321043
0.156217
0.358699
0.348904
0.0802053
0.120365
-0.0897931
-0.151857
0.00536237
0.117362
0.142931
-0.112833
0.150055
0.00191032
0.240786
0.0968213
0.0430568
0.238739
-0.551757
0.0464124
0.114586
0.0507595
0.218213
0.211249
-0.101015
0.0873868
0.345789
0.0956564
-0.0171639
0.183735
-0.00973602
-0.0932777
0.124845
0.355971
0.139935
0.128062
-0.254269
-0.167734
-0.0216445
-0.0141411
-0.126333
0.0449137
-0.0803741
0.123974
0.130962
-0.244658
0.242731
-0.172626
0.0146146
-0.122709
0.0894033
-0.142706
-0.111555
0.184971
-0.207867
0.193479
0.0662758
-0.48314
0.083461
-0.0285046
0.00743568
0.104995
0.28736
0.0741268
-0.358706
-0.159489
0.07807
0.0730689
0.128597
-0.0718266
-0.214802
-0.182787
-0.200502
-0.0983381
-0.642519
-0.297777
-0.00143675
0.236611
0.0013384
0.196356
0.321166
0.104666
-0.309631
0.0948454
-0.236537
-0.734067
-0.145416
-0.635155
-0.12635
0.245255
0.390247
0.144976
0.172911
-0.6276
0.0529118
0.0593703
0.0771945
0.267514
0.21894
0.331324
0.104124
-0.128517
0.577766
0.149879
0.0510028
0.394413
0.131336
0.0686526
-0.161368
0.092169
-0.13727
-0.164186
0.13658
-0.0259612
-0.108374
0.451246
0.160749
-0.230167
-0.470094
-0.432935
0.063532
-0.116479
0.364844
0.259244
0.0422792
-0.0540322
0.334973
0.196664
-0.181795
0.42352
0.191517
0.0427018
0.00875769
0.0525525
0.280957
0.146276
0.00128157
0.301095
0.25659
0.142354
0.999204
-0.458133
-0.152858
-0.0130289
-0.157608
-0.583337
-0.0630759
-0.338966
-0.103584
-0.331265
0.0773369
-0.0821326
0.17453
0.0212683
0.0243059
-0.217724
-0.424433
0.0479158
0.0013273
-0.0971005
-0.0140646
-0.276271
-0.150443
-0.0658121
0.113659
0.106879
0.125452
-0.0052155
0.602115
-0.0687554
-0.531141
-0.110371
-0.364799
0.129819
0.192084
0.147577
0.117213
0.0432671
0.0544919
0.083352
-0.295859
-0.368037
-0.0123675
-0.139739
-0.0115876
0.368345
0.0757431
0.135504
0.432918
-0.00073864
0.220003
-0.0144147
0.149643
-0.505217
-0.29313
-0.435411
-0.00492651
-0.0655984
0.127208
-0.0640194
-0.24051
0.198764
0.162026
-0.243226
-0.220942
0.0805671
-0.148884
-0.320291
0.515808
-0.297157
0.198055
-0.144372
0.0657684
0.0878258
-0.222804
-0.184659
-0.00668974
0.0575094
0.342943
0.420394
-0.13847
-0.0205346
-0.0150104
-0.0434721
-0.311743
-0.177183
0.406736
-0.519479
0.156824
0.138645
0.349529
0.544581
0.247516
-0.143721
-0.130216
-0.318268
0.332857
-0.0426103
0.118716
0.209074
-0.339616
-0.108973
-0.162463
0.172128
-0.0044265
0.0133677
0.142239
0.00059302
0.180565
0.306983
-0.292781
-0.0447218
-0.271727
-0.166851
0.16195
-0.0136652
0.0233149
-0.190097
0.1663
-0.231514
-0.485301
-0.469714
-0.333514
-0.14326
0.166833
-0.530887
-0.0353905
-0.0218533
-0.0542246
-0.19889
0.106602
-0.0999138
0.0479744
-0.192258
-0.058135
0.514494
0.097018
-0.305407
-0.203047
0.481568
0.0793633
0.144822
0.0460238
-0.0488973
-0.0587453
-0.0666236
-0.154485
0.0132825
0.143165
-0.00847547
0.154418
0.0103315
-0.38945
-0.044905
-0.015355
-0.176553
-0.00823801
-0.266592
-0.433573
-0.0847196
-0.215739
0.1542
0.0997068
0.142499
0.219881
-0.0614766
0.465835
-0.214162
0.298537
0.411127
0.347559
0.465822
-0.0851396
0.0877741
-0.173908
0.117311
-0.00162699
-0.0694861
0.00260579
-0.158517
-0.0367524
0.0116935
-0.334083
-0.0256614
0.0670879
-0.0772809
0.28871
-0.166801
0.0339492
0.386281
-0.0173516
0.0205927
-0.0524357
0.0932883
-0.32182
0.0338654
0.203595
0.00844622
0.0821982
0.159863
-0.28625
0.00468329
0.383819
0.0965851
0.0384676
-0.0662295
-0.271192
-0.365366
0.261293
-0.379809
-0.264158
0.0745597
0.0150254
-0.214681
0.538035
0.908362
-0.0941039
-0.0240624
-0.245358
-0.300128
0.0977818
0.415549
0.747056
0.439783
0.231867
0.287175
0.0220193
-0.108302
0.200506
0.272986
0.136354
-0.0748996
0.106138
0.17349
-0.0409708
-0.179852
0.155247
-0.230273
-0.121373
-0.168558
-0.0487362
0.187764
-0.083945
-0.00344535
0.247041
0.0661321
0.136038
0.0518663
0.0151681
-0.106151
-0.149135
0.0915106
-0.109489
0.0904349
0.0646511
0.031194
0.203511
-0.0521938
0.116849
0.329789
-0.350217
0.204205
0.292317
0.135389
-0.112613
-0.151037
0.179659
0.038193
-0.190776
-0.131955
-0.119896
-0.248937
-0.230507
0.221771
0.445819
0.162955
0.0265723
0.110684
0.0914443
0.400028
-0.00442497
0.321655
0.384323
-0.255467
-0.223897
0.0520712
0.312013
-0.643136
0.0123632
-0.161839
-0.0521961
-0.488364
-0.253156
-0.0428145
-0.798235
0.0582036
0.152738
0.00272881
-0.0726271
-0.244357
0.00954228
0.0531148
0.18348
0.0368707
-0.0238918
0.0403866
0.0511198
0.00108442
-0.67772
-0.136328
-0.048003
0.0382154
-0.0350973
-0.0534034
0.13671
0.291816
-0.0618853
-0.196966
0.113883
0.0399907
-0.0823647
-0.00201892
0.176323
0.0580571
0.0675643
0.0959263
-0.168049
-0.0516069
0.0372358
0.0613881
0.0263637
0.371681
-0.179502
0.247355
0.433106
-0.00738494
-0.0643262
-0.00425273
0.396499
-0.183882
0.227345
0.39071
-0.0218488
-0.0426023
-0.0555882
-0.0623354
0.112526
-0.111976
0.0968132
0.644726
-0.204082
0.134109
-0.0969637
-0.137443
0.168458
-0.114707
-0.237907
-0.537332
-0.0201351
-0.196894
-0.0607085
0.32569
0.0811293
-0.451022
-0.313727
0.114571
-0.0936066
0.122348
-0.120553
-0.282694
0.238018
0.11911
0.047823
0.447284
-0.0361591
-0.0195699
0.118276
0.416393
0.233566
-0.312196
-0.0390782
0.037824
0.0137103
-0.221123
0.145891
-0.201374
-0.0853237
0.0287958
-0.119036
-0.137583
0.0590815
-0.179555
-0.194407
-0.133711
-0.117539
0.0573361
0.414134
-0.280471
0.103564
0.181272
0.0395888
0.0856395
-0.0990218
-0.321574
0.0970637
0.317138
0.0107608
-0.131593
0.0802406
0.0137705
-0.110088
0.271069
0.0978073
0.126675
0.32313
0.343915
0.188529
-0.582999
0.111235
0.0970677
0.104994
0.00687736
0.00837252
-0.101625
0.11235
0.105613
0.158121
-0.0916958
0.268133
-0.226443
-0.0123562
-0.0226629
-0.305755
-0.157297
-0.0935298
-0.086677
-0.373504
-0.10997
-0.339592
-0.073868
-0.0245656
0.165765
-0.0501692
-0.251147
0.121757
-0.179346
0.0341882
-0.120515
-0.150804
0.297289
0.0939241
0.0776918
-0.173395
-0.550749
-0.0956177
-0.302986
-0.369109
-0.0723774
0.0667431
-0.0638133
0.095373
-0.169224
0.0523697
0.432839
0.122259
-0.112011
-0.35957
-0.151187
0.10846
0.353918
0.244285
0.266033
0.330415
-0.00308948
0.0100796
0.0645957
-0.162403
0.0489932
0.469348
0.241993
0.441661
0.598232
-0.0517575
-0.0408671
-0.0205598
-0.458132
-0.205128
0.112572
-0.0387679
0.0398309
-0.23326
-0.0352892
0.109897
0.286551
-0.00570611
0.132929
-0.426002
0.303602
0.52715
0.169182
0.490528
0.45683
0.0539665
0.18559
-0.00460739
-0.00246102
0.0268118
0.0229037
0.0566757
0.14101
-0.0134777
0.189689
0.043048
0.354833
0.186788
-0.00558528
-0.00321265
-0.128014
-0.193841
0.133128
0.0760755
0.162481
0.192762
0.205144
0.147939
0.150969
-0.104806
0.293609
-0.111772
0.118376
0.174147
-0.141666
0.0192849
0.317742
-0.005919
0.31661
0.223447
0.177282
0.165045
-0.0193424
0.018008
0.252286
0.186839
-0.507055
-0.113178
-0.126324
0.0169194
-0.0806259
0.0910806
-0.017831
-0.199013
0.0164523
0.0342101
-0.324066
0.394445
-0.163966
-0.326369
0.168644
-0.773881
0.0075335
0.021452
-0.474443
-0.124432
0.128955
-0.01794
-0.120923
0.264057
-0.0189952
-0.0498144
-0.406116
0.0968217
0.154905
0.212573
-0.0504448
0.12593
-0.20248
0.684089
0.151454
0.0826205
-0.364996
0.028081
-0.432129
0.121153
-0.0282989
0.021587
0.114296
-0.0222988
-0.037569
0.0216747
0.0345103
-0.0420764
0.288796
-0.176138
0.0207855
0.0229294
0.0142216
-0.0430973
0.066978
-0.128726
0.123403
0.160192
0.371716
0.0447399
0.0686498
0.367937
-0.178032
0.47942
-0.162943
-0.432149
-0.13446
-0.332106
-0.0215224
0.243191
-0.122372
0.0146331
-0.0191163
0.200271
0.235815
1.03787
-0.0386171
-0.20999
-0.0983454
0.0697769
-0.272203
0.286473
0.086865
-0.011666
-0.031902
-0.0188876
0.136039
0.0843801
-0.453332
-0.0492168
0.0467508
0.101778
-0.0012834
-0.0472058
-0.035662
0.177441
0.0983132
0.457377
0.268781
-0.361362
-0.00271477
-0.285179
0.0127774
0.250197
0.140241
0.278098
0.270636
-0.105244
-0.210664
0.257094
-0.208667
-0.5683
-0.0891418
0.624682
0.184309
-0.0218926
-0.153682
-0.0788817
0.221654
-0.0599426
-0.448585
-0.12266
-0.320616
0.0562874
0.235621
0.162516
-0.150404
-0.0389648
0.176689
0.436634
0.0493868
0.264309
-0.0626543
0.184852
0.0558503
0.16213
-0.204155
0.0689551
-0.141611
0.0406941
-0.357378
-0.14938
0.133327
0.0870832
-0.00723501
0.166372
0.089842
0.11739
0.058035
0.251374
-0.632776
-0.0623121
-0.370379
-0.449112
-0.267513
-0.259187
-0.141702
0.405237
0.449047
0.257073
-0.155251
-0.594587
-0.131594
-0.317689
-0.0135748
-0.104544
0.0448963
-0.291182
0.0983721
-0.0864956
-0.142745
0.230842
0.639055
0.19313
-0.174646
0.236169
-0.342262
-0.129394
0.0785837
-0.0284725
-0.144397
-0.0389046
0.0302255
-0.0454276
-0.0275663
-0.0605306
0.144875
-0.0367494
-0.00966455
-0.0478279
-0.0550286
-0.218298
-0.188513
0.245399
0.185705
-0.127337
-0.0821272
-0.676926
-0.0371979
-0.0899169
-0.236082
0.119924
-0.193286
-0.130764
-0.428123
-0.0281901
0.0991338
-0.0625132
-0.0416904
-0.056252
-0.0911968
0.082427
-0.40548
-0.094043
-0.279915
0.132542
-0.0764573
-0.43642
-0.434794
0.0451437
-0.0495082
-0.386055
0.186216
-0.033569
-0.0727134
-0.143732
-0.0263554
-0.0841812
0.157885
0.182771
0.169232
-0.513079
-0.128213
0.0167598
-0.0736426
-0.0187866
0.135029
0.110513
-0.189805
-0.0936272
-0.13352
0.033
0.0277553
-0.0340321
-0.12055
0.214592
0.304808
0.0545188
0.107819
-0.0364279
-0.131674
-0.414418
0.171618
0.0385587
-0.238773
0.0890951
0.067133
0.0100526
-0.198417
-0.270991
0.0907768
0.161514
-0.0891597
-0.00596037
-0.398196
-0.21361
-0.217272
0.315413
-0.126386
-0.14052
0.00531999
0.0072288
-0.0949565
0.0545107
-0.129884
0.0514773
0.0178344
0.144746
-0.341822
0.116433
0.0816757
-0.204375
0.22517
0.382281
-0.0979933
-0.173048
0.110736
0.173597
0.0666719
0.0974479
-0.156502
0.092512
0.105429
-0.301217
0.232742
0.0178804
0.441291
0.368072
-0.0386282
-0.233838
-0.0481972
0.0140867
0.100523
-0.0746711
0.0986911
0.167079
-0.0704552
0.0563229
0.0926575
-0.00627881
-0.191255
0.163773
0.159876
-0.121202
-0.191383
0.0172242
0.199235
-0.0240521
0.043275
-0.0427075
-0.77568
-0.00623914
0.454346
0.112965
-0.0291368
-0.0129186
-0.153425
0.0849646
-0.0128012
-0.126602
-0.30209
0.111799
0.0136052
0.126561
-0.0713023
0.213323
-0.064118
-0.0680492
-0.164348
0.0674077
-0.0176305
0.22904
0.358624
-0.530819
-0.627885
-0.0796594
-0.0520029
-0.234291
0.0857788
-0.164168
-0.0974471
0.0446122
0.0725656
0.104772
0.0462472
0.0610504
0.0765125
-0.0139875
-0.319685
-0.127192
0.0441941
0.521872
0.0190848
-0.323189
-0.215763
-0.0503156
0.0251023
-0.0274207
0.39632
0.14648
0.0678372
-0.0830068
-0.312753
-0.0214022
-0.351682
0.0497895
-0.0844487
-0.0992961
0.0490873
-0.202799
0.276618
-0.0188945
-0.0607475
-0.314419
-0.470604
-0.504724
-0.00270662
-0.657288
0.0929487
-0.29167
-0.23767
-0.0643687
0.160272
0.00346732
-0.192387
-0.15758
0.20048
0.231782
0.24968
-0.294946
-0.119436
0.34674
0.0217022
0.0871024
0.00306464
-0.236094
-0.141509
0.0738006
-0.171159
-0.204893
0.0294574
0.142306
0.0573013
0.0944221
0.0770542
-0.161132
0.0361116
-0.075052
0.0576082
0.137646
0.187269
-0.0630857
0.0271484
0.128506
-0.107455
0.213169
-0.474183
-0.152474
0.149203
0.0378772
0.0460224
0.0605356
-0.161703
-0.0993263
0.340795
0.0884267
0.0340169
0.121265
0.129413
-0.510675
-0.0491025
-0.425824
-0.382495
0.0390866
-0.358596
-0.0892215
0.178137
0.0555304
-0.0349913
0.0129992
-0.192203
0.158489
-0.283815
0.0747723
-0.121016
-0.0430088
-0.0921195
0.238336
0.149454
-0.14595
-0.112082
-0.0526878
-0.0421279
-0.0924922
0.323109
0.828129
0.313123
0.131197
0.0552447
-0.206421
-0.428166
-0.146462
-0.145847
0.0788718
0.0540677
-0.0455713
-0.0306507
-0.0734733
0.0646412
-0.0556342
-0.29314
0.144307
0.140223
0.0992773
-0.158665
0.100582
0.0443842
0.0209573
0.288934
-0.014529
0.0385869
0.0656029
0.00238868
-0.173414
0.168462
-0.161276
0.132726
-0.0759588
0.070339
-0.190333
-0.100107
-0.476259
-0.169798
-0.0529697
0.261345
0.0560066
-0.0596409
0.0400849
-0.00524751
-0.186354
-0.311323
-0.0974856
-0.0618571
-0.013867
0.187702
0.174679
0.0400682
0.0772522
-0.10278
-0.0900058
0.253664
-0.0736718
0.199558
0.023872
0.0192371
0.00278584
0.152405
0.163073
-0.553348
-0.0365368
0.00509385
-0.0530745
-0.0374894
0.330563
0.182558
0.391488
0.380942
0.241821
-0.0701112
0.181374
-0.449618
-0.290195
-0.209204
-0.110414
0.0362464
-0.0588478
-0.0474253
0.0719194
-0.00940893
0.130501
-0.171451
-0.042505
-0.17073
0.0266233
-0.424815
-0.46095
0.0214416
0.0963543
-0.170378
0.0884329
0.0345626
0.0384377
0.408095
-0.119605
-0.200602
0.208277
-0.0366117
0.440395
0.26788
0.296525
0.45408
0.135513
-0.0556745
0.025998
0.0678664
-0.367622
0.132817
0.364022
0.518973
-0.0177823
0.227103
0.117741
0.197006
-0.115
-0.305781
0.111042
-0.0306845
-0.273135
-0.222835
-0.565898
-0.293906
0.174164
0.075916
0.168365
-0.169511
-0.136125
0.353984
-0.163973
-0.276021
-0.151644
-0.0260569
-0.0255786
-0.0975115
0.365616
-0.192687
-0.0784187
0.0461136
-0.425074
0.00441704
-0.19594
0.0497882
0.0420334
0.169798
0.178856
0.0690566
-0.198419
0.00293929
-0.0501936
-0.172974
0.0567684
0.105547
0.0142928
0.394749
0.174177
0.0955487
-0.0231816
-0.0903175
0.167536
-0.065938
-0.165755
0.00844311
0.31929
-0.204705
-0.070317
0.149167
-0.172038
0.109692
-0.12692
-0.280383
0.0451327
-0.19391
-0.826712
-0.414269
-0.19904
-0.209335
-0.319322
-0.576756
-0.46564
0.144449
0.0142318
-0.115489
0.0365798
-0.246982
-0.175181
0.0617867
0.178408
-0.249765
-0.0379334
0.0850735
0.186652
-0.107245
-0.211354
0.29058
0.0256957
0.0962518
0.242105
0.0699095
-0.185071
-0.0423742
-0.179151
0.644564
0.261206
-0.0146068
0.119506
-0.487064
-0.0953924
0.268176
-0.0166175
0.37754
-0.620188
-0.258072
-0.384669
-0.136566
-0.151709
-0.357023
0.0596393
-0.611719
-0.0693228
-0.0345264
0.0939723
0.0923508
0.290084
-0.0648489
0.257069
0.108866
0.184602
0.116855
0.0250014
0.142756
-0.306469
0.0378283
0.199536
0.0357705
0.0856552
-0.160369
-0.201385
0.332916
0.186293
0.0514697
0.385942
0.0207623
-0.242395
0.304259
0.113184
-0.488264
-0.240405
0.0225542
0.00609966
-0.0178793
0.0834172
-0.14777
0.299609
0.0541249
-0.0975533
0.228729
-0.249081
0.195126
-0.18819
-0.058228
0.146968
-0.287765
-0.0517312
0.12557
0.116435
0.60022
0.310493
0.697877
0.223644
-0.180932
-0.0439939
0.0381276
0.0112738
-0.0176759
0.0938969
-0.294015
-0.0272832
0.135629
-0.19964
0.389996
0.115488
0.0980929
-0.0161393
-0.0108604
0.0712518
-0.28968
-0.0525961
0.0101883
0.0153716
-0.154292
-0.141634
-0.143066
0.0288228
-0.0103938
-0.0110709
0.395333
-0.497268
-0.259265
0.0769339
0.302896
0.185699
0.176283
-0.00192941
0.150589
-0.025507
0.050428
-0.07141
0.116007
-0.00983403
0.471191
0.240291
0.1623
-0.0321465
0.0590164
0.0217396
-0.222399
0.319501
-0.0262253
-0.230063
0.581112
0.371221
0.301791
0.0035298
-0.0975994
-0.0375822
-0.0302027
-0.0807379
-0.749564
0.136673
0.0107571
-0.0655645
0.232993
0.0615618
-0.0863339
0.357237
0.186654
-0.00117206
-0.122515
-0.0227205
0.458607
-0.561263
-0.591781
0.0819618
0.104188
0.122255
-0.316439
0.559767
0.487929
0.0867316
-0.0804523
0.0548584
-0.101373
0.0904098
-0.00503836
0.0798891
-0.108844
0.0836252
0.228614
0.0641825
0.0110153
0.00355674
-0.160437
0.0898354
-0.299043
0.100086
0.0152385
-0.0975214
-0.0381071
0.186779
-0.181298
0.0574683
0.199019
0.00203264
-0.0191046
0.180588
0.361544
0.295542
-0.114696
-0.000145808
-0.138253
-0.102703
-0.207126
-0.00376848
0.0903979
-0.380855
0.0178501
-0.235644
-0.194532
0.379512
0.0715392
-0.236938
-0.0403346
0.0791666
0.0140785
-0.178051
-0.169941
-0.0797226
0.368208
0.278949
0.0668511
-0.128732
0.296257
-0.0852478
-0.163115
0.10534
-0.41605
0.534282
0.393022
-0.0586478
0.238958
0.256785
0.0801918
0.142989
0.0147553
-0.312861
0.0717988
0.298007
0.213328
0.237088
-0.242341
0.121158
-0.0453144
-0.149742
-0.117802
0.0656684
0.154161
-0.0258486
-0.00860655
0.109027
0.0610667
-0.135273
0.0394768
-0.0715783
0.143481
-0.363175
0.0635447
0.0500219
0.28298
-0.0261844
-0.0470363
0.103126
-0.205973
-0.245046
-0.259966
-0.0655752
0.0594711
0.0651044
0.263317
0.0569047
-0.653527
0.04498
0.249406
-0.0120237
0.21642
-0.196331
-0.000905031
-0.493042
-0.297932
-0.489749
-0.1965
0.267583
-0.103715
-0.173609
-0.343282
-0.0230241
0.248657
0.255993
0.0710385
0.442957
0.160855
0.0644478
0.108242
0.187418
0.257715
0.278034
-0.050095
-0.00505801
0.0144675
0.101886
-0.57856
0.543233
-0.03047
0.062793
0.357991
0.443919
-0.0107381
0.167654
0.029397
-0.0576225
-0.211662
-0.050108
0.177784
0.00478279
0.174733
0.0286947
0.526749
0.0429713
0.376808
-0.0092329
0.578678
0.0310664
-0.145809
-0.332406
-0.457846
0.0171774
-0.173141
-0.0879415
0.211684
0.0932044
0.408745
0.102842
0.0773155
0.0249114
-0.243739
-0.218525
-0.0414345
0.184077
-0.16614
0.516391
0.208274
-0.0913079
-0.104282
-0.0437095
0.0442961
-0.0102677
-0.312871
0.137594
-0.210397
-0.356919
-0.221603
-0.0166293
-0.116619
5.58126e-06
-0.0174114
0.180681
-0.027128
0.155992
-0.008076
-0.00936661
-0.161346
6.25122e-05
0.289475
0.0634156
-0.326777
-0.0655018
-0.0860445
-0.283202
0.0304964
-0.248955
-0.19944
-0.328271
0.108624
-0.0618832
0.117681
-0.0117025
0.505732
0.00592212
-0.158275
-0.0892798
-0.0521941
0.249475
0.0542821
-0.119738
0.621341
0.0344533
0.318944
0.301973
0.437118
0.178936
-0.13147
-0.00683616
0.108063
0.319511
0.131109
-0.00219633
-0.318928
0.162592
-0.279697
0.032758
-0.0640192
-0.010855
-0.123888
0.041227
0.0225711
-0.298542
-0.321117
-0.0637055
-0.643131
-0.497028
0.269707
0.0990058
0.0640655
-0.0257631
0.114043
-0.256354
0.02803
0.0355081
0.0203806
-0.378529
-0.0824269
0.121747
-0.212471
0.0413453
0.0782566
-0.01969
-0.0866603
-0.00205973
0.125037
-0.0134933
-0.0354396
-0.204117
-0.0182146
-0.091648
-0.102737
-0.110693
0.216186
0.0370558
-0.0231417
0.217019
0.276083
0.0744949
0.0962227
-0.221125
-0.213102
-0.112619
-0.254523
0.0444877
0.114193
-0.00497173
0.312733
0.734016
-0.00218995
0.189214
-0.163084
-0.104762
-0.118358
-0.122837
-0.105505
0.158998
-0.247309
-0.720007
-0.285474
-0.035093
-0.0989589
0.0724222
0.572602
0.106952
0.623046
0.432583
0.00815458
0.152284
0.111194
-0.110307
0.0476504
0.332099
-0.0676682
-0.189009
-0.314352
-0.000243636
0.127766
0.0753473
0.0830866
-0.268483
-0.00916387
-0.274445
-0.00909683
-0.0252853
0.415045
-0.203797
0.750994
0.293895
0.124424
-0.0452909
-0.0382149
0.662805
0.00594453
-0.0222331
0.0330711
-0.161539
-0.0295474
0.17842
-0.122163
-0.00679216
-0.0218177
-0.435873
-0.123574
0.139079
0.160496
-0.0183929
-0.245142
-0.0762628
0.40516
0.347614
-0.0182845
-0.078684
-0.0210629
-0.0218902
0.119162
-0.321784
-0.23228
0.175053
0.206608
0.30806
-0.00564786
-0.118553
0.142285
0.00821784
-0.0299746
-0.0766692
-0.0803283
-0.0426864
-0.085334
0.108449
0.0406864
0.256399
0.311981
0.312709
-0.114928
-0.0601502
-0.0891392
-0.224604
-0.0253344
0.155857
0.206594
-0.0188995
0.00209777
-0.00940601
0.219858
0.022748
0.0860394
0.267984
0.190209
0.449695
-0.0961369
-0.0291366
0.0852858
0.026654
-2.63824e-06
0.126609
0.193605
-0.142678
-0.578191
0.245377
-0.115488
0.306036
0.140068
0.0390513
-0.192224
-0.011275
0.144104
0.0206735
-0.213114
-0.0776878
0.0669207
0.00516083
-0.130609
0.135866
-0.112224
-0.0492989
0.287521
-0.203071
-0.00498786
-0.118204
0.119133
0.00371233
0.668499
0.285685
0.236122
0.00238942
0.0778236
0.349316
-0.248017
-0.405896
-0.461533
0.0622799
0.0848243
0.141441
-0.0177028
-0.0955909
-0.0921853
-0.16185
-0.548125
0.110828
-0.255117
0.224729
0.133609
-0.172489
-0.516071
-0.243367
-0.319963
0.0752021
0.513317
-0.0726707
-0.0439185
0.052277
-0.250775
0.000528819
0.185353
0.0741402
-0.322317
-0.0799434
-0.0158076
0.29216
-0.0462104
0.00465942
-0.119313
0.282224
-0.199171
-0.0130641
-0.426135
-0.279588
-0.0594129
-0.160155
-0.23864
-0.201387
0.145425
-0.0209952
0.162519
0.432938
-0.000565611
-0.011667
0.106568
-0.0226434
-0.503167
0.0795862
0.00906895
-0.0600982
0.164169
-0.19235
0.224497
-0.125095
0.259559
0.187855
0.322866
-0.212642
0.0151829
0.034996
-0.149326
0.0969787
0.0578252
-0.0754353
0.397566
0.397944
-0.55637
-0.101112
0.0583957
-0.408084
-0.24638
-0.131652
-0.0731773
-0.134537
0.0570069
0.191214
-0.241843
-0.0525414
0.109216
0.323789
-0.0739594
-0.0120406
0.151441
-0.113852
-0.204093
-0.0296013
-0.237859
0.0245069
-0.334149
0.124038
0.0795654
0.140736
0.197917
0.117197
0.0961896
-0.0847613
-0.0462526
-0.149944
-0.197191
-0.903404
-0.102604
0.212416
0.000797496
0.0781128
-0.132985
0.0671088
-0.630151
-0.0555894
0.105804
-0.345626
0.108944
-0.462272
-0.287107
0.111268
0.477564
-0.0631168
-0.00994098
-0.0572604
0.0967529
0.416288
-0.0431254
-0.0723825
-0.531363
-0.272041
-1.2331
-0.262923
-0.108332
-0.00356336
-0.0363214
0.0567603
0.205189
-0.280487
0.0231717
-0.0759621
-0.091545
-0.033296
-0.0505285
-0.314839
-0.0757571
-0.111763
-0.0331593
-0.0807602
-0.0488736
0.137179
-0.033676
0.029627
0.104991
-0.206542
0.0901171
-0.0926442
0.374889
0.0702278
0.107787
-0.325656
-0.0797008
-0.0624053
0.122175
0.0619128
-0.104966
-0.0383507
0.0332813
-0.152286
-0.182884
-0.228873
-0.0114146
0.0616982
-0.0244644
-0.0117691
-0.557319
-0.116316
0.294601
0.0126238
-0.0372857
-0.258799
0.117415
0.0438499
-0.290228
-0.0540994
0.197307
0.200856
0.287335
0.139476
0.0401105
0.0816456
-0.116476
0.203786
0.00683673
-0.082094
-0.242325
0.122437
0.0254636
-0.191335
-0.757026
-0.551186
0.0799529
0.348766
0.654674
-0.28377
0.115083
-0.0426967
0.130125
0.0156414
0.134107
0.269045
0.174919
0.176691
0.152498
0.0836002
0.0946505
0.113371
0.494396
0.0210075
0.0458858
0.656577
0.248122
-0.0624335
-0.0978946
-0.0969806
-0.0244187
0.157604
0.0783025
-0.0152331
-0.220299
0.0310154
-0.0513755
-0.210886
-0.169195
0.25718
-0.502144
-0.171299
0.0105061
0.0499766
-0.118604
0.10753
-0.140296
-0.0752791
-0.107257
0.170933
0.112248
0.00874298
0.143807
0.170826
0.0495847
0.0697133
0.0815088
-1.11787
0.0135202
-0.700023
-0.288052
0.000367207
0.0832597
0.0447754
0.0403895
-0.0514261
0.0561925
0.113663
-0.00625135
0.00164255
-0.242821
0.258632
-0.0622726
0.370703
-0.081993
-0.0471188
-0.0624918
-0.0685163
0.316755
0.152662
0.25945
0.109435
-0.0307837
0.0248992
0.18123
-0.0453576
0.489984
-0.121737
-0.176913
-0.0117848
-0.0606734
-0.17669
-0.0521599
0.260629
-0.0398028
0.232589
0.211572
0.020792
-0.114186
-0.0764751
-0.502598
0.0703129
-0.0741452
-0.135908
-0.0829888
0.297572
0.218692
0.0668099
0.10051
-0.166392
0.181452
0.0527715
-0.0147599
0.021723
0.0199457
0.00671792
0.0951498
-0.0863474
0.144148
-0.209478
0.113525
0.144752
0.10904
-0.118533
0.160346
-0.165679
0.00826726
-0.0198793
0.168936
-0.494736
-0.119524
0.0643214
0.0649192
-0.283686
0.502269
0.129067
0.0911885
-0.0198554
-0.0390724
-0.241525
0.342243
0.0826767
-0.255731
0.275991
0.121644
-0.413196
0.429655
0.283098
0.124814
-0.469926
-0.0628692
-0.383858
-0.50155
0.409429
0.0857512
0.0332538
0.0129233
0.044809
-0.123149
-0.135653
0.219359
0.45134
-0.38231
0.0947419
0.180729
-0.0893875
-0.0682352
0.00968703
0.0537595
-0.020489
0.0852506
0.211839
0.199083
0.147652
-0.0209826
0.000107852
0.475591
-0.0632415
-0.320271
-0.136715
-0.161901
-0.0143381
-0.0592181
-0.0145104
-0.104493
0.0685683
0.196096
0.372447
-0.0410009
-0.305196
-0.331186
-0.171572
-0.243374
0.0612834
-0.00418612
-0.0181926
-0.00316314
0.0766662
0.149244
-0.202424
-0.205078
-0.0599983
0.127406
0.380698
0.23631
0.0817826
-0.0508256
0.0145949
-0.0750252
-0.230836
-0.50305
-0.175479
-0.000809515
0.440678
0.0785154
0.0130054
0.012019
-0.0427231
0.121995
0.0194858
0.105643
-0.0607187
-0.101758
-0.144289
0.0539062
0.26931
-0.112436
0.0139182
-0.029502
0.000145979
-0.116868
0.134991
0.0393928
0.246601
0.46037
0.0963665
-0.210355
-0.192751
0.400538
0.149878
0.138
-0.0436252
-0.258287
0.332567
0.079965
-0.309119
0.0445594
-0.042309
0.0211523
0.0187799
0.0780619
0.0253216
0.237323
-0.366529
0.0454937
0.164685
0.0763298
-0.0114342
-0.16793
0.147641
0.0879991
-0.0111647
-0.308157
-0.456252
0.158925
0.29747
0.196882
-0.10868
0.02598
-0.275001
0.218271
0.0320847
0.362266
0.137253
0.136541
-0.0548805
0.147231
-0.116699
-0.0344933
0.0428207
0.0175108
-0.400347
-0.304044
-0.364339
0.20601
0.105179
-0.465141
0.299996
-0.0699947
0.245447
-0.0298631
0.16163
-0.0110301
0.445272
-0.149701
-0.206542
0.605811
-0.0872243
0.383076
-0.158274
0.0942095
0.0346129
-0.139577
0.211229
0.00703339
0.00223888
-0.0788623
-0.04495
0.045632
0.00214227
0.0711436
0.0289724
0.144408
0.547002
0.308981
0.0899589
-0.04069
0.0735489
0.0597646
-0.15869
0.666723
-0.126294
0.131499
0.246493
0.0184216
-0.0467294
0.324628
0.0727197
-0.155847
-0.0708704
0.169276
0.165898
-0.147798
0.0136759
-0.103331
-0.372656
0.0873771
-0.0239466
-0.0753861
-0.02733
-0.0846982
0.103672
0.312236
-0.205048
-0.573657
-0.132112
0.0120729
-0.00989496
-0.0611782
-0.141644
0.0882292
-0.0176039
0.206044
0.19177
-0.0318515
0.165139
0.13158
-0.0546986
0.4122
0.044743
0.245351
0.044633
-0.143087
-0.00471097
0.660492
0.271149
-0.576009
0.0582778
-0.000467895
0.161974
-0.113479
-0.129364
0.382908
-0.309544
-0.339981
-0.406633
-0.0159242
0.00467929
0.0634598
0.216803
-0.00257917
0.12239
0.0144414
