0.250693
0.185661
0.17526
0.0439103
0.202045
-0.00479726
-0.0395363
0.238168
-0.122231
0.403284
0.00627738
-0.0270363
-0.0122191
0.0376679
-0.0179874
-0.304835
0.00274039
-0.0803689
-1.09209
0.20795
-0.214233
0.0919272
0.0998667
0.0035159
0.0025977
0.0683991
0.176948
-0.0633177
-0.0342446
-0.122994
0.0746313
0.194527
0.108045
0.21179
0.29148
0.12992
-0.15455
-0.369825
-0.200218
0.117826
-0.191667
0.145887
-0.296544
-0.12128
0.086553
-0.340935
-0.11603
-0.0255758
-0.0248151
0.0568037
-0.0658781
-0.0813382
-0.138221
0.100976
-0.0354202
0.248012
0.00338887
-0.191496
0.0157932
-0.210774
0.170548
0.208951
0.203954
-0.0938315
-0.263845
0.0178267
-0.0336172
0.190648
0.213826
-0.0614758
-0.226422
-0.252981
-0.0847434
-0.0278366
0.130529
-0.0373333
-0.117697
0.0767358
-0.494136
0.0776244
0.230347
0.222539
-0.608209
0.0821792
-0.438383
-0.641448
0.0417686
-0.0864977
0.385424
0.0689167
-0.0632891
0.6457
0.00295303
-0.776817
0.000876562
-0.148683
-0.127758
-0.214949
0.053736
-0.0817598
-0.0738436
0.361025
0.506009
-0.106237
-0.484497
-0.023202
-0.329651
0.154793
-0.0271171
0.163208
-0.17871
-0.166935
-0.0893436
-0.820825
-0.536252
0.398534
0.389929
-0.119813
-0.505334
-0.940109
-0.141114
-0.622143
-0.0365551
0.330069
0.38025
0.0225369
-0.0260465
0.0894856
-0.153057
0.0820144
-0.0733874
0.21676
0.206693
0.38768
0.0925732
0.0237224
-0.0852173
0.222097
0.0016066
-0.112871
0.10805
-0.357463
-0.202449
0.219642
-0.514328
-0.304904
-0.111715
-0.247239
0.00808573
-0.167303
0.12294
-0.138028
0.17073
-0.173298
-0.0880686
0.10739
0.110242
-0.0440854
0.310963
0.0209535
-0.182789
-0.108268
0.0189131
-0.0170575
-0.435297
-0.00733982
0.0167769
0.0678676
0.0379892
-0.210274
-0.253388
0.0840373
-0.148522
0.323599
-0.142016
0.0390166
-0.338986
-0.269094
0.163301
-0.0148061
-0.00204623
0.219301
0.24941
0.0556831
0.0945276
0.611928
0.36274
0.16749
0.568563
0.220041
0.134695
0.000731938
0.230157
0.0694382
0.0221772
0.0895728
-0.288625
-0.0677926
0.114391
-0.0293725
-0.190209
0.104465
0.117789
-0.104856
0.0156537
0.000472288
0.152638
-0.331631
0.451992
0.0437916
-0.10015
-0.163663
-0.231256
0.320886
0.0787011
0.00134815
0.00526159
-0.0179918
0.556869
0.488954
-0.354169
-0.259832
0.170206
0.155694
0.0284786
-0.0296323
0.219791
-0.37819
0.00173434
0.353142
-0.220792
-0.00724882
0.253841
-0.245375
-0.0240676
-0.342261
0.102335
-0.0269086
-0.345445
-0.0316166
0.0689342
-0.0359565
0.047578
-0.0619465
-0.153353
-0.0229212
-0.324556
0.130745
0.116848
0.289358
-0.241764
0.0340837
0.249687
0.381164
-0.110402
-0.158046
-0.0721861
0.0734449
-0.0452683
0.167695
-0.0838972
-0.270239
-0.140947
-0.429464
0.0867139
-0.240521
0.00050084
0.094946
0.0492829
-0.128557
0.109476
0.0536079
0.00714409
0.274001
0.123234
-0.131516
0.43186
-0.0798959
0.0377185
-0.0620585
-0.00176107
0.436157
0.0576732
-0.121458
-0.205661
-0.0426148
-0.147111
-0.0275545
0.295047
-0.788712
0.14358
0.382358
-0.215182
-0.0093409
-0.143339
0.24036
0.198146
-0.185513
-0.669065
-0.108311
-0.218095
-0.0743089
-0.0776248
-0.147832
0.0812006
-0.241028
0.253952
-0.139673
0.233494
-0.0314397
0.0424364
0.511427
-0.0956937
-0.211474
-0.0639825
-0.297065
-0.0547495
-0.104864
-0.0339326
0.114224
-0.0939573
-0.00752383
-0.0980246
0.180491
-0.103108
-0.247221
0.364947
-0.0413296
0.0918026
-0.105304
-0.268084
0.0422529
0.12005
-0.229871
0.113459
-0.292081
0.0100973
-0.420037
0.17444
-0.0587466
0.118029
-0.205206
-0.0420666
0.0569488
0.0618323
0.0550291
-0.300127
-0.136641
0.189007
-0.0548286
-0.139511
0.282477
-0.0573656
-0.286704
0.328944
0.474784
-0.0136691
-0.0329719
-0.134711
-0.246429
0.0993923
0.297349
0.317711
-0.0450607
0.00903365
-0.385099
0.123006
-0.0911832
0.139623
-0.460958
-0.263665
0.178708
-0.094539
0.319135
-0.257478
-0.440125
0.0706564
-0.00230087
-0.112923
0.267121
0.495947
-0.194706
-0.0551556
0.122064
0.296117
0.0377615
0.438255
0.0998464
0.0588556
-0.173538
-0.0963205
0.20665
-0.0732075
-0.225184
-0.0431642
-0.036024
0.272557
0.0093188
0.0237438
0.278157
0.022211
0.278579
0.191559
0.115524
0.104066
-0.359713
0.313148
0.0217417
-0.226414
0.375246
0.242112
-0.0338344
-0.413925
-0.272502
0.0977642
0.363834
0.114472
0.0819257
0.0595646
0.280101
0.272868
0.123471
0.0527954
-0.07265
-0.181602
-0.0447479
0.490717
0.120698
0.00659156
-0.266763
0.109924
-0.0186114
-0.0973281
0.0233596
-0.448089
-0.133173
-0.237552
-0.0670655
0.0898178
-0.00746547
-0.0482091
0.0725715
0.280189
0.0824988
0.0642665
-0.0577433
0.0524624
-0.116518
0.0181929
0.0254503
0.351005
-0.0612514
0.123826
-0.0952788
0.0580931
0.417196
-0.0424336
-0.0162266
0.214098
0.15557
-0.205502
-0.0367771
0.232598
-0.411985
-0.153836
-0.120315
0.00548342
0.105802
0.0713146
0.0712911
0.0123542
0.350458
0.0456883
0.324191
0.126343
0.118488
0.15273
0.388575
0.201189
-0.0510301
0.102508
-0.11456
-0.0908428
-0.206566
0.00682651
-0.139742
0.556855
-0.0896354
-0.0429677
-0.938802
-0.011808
0.116479
0.213838
0.199154
0.173143
-0.0927107
-0.283199
0.041231
-0.171403
-0.165138
-0.0322447
0.0770359
-0.264837
-0.0444496
-0.243203
-0.0285736
-0.353747
0.0143098
0.0347353
-0.60608
0.208043
0.232411
0.331198
0.217746
0.231504
0.00921329
-0.142019
0.147687
0.0924467
-0.0580687
-0.308632
0.0301757
0.135724
-0.0170753
0.0271332
-0.248706
0.0758088
0.00580676
0.00353976
0.0495014
0.0798977
0.145066
0.138068
-0.0382205
0.157109
-0.10859
0.295888
-0.075461
-0.085584
-0.236938
0.141419
0.18095
-0.606944
-0.0267439
0.172132
0.174741
-0.0944134
-0.0269637
-0.0261998
0.213213
0.137541
0.483496
0.110575
-0.0170573
0.246444
0.280889
-0.0379081
-0.170537
0.0730586
0.101302
0.189596
0.0542653
0.238081
0.107852
-0.345262
-0.222099
-0.151843
-0.14536
0.0913563
-0.209408
0.280613
-0.135246
0.0247318
-0.201801
0.152926
-0.16457
0.0469281
0.192373
0.388668
0.0247103
-0.190517
-0.0674585
-0.0353131
-0.129261
-0.151946
-0.162293
0.12243
-0.583586
0.0669506
-0.105755
0.276198
0.0217736
-0.218924
-0.116354
0.13039
0.0899418
-0.326158
-0.0949441
0.0831555
0.0914017
0.177963
-0.424563
-0.0899092
0.103596
0.439015
-0.0602614
0.0307535
-0.487272
-0.583547
-0.28685
0.167427
0.224793
0.0477
0.103659
-0.184252
-0.058198
0.0364661
0.256419
0.401918
0.241968
0.636927
-0.129821
-0.276213
-0.162372
-0.33402
0.153672
0.141099
0.00748632
-0.203178
-0.0245646
-0.173301
0.00479104
-0.0876423
0.0832497
0.0795103
0.261242
0.00402354
0.50277
0.226402
0.357525
0.197286
0.363139
-0.00957364
-0.0553135
-0.151094
-0.197171
0.129994
0.0212792
0.224265
-0.118045
0.0989412
0.280348
0.074985
0.0997704
0.288758
-0.174423
0.172411
-0.0909859
0.329405
-0.0444073
0.331329
0.035184
-0.106276
0.189691
0.0203233
0.313087
-0.411885
-0.152851
-0.0271879
-0.0755702
0.0440812
-0.126562
-0.171238
0.0131244
0.310872
0.39357
0.495443
0.114573
0.594708
-0.0742469
0.00673849
0.115946
0.224269
-0.61377
-0.115463
0.280597
-0.0779031
0.122561
0.462504
-0.0458047
-0.0303816
0.151237
0.0957373
-0.634802
0.0550684
-0.28014
-0.142553
-0.174185
-0.496471
-0.0468789
0.372608
-0.121741
0.05196
0.25131
-0.102736
-0.415905
0.203026
0.0132512
0.304921
0.410718
0.194872
0.443703
0.112121
0.13703
0.134669
0.241814
0.293063
-0.263501
0.301485
-0.299347
0.185461
0.210121
0.135413
0.125552
-0.17224
-0.034617
0.182091
0.123134
0.50436
0.046294
-0.0953111
-0.0560243
-0.345445
0.0474246
0.0223402
-0.277985
-0.0335534
0.103357
0.0541919
-0.44401
0.0303212
0.393252
0.0545951
0.256842
-0.0978134
0.0319575
0.33983
-0.154353
-0.0395849
0.0780477
-0.219311
-0.0311524
0.112378
-0.0143464
0.0165347
-0.113041
0.288394
-0.0842955
0.3751
0.0452564
-0.107395
-0.0540969
-0.215849
-0.442756
-0.0904218
0.0220942
0.214389
-0.277095
-0.0938462
-0.074601
0.0772563
-0.445987
0.0482689
-0.283316
0.0528558
0.15517
0.0776404
0.0423117
0.336438
0.0239886
0.158591
-0.237727
-0.113177
-0.218843
-0.629689
0.145719
0.0540846
0.259693
0.436033
-0.0536425
0.0333163
-0.148467
0.213681
-0.0211704
-0.522801
-0.165055
0.284709
0.0598581
-0.0315409
-0.254368
-0.0829478
0.0877208
-0.295905
-0.228559
0.171483
-0.48871
0.038235
0.0246112
-0.0571345
0.231991
0.232944
0.444476
0.233954
0.50648
-0.291323
-0.0284943
0.247135
-0.0158213
0.530651
-0.260645
-0.199721
0.183856
0.272747
-0.33805
-0.0928698
-0.0579174
-0.0510342
0.0896532
0.0751621
-0.100301
-0.246695
0.241238
0.25873
0.271362
0.0190221
-0.60878
-0.425394
-0.612066
-0.0847569
-0.00933365
0.146306
0.285986
0.0126336
-0.0567636
-0.267476
0.385703
-0.563531
0.00207774
0.0418768
-0.142846
-0.291459
0.0430564
0.107738
-0.124779
0.557808
0.426799
0.00155745
0.109086
-0.0366826
-0.50827
-0.0604055
-0.0492754
-0.136326
-0.117713
-0.10576
0.00209825
-0.139
0.04942
-0.237964
-0.0133127
-0.16479
0.126387
0.131333
-0.0831512
-0.447796
0.038244
0.111938
0.0469554
0.0119019
-0.0859382
-0.00650974
-0.0980087
-0.224625
0.0838776
0.0680209
0.349943
-0.181418
-0.617243
0.41688
0.197472
0.0525737
-0.091288
0.0798383
-0.0555886
0.00868012
-0.630879
-0.13164
-0.0520738
0.325869
0.0130074
0.4837
0.219697
-0.0544622
-0.209532
-0.450266
0.242897
-0.0135341
0.0206746
0.173811
-0.103498
-0.0944382
-0.0628073
0.301279
-0.0417341
-0.0853751
0.0494567
-0.0464561
-0.0180468
0.144306
0.11633
-0.224187
-0.16276
0.0809968
-0.279731
-0.634417
-0.245169
-0.307981
-0.401559
0.178603
0.463966
0.175485
-0.0374505
-0.00947912
-0.0327119
-0.190536
0.102179
0.10639
0.0782145
0.292561
0.0725358
-0.0445313
0.44351
-0.358441
0.140547
0.198131
0.0678933
0.298138
0.00671395
0.270387
-0.407929
0.244018
0.156301
-0.0252143
0.227418
0.234937
-0.00354174
0.115315
0.0766187
-0.0332364
0.11277
-0.0464427
-0.0139317
0.118126
0.185469
-0.365961
0.0285273
-0.0553447
-0.541456
0.0304574
-0.00337634
-0.0948758
0.335115
-0.0203542
-0.27385
0.0483224
0.203753
-0.0181983
0.105268
0.0411882
0.0938791
0.315763
0.282407
0.271148
-0.00815257
-0.174834
-0.475114
0.368414
-0.105817
0.212217
-0.339586
0.302541
-0.340294
0.467641
-0.234236
0.150209
0.350671
0.0689116
-0.139995
-0.298942
0.207231
0.0352436
-0.109702
0.0162814
-0.0448619
-0.379503
-0.343882
-0.156625
-0.094049
0.173904
0.0253962
0.186061
0.0221579
0.208995
-0.048871
0.414821
-0.179966
0.466346
-0.0785232
0.255008
-0.0187734
0.00634709
-0.091308
0.103383
0.890732
-0.0358524
0.139351
0.111446
-0.129332
-0.400412
-0.0445507
0.279952
-0.102779
0.0892665
-0.0958146
0.0589983
-0.0212764
0.149578
-0.0190353
-0.255507
0.0391823
-0.0744357
0.0495651
0.138948
-0.186814
-0.298339
0.0222756
-0.0936305
-0.288193
-0.0872312
0.0203379
0.226945
0.178638
0.123059
0.360675
-0.000858599
0.0682515
0.0382821
-0.20348
-0.187294
-0.332611
-0.0227943
0.00394867
-0.227175
0.219494
0.0789953
0.0949337
-0.0974538
-0.248602
-0.557857
-0.117922
-0.314133
0.189325
-0.0224172
-0.237169
-0.18396
-0.0822099
-0.0683946
-0.0719586
-0.0942863
0.194945
0.122698
0.457912
0.20637
0.0994053
0.167691
-0.271835
-0.121375
-0.1071
-0.163092
0.0236558
0.0229014
0.0794309
-0.424243
-0.320424
-0.238751
-0.26252
-0.490454
0.0990652
-0.0416594
0.0617205
-0.109625
0.0137663
0.0726107
0.0941025
0.0562831
0.0663333
-0.114625
0.147326
-0.0931657
0.0983342
0.148008
-0.113595
0.102708
0.176662
-0.0482607
-0.0425374
0.0420318
0.221548
0.0525453
-0.0698265
0.260394
0.0257551
-0.15795
-0.180253
-0.33909
-0.578842
-0.215785
-0.053717
-0.280888
0.111429
-0.0240316
0.10348
-0.359153
-0.0132705
0.032615
0.136216
-0.0236249
0.245424
-0.0405322
0.0268731
0.353522
-0.0551754
-0.011057
-0.0332999
-0.138113
-0.396622
-0.0520985
0.40242
0.611036
0.302491
0.126298
0.338903
-0.0331408
-0.215755
-0.103149
0.0851554
0.237199
0.0131446
-0.331564
-0.361729
0.103341
-0.175936
-0.121302
-0.0751427
0.351761
0.0874329
-0.122434
-0.200517
0.00624361
-0.141483
-0.130213
0.0689525
0.0894059
0.150753
0.0261262
-0.0560411
-0.0385474
0.0840841
0.00972724
-0.0492287
0.0375414
0.00762737
-0.492962
-0.0713116
-0.319698
0.0915183
0.0102118
0.0508115
0.0504726
-0.0790484
0.0135605
0.0746696
0.0543416
-0.268608
-0.172629
-0.0231987
-0.051624
0.170341
0.158185
0.253768
0.490939
0.132449
0.12477
0.00513971
-0.154577
0.375929
-0.0424156
0.00329062
-0.23413
0.127008
-0.0738877
-0.0847014
-0.121516
-0.23083
0.315601
0.229191
0.259074
0.117902
0.288747
0.978163
0.474019
0.00184606
-0.203795
0.135696
0.258067
-0.259903
0.128201
0.10222
0.179122
0.412508
0.114653
-0.0454261
-0.0692429
-0.10144
0.12445
-0.257185
-0.114894
-0.550896
0.00186708
-0.0650554
-0.196425
0.122517
0.411277
0.238324
0.249682
0.216967
0.0119748
0.075581
0.143593
-0.0312519
-0.0467497
0.202122
0.37654
0.0647994
-0.0914871
0.0557831
0.0669201
-0.390466
0.217319
0.109943
0.106821
-0.0475462
0.0112607
-0.0156285
0.346318
0.145625
-0.267009
-0.270635
0.259964
-0.161264
0.0629698
0.0944762
-0.292853
-0.315626
0.0698255
-0.0307147
-0.101908
-0.379719
-0.263064
-0.178763
0.0268607
-0.0766222
-0.0898554
0.100387
0.0115302
0.0440776
-0.0733107
-0.237192
-0.217063
0.121305
-0.0735692
0.063339
0.204436
0.0306329
0.0985504
0.012783
0.0130921
0.104002
-0.313844
0.0178019
-0.182569
-0.0884391
0.116375
0.283256
0.698776
0.415209
-0.0574399
0.0817142
-0.278985
0.0498461
0.0902333
0.0221442
-0.516296
-0.348244
0.246211
-0.154172
-0.0114426
0.156555
0.00806036
0.170992
-0.0342072
0.188697
0.132944
-0.310276
-0.292973
-0.445498
-0.118832
0.0389915
-0.0525157
-0.423861
-0.496186
-0.13716
0.0507195
-0.092031
0.0610673
-0.35669
0.234931
-0.082739
0.140696
-0.0173634
-0.291072
0.295573
0.24964
-0.0542465
0.045328
0.624546
-0.180501
0.0396258
0.0714773
0.0341433
-0.120962
-0.13435
-0.0535594
0.0975695
-0.0288046
-0.177272
0.192012
0.632894
0.127468
0.0199811
0.0783494
0.0473074
-0.488554
-0.120059
-0.344751
0.100074
-0.210393
-0.0242076
0.186157
-0.491092
-0.01265
0.179609
0.0412928
0.00783212
0.126614
-0.198828
0.188024
0.22235
0.0337904
0.0466548
-0.056503
0.319164
-0.428438
0.16276
-0.272741
-0.229902
-0.0224247
0.0851187
0.132633
0.54875
-0.0281723
-0.020977
0.0416513
0.110305
0.0339735
0.0639754
-0.266364
-0.435249
0.0083041
0.0807715
-0.167468
0.13464
0.053299
0.126051
-0.0570121
-0.107493
-0.122573
0.227924
0.540858
-0.442982
-0.247201
0.158945
0.0212062
-0.388094
0.100226
0.0130114
0.121748
0.164527
0.52301
0.25351
0.110126
0.172889
-0.064262
0.19333
-0.00120195
0.130839
0.0702151
0.0975471
-0.0193725
-0.0136863
0.213645
0.291265
-0.0554066
0.164991
0.000119204
0.165963
-0.0747332
-0.199738
-0.0851164
0.0181965
-0.048711
-4.31212e-05
-0.175245
-0.0650164
0.0682782
0.0860765
0.115011
0.00626148
0.0108911
-0.197502
0.12283
-0.0306724
-0.0953475
0.271183
-0.10893
0.109483
0.0493966
0.128625
0.0997898
0.527598
0.329944
0.282036
0.265391
0.308483
-0.173927
0.0543219
-0.010268
-0.119086
-0.0169168
-0.0442673
-0.210116
0.46108
0.395932
0.29027
0.0480888
0.0455028
-0.124893
-0.030227
0.0833105
-0.336024
-0.205614
-0.0136394
0.0637264
0.703579
0.236015
-0.122684
0.270647
-0.00824613
-0.291255
-0.152796
-0.251281
0.310913
-0.222917
-0.362981
-0.0953234
-0.0428204
0.186059
-0.111898
0.28915
0.113768
0.254787
-0.252247
-0.134428
-0.137313
0.0118335
0.141625
-0.0174462
0.0662122
0.0522457
0.258223
-0.216744
-0.0418374
-0.138429
-0.378451
-0.749878
-0.232497
-0.0457407
-0.102544
-0.661291
0.0735183
0.00865102
0.15736
-0.218029
-0.0663742
-0.157798
0.273477
0.382958
0.173673
-0.00733096
-0.2896
-0.212833
0.0765868
-0.0134222
-0.00347841
0.150547
-0.343079
0.000298297
0.25948
-0.0963786
-0.17857
0.091567
-0.0346432
-0.0558025
0.12974
0.0714884
-0.0536112
-0.183904
-0.172331
-0.491249
-0.347307
0.0352987
0.113891
0.416004
0.534773
-0.0551077
0.236044
0.40543
0.095766
0.0723424
0.223733
-0.0386656
0.174429
0.68678
0.0811194
0.174619
-0.0633125
-0.301123
0.425302
0.0944719
0.164354
-0.179144
0.392145
-0.045943
0.072568
-0.0573833
0.16961
-0.0842781
0.0373113
0.00570007
0.0937123
-0.056552
0.259899
-0.0788909
0.151539
0.112805
0.0778282
-0.157179
-0.108905
0.0788022
0.163881
0.0175676
0.0531963
-0.46777
-0.0988876
-0.118332
0.442564
0.108645
0.0403884
0.313685
0.102288
-0.447377
-0.176918
0.435252
0.0159892
0.12432
-0.31814
-0.0743767
0.213254
0.111572
-0.0267357
-0.226047
-0.16932
-0.130688
-0.223412
0.310839
-0.3302
0.016341
0.0644343
-0.0161968
-0.0773359
-0.244144
0.146973
0.103978
-0.0536726
0.0656486
0.308244
0.349674
-0.0492837
-0.334462
-0.039074
0.0667449
-0.220916
0.281447
0.096804
-0.212675
0.287202
0.466492
0.243495
0.203925
-0.112106
0.119826
0.00919089
-0.178154
-0.644636
-0.0104213
-0.0143242
0.107241
0.377144
0.141991
-0.516828
0.0661101
0.129591
0.0279826
-0.272811
-0.501726
-0.0375199
0.0228666
0.157547
-0.443547
-0.0576128
-0.173261
0.149758
0.193732
0.0488942
0.176591
0.164709
-0.11162
0.102323
0.121922
0.38406
0.308978
0.229294
0.260207
-0.360189
-0.251122
-0.101405
0.117392
-0.204929
-0.238031
-0.115015
-0.5283
-0.0444665
-0.0233739
-0.204034
0.0547227
-0.111097
-0.165087
-0.0253987
0.132557
0.135484
0.00760307
-0.00139356
-0.012849
-0.019383
0.276106
-0.0777186
-0.360235
-0.194035
-0.0172515
0.12047
0.131749
0.104738
0.139253
0.0260503
0.195678
-0.0506275
0.00926802
0.0878375
0.0690922
-0.0462455
0.0162503
-0.052708
0.330761
-0.0717243
0.0107794
0.421004
-0.155304
0.216762
0.0513161
0.381769
-0.0789636
-0.104442
-0.096604
0.24952
-0.0453041
0.249409
-0.032878
0.207875
-0.0202862
-0.141776
-0.49676
-0.150222
-0.156355
-0.0357064
-0.00994588
-0.235094
-0.0579679
-0.457659
-0.404675
-0.261851
-0.261481
0.0270432
0.183223
0.0662386
-0.0469462
-0.211396
-0.239516
0.284178
0.0743561
-0.118039
-0.0307272
0.300563
0.240003
-0.12721
0.167901
0.177285
0.0431556
-0.421846
-0.0275866
-0.370656
-0.0306691
-0.0164442
-0.0142295
-0.152274
0.0776505
0.123848
-0.0128927
-0.0510615
-0.181875
-0.117086
0.234967
-0.0808846
0.310262
-0.237679
-0.0903492
-0.0666727
0.0364188
-0.100638
-0.22627
-0.0835503
0.0684928
0.0895419
1.21863
-0.190501
0.175747
0.109097
0.0471304
0.0114882
-0.10096
-0.00217446
0.0736745
-0.626742
-0.406797
0.145967
0.132053
-0.109452
-0.146719
0.381069
-0.0787656
0.0153086
0.805314
0.0214266
-0.149804
0.187033
0.359819
0.0493296
0.16815
-0.0976661
-0.078197
-0.416584
-0.127779
-0.203373
0.287328
0.200244
0.0800302
-0.169153
-0.139592
0.14737
0.0862909
0.19874
-0.26629
-0.0167282
-0.0318387
0.393205
0.0326407
-0.0190967
0.379479
-0.180751
-0.0620158
-0.170378
-0.22721
-0.0604429
-0.144768
-0.0587669
-0.288473
-0.146042
0.195273
0.0700916
-0.305291
0.15088
0.0612904
0.162562
0.406329
0.421846
0.247456
0.0168665
0.279739
0.357908
0.111369
0.0747931
-0.192734
-0.0807716
0.212212
-0.293148
-0.133642
0.0624701
0.00311832
-0.142493
0.0233741
0.26176
0.119794
-0.135564
-0.293337
-0.354302
-0.17369
0.101531
-0.109001
0.0750501
0.148166
-0.0693877
-0.19924
-0.283739
-0.0977989
-0.0761454
0.369964
0.423165
-0.0797232
-0.0960918
0.273601
-0.0324978
-0.117794
0.100438
0.366339
0.14244
0.239321
-0.0278295
-0.128899
-0.118144
-0.103716
-0.133183
0.0302994
-0.209601
-0.13889
-0.767423
0.161953
0.0418916
0.304503
0.0518263
-0.151272
-0.272221
-0.304818
-0.147624
0.103317
-0.19013
-0.1119
0.085928
0.0587839
-0.347271
-0.446402
-0.235292
0.138848
0.0541675
-0.0330796
-0.0956682
0.067338
0.164181
-0.28593
0.00507883
0.0747441
0.00786651
-0.166626
0.339173
0.0158113
0.0971893
-0.132473
-0.0131381
-0.0272432
-0.0489449
0.187826
-0.114323
-0.126428
-0.00678412
0.237669
-0.205739
0.0125376
0.0538271
0.28312
-0.248373
0.111671
-0.11724
0.134913
-0.170353
0.101322
0.0533968
-0.107509
-0.347317
-0.229786
0.138447
-0.0265278
-0.141277
-0.516443
-0.251113
0.0438007
0.0573924
0.135429
-0.124822
-0.251831
-0.618073
-0.207033
-0.167314
0.108461
-0.540743
-0.369034
0.0439276
-0.653583
-0.404669
-0.0849027
-0.0842773
0.0921065
-0.00319001
0.356375
0.442157
0.117504
0.642315
-0.0203042
-0.447154
-0.237352
-0.141832
0.105788
0.0471172
0.0524353
-0.0350975
-0.170602
0.148151
-0.367088
0.120112
-0.202121
-0.108666
0.18934
0.141617
0.0611271
-0.133164
-0.0187076
0.366672
-0.255613
-0.494438
-0.0848738
-0.146399
-0.298985
-0.0993407
0.0292689
-0.160386
0.0965634
0.141339
0.130512
0.0379133
-0.080863
0.146747
0.0135595
-0.508234
-0.169942
0.291942
0.055887
0.0108008
0.669648
-0.037311
-0.0549665
0.025532
0.227388
-0.0269866
0.174084
0.407605
0.14166
0.00374967
-0.292444
-0.152266
0.135151
-0.379564
-1.25429
-0.236511
-0.169076
-0.0644261
-0.115474
0.108291
-0.0460849
-0.411062
-0.0226781
-0.145722
-0.422187
-0.898215
-0.261186
-0.0160172
-0.13653
0.45713
0.212809
0.667169
0.540629
0.0425997
0.261338
0.0570012
-0.208626
-0.283573
-0.18702
-0.18981
0.200773
-0.406682
-0.00648223
0.116953
0.0322157
0.307164
-0.003644
0.119582
-0.220362
-0.116951
0.0205112
0.248254
-0.0445545
-0.0109671
0.221893
-0.0448979
-0.179738
-0.396831
0.0783674
-0.00307047
-0.0447849
-0.00587769
0.16619
-0.0633037
0.13181
-0.00177343
0.0273175
-0.0589663
0.0919965
0.0781618
0.000507632
-0.239528
0.0728978
-0.0208066
-0.285503
0.0170553
0.0793669
0.0838728
0.188027
0.25089
0.0425436
0.186133
0.322842
-0.460872
0.116006
0.181664
0.202457
-0.270962
0.0132332
-0.0446259
0.151197
-0.254229
0.0539315
0.317898
0.043372
0.233312
0.02044
-0.0133045
-0.116379
0.00652129
0.0957249
0.030759
-0.0215543
-0.094416
-0.13517
-0.287444
-0.210327
-0.888089
0.0472601
-0.0926082
0.285522
0.165013
-0.0509178
0.111003
-0.206527
0.0822852
-0.26028
-0.0693933
0.491474
0.466984
-0.227771
0.251765
0.22401
0.267523
0.0447361
-0.208613
-0.0453023
-0.0864928
0.24846
0.0544604
0.144947
-0.144631
0.0485863
0.507168
-0.0660226
-0.199917
-0.0905827
-0.380903
0.0900539
-0.0659835
-0.0688178
0.0116163
-0.0456648
0.00709181
-0.0779015
0.0486523
0.218075
0.127929
0.0530111
-0.0419637
-0.0467501
0.0639557
0.324459
-0.182826
-0.261445
0.0298996
0.0228988
0.266183
0.0876268
0.28205
-0.312965
0.255245
-0.32882
-0.327895
0.0276612
-0.122228
0.0776845
-0.0914934
0.143792
-0.0822223
-0.119695
0.101077
-0.0972795
-0.19525
0.0106328
-0.0776313
0.198135
0.00345836
-0.085444
-0.0216226
0.381716
-0.112296
-0.187949
0.148843
-0.240353
0.247692
0.458713
0.368453
-0.0809475
0.261697
-0.262672
0.0834313
0.330821
0.168626
-0.38765
-0.37618
-0.0639832
-0.0657262
0.308119
0.583223
0.0332781
0.0721225
-0.0955373
0.0071827
0.0364334
-0.0354814
-0.239022
-0.172236
0.0325377
0.113895
0.0715496
0.0516768
-0.391022
-0.0290237
0.225569
-0.169025
0.0142317
-0.0876701
-0.318093
0.103967
-0.187891
0.103287
0.0861014
-0.496609
0.209151
-0.0524785
-0.105178
0.109268
-0.0444257
0.232608
0.0421792
-0.0875587
-0.240967
-0.0445844
0.13871
-0.116635
-0.192846
0.251577
0.226509
0.434568
-0.0745249
0.0795799
0.195463
0.394833
0.442326
0.0012876
-0.254164
-0.212685
-0.152777
0.48143
0.0704468
-0.0440499
-0.400211
-0.0604034
-0.221296
0.191021
0.0553169
0.310089
-0.0412983
-0.170534
-0.0711727
0.125735
0.238562
-0.00305647
0.0690148
-0.168747
0.0412656
-0.125436
-0.0648169
0.0681696
-0.021869
0.0325279
0.114264
0.124751
0.171487
-0.0402133
0.228483
-0.0179649
0.0066279
0.311506
-0.0949358
-0.167686
-0.632278
0.00987954
-0.0202286
0.201773
0.0861872
-0.39236
0.0674543
-0.115039
0.364795
0.215859
0.406655
0.0646775
0.0360348
-0.160119
-0.145106
0.168365
0.466175
0.0402458
-0.283308
0.152629
-0.353084
0.260419
0.240727
-0.0417167
0.371118
0.356636
-0.293702
0.12269
-0.0347209
0.140146
0.245371
-0.0140962
-0.439993
-0.061948
0.0120818
0.0488837
0.0452104
-0.0461181
-0.0943462
-0.090968
-0.104689
0.0469429
-0.209956
-0.211579
0.0310896
-0.00932179
0.352041
-0.0280432
-0.0921963
0.273873
-0.0582741
0.260116
0.0635452
-0.134733
0.25204
0.148213
0.0606421
-0.359336
-0.0483312
0.159277
-0.0460548
0.1323
0.0358279
0.180652
0.0138315
0.160681
0.59822
-0.180794
-0.0357358
-0.0802618
-0.0293091
-0.043946
-0.162326
-0.00812979
0.0159386
0.0733081
0.489832
0.0751193
0.0704634
0.180343
0.133012
-0.157139
-0.0452333
-0.511265
-0.319286
-0.100108
0.0291682
0.185177
0.146757
-0.0628602
-0.000486958
0.0365172
0.0803829
0.0328404
-0.0531884
-0.027035
0.103025
-0.0375415
-0.00934379
-0.276737
0.17745
0.182069
-0.0656068
-0.0920041
0.541432
0.23184
-0.116794
-0.222213
0.0636766
-0.0977373
0.115588
0.0381706
0.132088
-0.0435482
-0.458256
0.059951
-0.111054
0.213596
0.0374386
0.412844
0.0937117
0.0513013
0.054982
0.101411
0.0968142
-0.0363268
0.116381
0.1474
0.174923
-0.213966
0.00891196
0.0198723
0.169923
0.0352988
0.280673
0.198256
0.0641391
0.125166
-0.0177625
0.32246
0.0757809
-0.110423
0.158724
0.0771582
0.153556
-0.00965146
0.0989757
0.611784
-0.235499
-0.10905
-0.139248
0.0181208
0.225003
-0.571013
0.0608878
0.182312
-0.340489
0.0759919
-0.162862
-0.397709
-0.174525
-0.0613747
0.375829
-0.146644
-0.0203613
-0.171614
0.0812322
-0.00320952
0.0649098
0.0623484
-0.198117
0.04729
0.0189064
-0.0105449
0.0894432
0.0740816
0.286066
0.2165
0.264625
-0.0823419
-0.141275
0.281952
0.109199
0.0715545
0.0473869
-0.276816
0.0466576
-0.218572
0.0631628
0.0654335
0.17217
-0.0979921
0.286797
0.0589292
-0.153344
-0.398225
-0.223673
-0.144122
-0.342011
-0.0742714
-0.139113
-0.262429
-0.159529
0.12189
