0.362353
0.0824494
0.300248
0.471474
0.258613
-0.116872
-0.139364
0.19512
-0.269589
-0.0843553
-0.247085
0.223317
-0.0579881
-0.114708
-0.103874
0.324458
0.106824
0.305122
-0.196977
-0.210093
-0.20695
0.00195295
-0.0749999
-0.238753
-0.0986228
0.0430441
-0.0793356
-0.392331
-0.295081
-0.0639349
-0.118789
-0.203107
0.202397
0.183302
0.143431
-0.076416
0.0653279
0.25715
-0.0216618
-0.187815
-0.123749
0.0796184
-0.0040729
0.215683
0.198025
-0.242208
0.109168
0.166993
0.103238
0.0973868
-0.0075853
0.0224515
-0.0771724
0.0539744
0.172711
-0.171618
0.0324731
0.247726
-0.128333
0.139179
-0.157003
0.348392
-0.143036
-0.0508884
0.450592
0.163742
0.153684
0.466417
-0.413046
0.0244445
0.0463996
-0.0282177
-0.0114495
-0.0812327
-0.394036
-0.17069
-0.103907
-0.160639
-0.217327
0.207989
0.190004
-0.476105
-0.287334
0.00771183
-0.186654
-0.184992
0.088089
-0.20453
0.0869302
0.317743
-0.139466
-0.146203
0.053277
-0.299733
-0.207356
-0.173404
0.184047
0.0651178
0.052966
-0.207374
0.161327
0.213445
-0.124213
0.177201
0.567807
0.00773574
0.251094
0.17999
-0.277708
-0.112872
-0.255673
-0.0332159
0.0533128
0.141955
-0.123561
0.15312
0.219965
0.0696757
0.0706713
0.269969
-0.272804
-0.267631
0.384784
0.170745
0.339086
0.303519
-0.0578995
0.135809
-0.011203
-0.0853994
0.00774964
0.126597
-0.206099
0.0960945
-0.035835
0.148687
0.158866
0.17421
0.192323
-0.147957
0.0280522
0.00546609
-0.296505
0.0585865
0.389297
-0.272783
-0.171507
-0.198874
-0.0802788
-0.0958582
-0.0827391
-0.0903421
0.368853
0.268282
0.084249
0.0825328
-0.0871923
-0.0370187
0.287506
0.162329
-0.0378486
-0.100613
-0.144123
0.105891
0.507667
-0.0242477
-0.14348
-0.149574
0.0773291
-0.235859
-0.26495
0.153691
0.23804
-0.48017
-0.0777354
0.0286227
0.221718
0.0786266
0.141351
-0.0908846
-0.239102
0.0655684
0.152804
0.128664
-0.149851
-0.0295366
-0.214808
0.248936
0.263587
0.131892
0.0714237
0.0320832
0.131885
0.391905
0.348948
0.346701
0.0344342
-0.0165874
-0.198312
-0.375136
0.0745805
-0.0902099
0.204851
0.476949
-0.158849
-0.0608757
0.0539453
0.136165
-0.0602478
0.0563414
-0.00284564
0.891453
0.356712
-0.38141
0.0664037
0.108964
0.004405
-0.145423
-0.399548
0.358817
0.0370317
0.311252
0.162051
0.386199
-0.733102
-0.09999
0.0617384
0.00115099
0.0665435
0.0173969
-0.21952
-0.0204678
0.563002
-0.282414
-0.378085
-0.269128
-0.027631
0.252078
-0.0711954
0.260188
0.317267
0.0928114
-0.104499
0.0859963
0.42733
0.445887
0.378423
0.175287
0.10915
0.0145971
0.444838
-0.0282812
-0.0104626
0.12289
-0.0720882
0.270791
-0.0737239
0.147851
-0.154647
0.395339
0.384736
0.213442
0.23258
0.339451
0.495737
0.546795
0.00169426
0.430592
-0.0351843
-0.0757746
0.0734258
-0.031395
-0.0520013
0.357329
-0.0150552
-0.118395
-0.133325
0.0150953
0.327012
0.126811
0.00848305
0.187657
0.15121
-0.000659586
-0.0991646
-0.169121
0.129352
0.0566831
0.0397734
0.582886
-0.175906
0.146474
0.192606
0.00120329
0.507182
-0.0816945
0.0683436
-0.107203
-0.106413
-0.0536085
-0.027707
0.226676
0.239305
0.285985
0.0100141
-0.0467402
-0.134859
0.291554
0.114494
0.0894929
-0.0272219
0.581285
0.100351
0.0919081
-0.277244
0.34823
-0.0526866
-0.0169303
0.0284857
0.174528
-0.290903
0.079773
0.264621
0.200519
0.0880609
0.0649843
-0.120517
-0.276546
0.0290522
-0.457454
0.146172
0.0100646
-0.0926771
0.100567
0.12876
-0.530784
0.111392
-0.0134336
-0.125441
-0.410587
0.282633
0.140571
0.400062
0.00732739
-0.540107
-0.106115
0.165738
-0.175863
0.132846
0.180645
0.166552
0.0617769
0.0180204
0.12219
0.093501
0.0696337
0.264343
0.118591
0.293298
0.206128
0.191223
-0.0332656
-0.324984
-0.42206
-0.367338
-0.156763
0.0543048
0.188436
-0.0311261
-0.0992234
-0.276883
0.0338067
0.429545
0.303597
-0.125173
0.345328
0.137592
-0.0804244
0.51859
-0.0469712
0.0586992
0.161147
0.231794
0.499022
0.189113
-0.265945
0.0489584
-0.0622229
0.0351935
0.117191
0.271559
-0.109494
0.19161
-0.371858
-0.175866
-0.18071
0.00210092
0.0228021
0.0318686
-0.198038
0.517645
0.0992065
0.145348
0.0537201
-0.875419
-0.0642123
-0.0161107
-0.0296428
0.0276794
0.2413
-0.104186
-0.053438
0.277268
0.102156
-0.437518
-0.93031
0.110791
0.238399
0.129278
0.0394522
-0.418979
0.323259
-0.139588
0.126992
0.275828
-0.156366
-0.575953
0.643213
0.206402
-0.426367
-0.115591
-0.167287
-0.160648
-0.254078
-0.165288
0.0164284
0.204458
-0.0608176
0.171593
-0.0605677
-0.239915
0.035552
0.196927
0.17304
0.071666
-0.151057
0.0123127
-0.163517
-0.123009
-0.0265232
-0.207967
-0.108767
0.0180932
-0.153592
-0.00912934
0.232188
-0.0395769
0.147732
0.30827
0.249968
0.374219
0.0759941
0.354354
0.143109
0.0387405
0.00227855
-0.182614
0.181108
0.123164
-0.0182316
-0.0835065
0.149834
-0.427387
-0.142636
-0.0405651
0.0287386
-0.142803
-0.689362
-0.213731
-0.263495
-0.435708
-1.06145
0.0763692
0.0184854
0.108189
-0.131114
-0.383168
-0.139111
0.0034789
0.174994
-0.559669
-0.339803
0.11425
0.0789088
0.0666817
-0.235572
0.263432
0.117387
0.370602
0.100836
-0.115695
0.33058
0.134933
0.0563488
0.256775
0.13621
-0.0456757
-0.31475
-0.338925
-0.539149
0.208538
-0.162077
0.00720944
0.146652
0.0312808
-0.0765414
-0.0284544
0.305607
0.00895145
0.405845
0.180568
0.0104818
0.0365623
-0.0749363
-0.205084
-0.00167438
0.379504
0.0649795
0.167293
0.0427944
0.168512
0.0415436
-0.196698
0.0980557
0.309892
0.128331
-0.122663
-0.28089
-0.00597549
0.0276885
-0.201145
0.0292292
0.643814
0.0324968
-0.0314981
-0.167557
0.236055
-0.0504719
0.165675
-0.0352798
0.047538
-0.166413
0.026063
-0.0913744
0.105367
-0.144115
0.0163775
0.00390389
0.115014
0.0939953
0.206422
-0.0397397
-0.218692
0.220551
-0.0436059
-0.00994933
0.0225475
-0.0682627
-0.181231
0.045012
0.0888507
0.12094
0.519375
0.167329
0.0293279
0.467197
0.269723
0.0104638
0.52049
0.208153
0.0858328
0.0449183
0.018532
-0.153379
-0.0364861
0.138856
-0.235342
-0.477244
-0.0233367
-0.180012
-0.128963
-0.0755982
-0.13717
-0.266402
-0.613447
-0.350621
-0.0534806
0.103287
0.0092619
0.339062
0.0943663
0.20044
-0.0828579
-0.0972439
-0.54847
0.226918
-0.443138
-0.148852
0.020776
0.224887
0.0126311
-0.0273301
0.0405768
0.0751954
-0.158739
-0.061218
0.00386756
-0.124459
0.308514
0.169813
0.0716922
0.533713
0.308853
0.013426
0.174008
0.385775
0.152102
-0.0560284
-0.00386055
0.100853
0.0833188
0.0643073
0.0409086
-0.0363519
-0.118506
0.200036
-0.13448
-0.122775
0.129702
0.73545
0.103169
0.18163
0.0152678
-0.146985
-0.121052
0.047524
-0.00612655
0.0762225
0.00139008
-0.00327465
-0.318925
0.00066085
-0.0320361
0.0503615
0.0400322
0.158677
-0.093082
-0.0889618
0.486145
0.680653
0.273281
-0.0673383
-0.114041
0.0955124
-0.297211
0.191653
-0.32824
-0.0658224
0.0223869
0.170412
0.0112172
0.118898
0.158552
0.0283255
-0.176169
0.107898
0.0547481
0.125284
0.125672
-0.0114677
0.0425603
0.266599
-0.113789
0.325353
-0.0742922
0.16097
0.174932
-0.149302
0.0859802
-0.226829
-0.296498
-0.228602
0.0454527
0.263723
-0.568441
0.0687967
0.146181
0.0314235
0.135462
-0.436111
0.271366
0.334873
0.274718
0.548555
0.00550814
-0.451878
0.249453
0.0568015
0.0695202
0.0230327
0.146607
-0.157533
-0.0694474
-0.0771064
-0.171173
-0.248403
0.179214
0.0396697
0.0826551
0.307633
-0.0517745
-0.617545
-0.404493
0.0136924
-0.141672
0.340458
-0.298575
-0.372879
-0.430894
0.0308355
-0.0788296
-0.275189
-0.328215
0.00312225
0.00224508
0.0724962
-0.0607491
0.142496
0.316955
-0.393221
0.228698
0.336284
0.0786644
0.122727
0.170192
-0.163602
-0.211334
0.00198989
0.0870055
-0.266594
0.75436
0.239051
0.0635877
0.000545357
0.0920046
0.026742
0.147082
-0.145458
-0.518686
-0.185524
0.132033
0.134446
-0.183398
-0.230242
-0.692569
-0.358711
-0.186269
-0.210877
-0.0181963
0.302473
0.142862
-0.375177
-0.00590101
-0.327007
0.0685451
-0.263566
-0.0624153
0.0254652
0.0884412
0.0755103
-0.00853979
-0.244826
-0.00664766
0.0622818
0.62066
0.0988216
0.127294
0.200153
-0.105899
0.0745059
-0.0578685
0.169412
0.386059
-0.208988
0.15556
-0.146656
0.349359
-0.0725892
0.0216509
0.00950533
-0.252892
-0.120514
0.0496523
-0.00643058
-0.173895
-0.0757409
-0.158519
-0.182179
-0.134789
0.615796
0.364345
-0.0710375
0.300816
0.215445
0.210769
-0.182994
-0.37172
0.0120711
-0.0970583
-0.0771235
0.00205134
0.0556302
-0.134021
0.334528
0.0709356
0.219468
0.211363
-0.032901
-0.198032
-0.0959042
-0.196902
-0.264145
-0.238524
0.0925007
-0.217217
0.0977919
-0.0178187
-0.293018
-0.136789
0.0976172
0.178489
-0.264278
0.0979219
-0.15744
-0.0535928
0.146
0.0447955
-0.0741639
-0.257136
-0.260014
0.0715914
0.162338
-0.112904
-0.057495
-0.0545494
-0.135727
0.0623582
-0.610658
-0.369402
-0.170944
-0.474464
0.259044
-0.466598
-0.460149
-0.112137
-0.21128
0.141655
0.0391479
-0.895399
-0.237145
0.0792435
-0.0158945
0.0242219
-0.165282
-0.239402
-0.167188
0.18861
0.224485
-0.1406
0.0910037
0.0371252
-0.17357
-0.0295786
0.0637226
-0.241624
-0.44562
-0.436565
-0.317131
0.28316
0.0658943
-0.0068773
-0.0352314
-0.230958
-0.197434
0.0347144
0.408884
-0.103369
-0.0102247
-0.0360691
0.110407
0.629353
0.135362
0.226399
0.173585
-0.0610087
-0.268314
0.0690944
0.210488
-0.0237553
-0.186905
-0.371493
0.19809
-0.199602
-0.0676593
0.154202
-0.0769051
0.119804
0.0378888
-0.000229364
-0.0566129
0.400106
-0.12289
0.178925
0.153519
-0.275479
0.411164
0.247197
-0.0720224
0.062347
0.0443357
-0.147196
0.434995
-0.561588
0.276847
0.302036
0.0605909
0.0598912
0.487127
-0.314297
0.0782085
-0.166868
-0.0599621
0.436064
0.300499
0.114914
-0.113735
0.0854112
0.161297
0.186354
0.217305
0.0928051
0.0529642
-0.210247
0.225211
0.0109472
0.281908
0.103955
0.0439951
-0.203294
-0.0114991
0.0790793
-0.0638538
0.141924
0.0892812
0.181388
-0.0988285
-0.123919
0.176438
0.0395253
0.0775774
0.0323943
-0.16785
-0.277074
0.0776503
-0.115657
-0.0759782
0.223691
0.16552
-0.0394338
0.312798
0.247262
0.119394
-0.424776
-0.0819949
0.243149
0.0660701
0.187267
0.193286
0.0418376
0.12621
0.181171
0.186988
0.0526399
-0.128957
0.104329
-0.15852
0.0340987
0.147561
-0.0393479
-0.176224
-0.0506887
0.0143318
-0.00878553
-0.472367
0.0251955
0.152639
-0.129291
0.0689121
0.393899
-0.201236
-0.45642
0.0834827
-0.0813325
0.126206
-0.0299923
0.319044
0.298652
-0.00973617
0.271771
-0.0187301
-0.0122518
0.0670306
0.057433
0.263132
-0.241939
0.00103046
-0.0755196
0.376529
0.120148
0.0950231
0.412077
-0.0746691
0.113553
-0.117116
0.0211192
-0.0444386
0.041041
0.120642
0.323038
0.0186388
-0.0106212
-0.0911904
-0.0204509
-0.170885
0.0139716
0.0366713
0.0241849
-0.0580276
-0.180351
-0.13274
-0.273396
-0.0569169
0.0349305
-0.145398
0.0697043
-0.13264
-0.0147789
0.651959
0.0919409
0.243214
0.185523
0.103011
-0.103171
0.382115
-0.10946
0.164024
0.0609284
0.256601
-0.367074
0.211743
-0.149026
0.0891466
0.00569565
0.0467995
-0.103371
-0.199992
0.0717622
-0.0678659
0.0058293
0.173522
0.0533371
-0.451227
-0.12098
0.474905
-0.0219497
0.580623
0.063851
0.0969385
0.147304
0.175771
0.053882
-0.117981
0.0413804
-0.297362
0.198206
-0.152093
-0.380147
-0.00630136
-0.11894
0.0255452
0.0388965
0.00471898
-0.165043
0.283419
0.029545
-0.0496177
-0.222696
0.062176
0.137802
0.404809
0.275763
0.12146
-0.0642288
-0.053155
-0.633275
-0.456596
-0.0422501
0.0341568
0.0744199
-0.00952554
0.146785
0.443849
-0.234162
0.0453458
0.515514
0.333427
0.00882646
-0.529861
-0.238056
0.0656198
0.0358253
0.318508
0.232267
0.0646288
0.0483627
-0.0133655
-0.0839769
0.0963563
0.368818
-0.0915616
0.0262479
-0.0307827
0.0711384
0.0480288
-0.0223583
0.337275
0.145947
0.254661
0.203406
0.53213
0.21269
-0.0874051
0.0649342
0.0953186
0.11768
0.172125
-0.100373
-0.534637
-0.543797
-0.265662
-0.0257807
-0.177427
-0.13154
-0.140965
0.248739
0.211976
-0.367212
-0.20245
-0.488796
-0.021197
0.321939
0.505342
-0.0629369
0.339147
-0.0564446
0.00739774
0.00389718
-0.0890479
-0.56499
-0.0887128
-0.0994218
0.0167423
0.168374
0.00768243
0.159428
-0.131317
-0.0951933
0.0445774
-0.0550982
-0.00826452
-0.0208795
0.0588872
0.256101
0.00732678
-0.00983994
0.0536987
0.145284
0.0628739
0.0816483
-0.229717
-0.114706
0.00208381
-0.203368
0.375512
0.551641
-0.0298387
-0.709178
-0.205099
0.0099574
0.374933
0.133901
0.342897
0.0527513
-0.0159425
-0.104039
-0.00576153
-0.0982199
-0.0750981
-0.0635586
0.199757
0.134546
0.112025
-0.106276
0.592855
0.0320599
0.0629969
0.0523442
0.066006
0.134303
-0.0917309
0.0390031
-0.186584
-0.0997382
-0.0103927
-0.0697457
-0.265493
-0.179921
-0.0288458
-0.114111
-0.0886949
0.00581747
0.0409268
0.214597
0.0401119
-0.0856076
0.168534
0.136054
0.226328
-0.104025
-0.193606
0.242636
-0.0297863
0.190819
0.402759
0.134747
0.0156633
-0.0968026
0.187576
0.259537
0.0214353
-0.266954
0.471698
-0.00931169
-0.00908245
0.203824
0.0379953
-0.011544
0.0398827
0.0639985
-0.0614625
0.0135974
-0.224643
-0.358964
-0.0781433
0.177398
0.00686903
-0.0235593
-0.0890507
-0.0636824
-0.0902707
-0.0975306
-0.00229419
0.0189247
0.0268947
0.0261104
0.0144669
-0.0500232
0.210386
-0.0183479
-0.0365273
-0.0849992
-0.318625
-0.0534562
0.0645408
0.0504148
0.318168
-0.159301
-0.190285
-0.158884
0.00203601
-0.510966
-0.122866
0.0946304
0.00940825
-0.20985
-0.114003
0.0221468
-0.0507123
-0.671863
0.0967283
-0.0445621
-0.131766
-0.0293544
0.122876
-0.263082
0.119639
0.174504
-0.277912
-0.156075
-0.0868616
0.157785
0.0464433
0.133973
-0.156182
0.115193
-0.0154378
-0.0337003
0.141509
0.454845
0.371876
0.152118
0.063236
-0.426694
0.0181205
-6.16313e-05
0.00860048
-0.300959
-0.122318
-0.0974325
0.129806
0.120911
-0.274626
-0.290153
0.0970762
-0.160625
-0.170069
0.0684682
-0.307715
-0.374788
-0.0216267
0.113181
-0.0902853
-0.208661
0.00969103
-0.0944346
-0.102559
-0.00603416
-0.241069
-0.0768978
0.0917293
-0.212503
0.164169
0.033883
-0.426593
0.281006
0.166129
0.0596035
0.106123
0.159936
0.337355
0.0218185
-0.130505
0.155593
-0.198108
0.107703
-0.207864
-0.0199711
-0.52396
-0.191098
-0.174037
-0.0239503
-0.0994453
0.116896
0.200559
0.544314
0.16776
0.105749
-0.148986
-0.0976258
-0.177533
-0.18807
-0.516031
-0.11825
0.0461296
-0.416312
-0.117749
-0.296542
0.448145
0.245306
0.0907859
-0.089968
-0.158652
0.135088
-0.0304624
0.0628371
0.104311
0.0844225
0.0865299
0.0729257
0.135084
-0.0407361
-0.0350064
0.218241
0.202003
-0.577664
-0.274604
0.130429
-0.265569
-0.0767328
-0.0355962
0.258834
-0.0787733
-0.204697
0.0545853
0.0286118
-0.0543593
0.172822
0.200314
0.0528222
0.0353139
0.0912855
-0.339249
-0.0398938
-0.121468
-0.0568208
-0.20107
0.116636
-0.182911
-0.330012
-0.00255004
0.196358
-0.0270964
0.106201
0.0291453
0.189952
-0.0205128
0.0969199
-0.207171
0.145848
-0.0236601
0.0512715
0.153244
0.432229
-0.183564
-0.157152
-0.584714
0.0298422
-0.134406
0.288423
-0.275021
-0.0537117
-0.146261
-0.350697
-0.0585049
-0.17916
-0.0735578
0.00413453
0.0329346
-0.0858405
0.15924
0.01707
-0.251029
-0.288141
-0.415027
-0.157137
-0.0732194
-0.429466
-0.273955
-0.0289915
-0.033182
0.0313618
-0.138522
-0.183961
0.309951
-0.213509
0.291071
-0.148919
-0.00322623
-0.137584
0.0364219
0.0555163
0.073317
-0.386537
-0.759572
-0.696888
-0.407014
0.205834
0.0203365
-0.0616345
-0.232672
-0.245523
0.244787
-0.0225445
-0.0942703
-0.112063
0.11017
0.140747
-0.0588841
-0.0290649
-0.0550951
0.0322824
-0.158491
-0.330023
-0.119427
0.156722
0.0673859
0.190377
-0.0120223
0.196331
-0.104095
0.0853354
0.903772
-0.256521
-0.19501
0.0869124
0.0165498
0.597503
0.142958
0.176488
0.253111
0.116633
-0.0565576
0.0182115
0.732752
0.597915
0.714477
-0.447798
-0.0603776
0.00388824
0.216489
-0.267485
-0.0213817
0.0951638
-0.023526
0.297387
0.0322779
-0.0651433
0.0281485
0.0912596
-0.086943
-0.266217
0.215269
0.10427
0.129205
0.11008
-0.540876
-0.0475565
0.104826
-0.26058
-0.368672
0.0640714
0.256344
0.264012
0.0187771
-0.0311554
-0.0957079
0.0588729
-0.270752
0.0676648
0.0113607
-0.256918
0.626248
-0.0657515
0.0422506
0.0151803
0.111988
-0.146452
-0.128368
0.0747636
0.121564
-0.0783515
-0.0898971
-0.0435391
-0.117601
0.125342
0.550202
0.167403
0.00188238
-0.072269
-0.116685
0.0472848
-0.0136931
-0.265088
-0.0421702
0.157977
0.373235
0.333437
-0.333598
-0.200392
-0.0998399
-0.201062
0.21758
-0.0246111
0.0519613
-0.0670138
-0.0618216
0.0593276
0.0936754
-0.299411
-0.579478
0.0442803
0.180269
0.0610655
-0.22963
0.0272595
-0.0213794
0.497938
0.280639
-0.0681039
-0.0917072
0.249358
0.123913
-0.0302371
0.054728
0.0490667
-0.108697
0.280528
-0.302874
0.154432
-0.237247
0.0998296
-0.209809
-0.0243592
-0.304799
0.0409919
0.0431918
0.0201911
-0.279906
-0.0233772
-0.169062
0.0201127
-0.062364
-0.158317
0.0723855
-0.0171727
-0.0227988
0.000277437
-0.510881
-0.113938
-0.214228
-0.0938686
-0.227829
-0.177683
-0.126568
-0.220768
-0.4257
0.0135349
-0.0411494
0.230376
-0.291541
-0.190152
-0.0078281
0.0582583
0.382664
0.31244
0.148829
-0.0213576
-0.200673
-0.214696
-0.413444
0.294407
0.071198
0.37361
0.272439
-0.33186
-0.0501231
-0.0682962
0.195406
0.156056
-0.0222001
-0.108106
-0.165399
-0.0472414
-0.084296
0.0832991
0.0463364
-0.00816412
0.0431997
-0.127584
0.000598308
-0.0341886
0.0480876
-0.287227
0.0103441
0.224644
0.132554
0.284535
0.279505
0.111946
0.217531
0.186345
0.0936825
-0.104573
-0.175162
-0.0362946
0.0475399
-0.21285
-0.0761741
0.0158803
-0.114685
-0.0274519
0.0960952
-0.143962
0.102388
-0.261836
-0.429043
0.276882
-0.0145259
0.150988
-0.274748
-0.214251
-0.419697
0.159467
0.170503
0.102613
-0.00684373
0.000767186
0.0746609
-0.022878
0.0222653
0.209067
-0.0220234
0.0727588
0.0338578
0.0615591
0.300374
0.060542
-0.163661
-0.464684
-0.680238
0.0853337
-0.0640384
0.330418
0.0404742
-0.101714
-0.00481644
-0.118407
-0.155109
-0.119767
-0.210567
0.00677963
0.26417
0.0626747
-0.123837
-0.320444
-0.0105464
-0.039112
0.0290333
0.156274
0.238373
-0.114829
0.0179253
0.222084
-0.0170739
-0.315539
-0.0536388
-0.295851
-0.024207
-0.0645496
0.0617301
0.00280615
0.46045
0.207277
-0.618315
-0.204371
-0.550069
-0.327615
-0.448189
-0.0625713
0.0229545
-0.0105321
0.0874897
0.211201
0.296438
0.0133017
-0.12491
0.0201523
0.062027
-0.0360221
0.0547161
-0.0496336
0.761938
0.704261
0.262237
0.0366239
0.108312
0.251192
0.452202
0.126801
0.0904761
0.383844
-0.0286106
0.120894
-0.297912
0.538258
0.0885036
0.0259578
-0.0911418
-0.0341092
0.489673
0.146451
-0.262953
0.574139
0.155759
0.400256
0.104107
-0.139568
-0.145622
-0.392567
0.572778
0.0783574
0.131278
-0.556533
-0.120866
0.0842089
-0.348953
0.0641973
-0.0664592
0.306857
-0.308914
-0.142142
-0.0175587
0.162469
-0.154991
-0.0471706
0.0447259
-0.577294
-0.160396
-0.254239
-0.367816
-0.169856
-0.243767
-0.311133
0.0841591
0.0674802
-0.0268826
0.150627
-0.0474059
0.192284
-0.0430208
-0.0996845
-0.0150253
0.0909084
-0.128931
-0.130548
0.0928807
0.252
0.0779903
0.158439
-0.0944051
0.276121
0.14511
0.133921
0.106961
-0.102983
-0.0624115
-0.160689
-0.0622395
-0.064877
0.181436
0.0653353
0.0100244
-0.0445877
-0.072652
-0.324413
-0.14446
0.18575
0.0161507
0.0840916
0.0349968
-0.154925
0.00769867
0.18302
-0.319922
-0.161331
-0.0824981
-0.0865871
0.321216
0.175182
0.126606
0.0377211
0.508737
0.501726
0.3297
-0.168058
0.499632
0.184805
-0.0525941
0.038016
-0.136668
-0.284708
-0.185153
0.00141723
-0.200741
0.129086
0.125755
0.131082
0.604835
0.110106
0.0853867
-0.316539
0.415326
0.00557411
-0.115801
0.0284077
0.0894965
0.314808
-0.384228
-0.179068
-0.0757278
-0.109429
0.147026
-0.212884
-0.382971
0.557863
0.164384
-0.0908984
0.116253
0.0100513
-0.218716
-0.033104
-0.555065
-0.156878
-0.0839022
-0.141329
-0.220044
0.173755
-0.0036713
-0.153902
0.13685
-0.310165
-0.324746
0.0378982
0.604282
0.86101
0.110177
0.317567
-0.104376
-0.335257
-0.147251
0.198111
-0.125651
0.0413798
0.150497
0.269119
0.0209015
-0.0506727
0.24538
-0.0572495
-0.25502
0.137367
-0.0204226
0.0252501
-0.0129639
-0.484252
0.0657222
0.262517
0.0507956
0.179672
-0.0754874
-0.255568
0.193461
0.137099
-0.540442
0.193921
-0.145531
0.0959542
0.291802
-0.0461666
-0.126052
0.00592812
0.00103802
0.0151912
0.0634012
0.123575
-0.112715
0.194427
0.0275911
-0.0994514
-0.13193
-0.120975
-0.00152457
0.288344
-0.240438
-0.257428
0.0718965
-0.0311587
0.0475988
-0.489126
-0.237167
-0.14924
0.233663
-0.182053
-0.136836
-0.0887002
-0.0235601
-0.0396736
0.251476
-0.204853
-0.43261
0.0765264
-0.615632
-0.533194
-0.00659106
-0.0176579
-0.0161171
0.245955
-0.18091
0.181545
-0.0852073
-0.250764
-0.0260699
-0.186424
-0.158893
0.139155
0.057475
-0.0285415
0.0538916
0.18539
-0.000123665
-0.251669
0.117544
-0.0830023
-0.13921
-0.23091
-0.359412
0.351657
-0.311689
0.11317
0.0287609
-0.262493
-0.285959
-0.381511
-0.114552
-0.274424
-0.452492
0.437986
0.298537
-0.0625576
-0.0448279
0.0798015
0.0474561
0.102696
-0.00808466
-0.121246
0.0195466
0.100515
0.0877703
0.0590817
0.0653624
0.234486
-0.0671895
-0.210301
-0.0266673
0.0532082
0.122418
-0.0197857
0.0194181
-0.175835
0.105927
-0.134944
-0.0660968
-0.21572
0.0731299
-0.0261913
0.0834787
0.0572177
-0.434835
0.088249
0.182832
0.193848
0.117519
-0.259265
-0.0489272
0.0821283
0.24453
-0.00340611
0.00603684
0.101147
0.106446
0.0740096
0.167183
-0.204105
0.606581
0.49426
-0.274287
0.402488
0.810801
-0.00856278
-0.247301
-0.0315344
-0.21269
-0.182501
0.0852694
-0.173488
0.395998
0.0419152
-0.188323
0.0395837
0.33099
-0.153138
0.0246086
0.100362
-0.111539
0.228116
0.276878
-0.0932585
-0.418427
-0.0877883
-0.0692541
-0.149842
-0.0475164
-0.404658
0.054049
0.0890002
0.373348
0.121143
0.153748
-0.124805
0.150708
0.102012
-0.198697
0.0205725
-0.0987197
0.126531
-0.085514
-0.423991
-0.250414
0.167541
-0.184385
0.138762
-0.111196
0.359149
0.0270638
0.216895
0.130515
0.0228487
0.210307
-0.11502
0.320763
0.109658
0.153165
-0.0247224
-0.161396
-0.253059
0.0389266
0.0724538
0.226584
-0.0717763
0.0903533
0.0153089
0.274178
0.120886
-0.116348
0.0832075
0.0156689
-0.0106722
0.442784
0.0505966
0.224639
-0.140306
0.191026
-0.28995
0.0809467
0.137802
0.151721
-0.243647
0.0976548
-0.0999552
0.0642577
0.265781
0.10405
0.123744
0.0851247
-0.500535
0.158385
0.126452
-0.30124
0.0120798
-0.0834726
-0.292373
0.122587
0.0284312
0.080609
0.0478228
-0.234752
-0.324539
0.286725
-0.194045
-0.0329938
-0.190264
-0.0676713
-0.0927303
-0.0375776
0.0456307
-0.312383
-0.38685
0.0222468
0.177182
-0.17277
-0.149089
0.0666159
0.11311
0.155124
0.000551316
0.016338
0.11615
-0.147407
0.0095845
0.194309
-0.249615
-0.482816
-0.0709999
-0.223888
0.321934
0.160673
0.0308154
-0.422736
-0.189321
0.115165
-0.104737
-0.057401
0.113435
-0.0192448
0.308961
0.445667
0.252695
0.0907067
-0.213166
-0.0684146
-0.116014
-0.192794
-0.142394
-0.0680618
0.0979835
0.0436718
0.505145
-0.215381
0.229909
-0.192448
-0.031251
-0.064275
-0.116874
0.210245
-0.0763831
0.0282328
-0.115876
-0.316398
-0.421551
-0.0151324
-0.536461
0.296213
-0.368901
-0.295738
-0.052858
-0.0405541
-0.484457
-0.17759
0.50993
-0.216254
0.275133
-0.0555912
-0.277549
0.42964
0.0380947
0.174899
0.390416
-0.0223332
0.165049
-0.161037
-0.086451
-0.0153184
-0.0284862
-0.0730236
0.0558538
0.310518
0.153188
-0.141799
-0.615473
0.000644059
0.648183
-0.10689
0.0451331
0.166779
-0.100405
0.44397
0.243964
0.228794
-0.0306398
-0.16352
0.311844
-0.12079
-0.0556775
0.199821
-0.0948895
0.0557406
0.381279
0.0360467
-0.0711637
-0.208729
-0.129357
0.104989
-0.488995
-0.0718854
0.0015464
0.0480031
0.417548
0.466844
-0.282851
-0.137798
0.160271
0.0555111
0.121297
0.103868
-0.0188344
-0.121028
0.182956
0.272521
0.0899405
0.122588
0.349426
0.116169
0.0600347
0.0950335
-0.155402
-0.0765926
0.0298889
0.127257
-0.0118326
0.134203
0.25614
0.155476
-0.17356
0.0201985
0.0711819
-0.212968
0.116985
0.114669
0.153119
0.427332
-0.18661
0.444063
0.107515
-0.143299
-0.0966364
-0.133038
-0.130542
0.200801
0.0699409
0.612987
0.108342
0.398537
0.119204
0.00322936
-0.27599
-0.0839594
0.0974117
0.0433297
0.708491
0.195214
0.0691693
-0.0460902
0.234526
0.0200217
-0.0609712
-0.0331339
-0.141398
-0.0705652
0.13236
0.581662
0.361509
-0.118771
0.107048
0.0782283
-0.253568
0.0603172
-0.0901229
-0.163909
0.0377423
-0.352813
0.100763
-0.158763
-0.0326844
0.049722
0.0968939
-0.148517
-0.118185
0.0733121
-0.0166398
-0.143525
0.23161
-0.0547473
-0.0395127
-0.234439
-0.370943
-0.247465
0.172655
-0.297937
0.0264214
-0.0341694
-0.234641
0.0453591
0.022956
0.313298
-0.108507
0.0357608
0.343182
-0.0289729
-0.0237655
-0.522663
-0.106977
-0.0423235
-0.0289466
0.116859
0.0517191
-0.403494
-0.0829424
-0.0609514
-0.286606
0.168317
0.049489
0.0873425
0.0832455
-0.389628
0.215602
0.254495
0.105444
-0.449521
0.331835
0.535421
-0.143781
0.0687846
0.196923
-0.0566063
-0.0617094
-0.0805361
0.155383
0.162933
0.0975483
0.261747
0.0117002
0.0327497
-0.24128
0.0758153
-0.109851
-0.0073799
0.115413
-0.103072
0.213242
-0.225603
-0.148144
-0.0771929
0.662724
0.0139511
0.04675
0.105859
-0.0123113
0.018601
0.052674
0.179868
-0.174713
-0.315425
-0.175666
0.0457744
0.0367292
-0.0734311
-0.0528398
-0.267358
-0.220638
0.396338
-0.107122
0.188517
0.231993
0.357312
-0.0179279
0.0441993
-0.288056
0.306757
-0.127492
0.213993
-0.0516811
0.0587176
0.245613
0.0136518
-0.0658
-0.00829482
0.0605622
0.109573
-0.0660151
-0.236339
