0.08176
0.0152962
0.121232
-0.0560275
-0.156954
0.017584
0.0984017
-0.229482
-0.361657
0.384803
0.224839
-0.0891141
-0.0975588
-0.0338122
0.125576
0.283552
0.489848
0.619206
0.444985
-0.0690012
-0.244909
0.291502
-0.0275993
-0.197711
-0.143958
0.0783068
0.223561
-0.0451035
-0.106547
0.651006
-0.0500415
0.0836554
-0.378725
0.0756057
0.104515
-0.1122
0.0852095
0.154958
-0.0456342
-0.389128
-0.227031
0.00268042
0.109024
-0.00160362
0.0946024
-0.0182493
-0.30563
-0.167235
0.0806576
-0.235012
-0.0415683
-0.057905
-0.323424
-0.103376
0.0807873
0.037401
-0.0760252
0.474445
0.170856
-0.218514
0.000895533
0.327452
-0.033256
0.0909008
0.268641
-0.251284
-0.193586
-0.261951
-0.225832
-0.0344546
0.123304
-0.00348002
0.0588317
-0.038089
0.183408
-0.0272207
-0.0592996
-0.136598
0.169951
0.0159753
-0.0255059
0.300624
0.0837378
0.0355353
2.02608e-05
-0.145149
0.0923587
-0.00898175
-0.205946
0.131613
0.0451299
-0.245902
0.168037
0.580703
0.158468
0.315942
0.209801
-0.111532
-0.164731
-0.0892111
-0.277029
0.040532
0.214593
0.0376883
-0.0764951
-0.196353
0.40699
-0.190212
0.0701174
-0.0456621
0.220941
-0.146924
0.0340162
0.570856
-0.0153416
0.106229
-0.186621
0.0127918
0.00659419
0.0667628
0.198195
0.498246
0.0895448
0.0273972
0.231907
-0.126183
-0.0957022
-0.0219505
0.0838881
0.0316
-0.154553
0.141883
0.348913
-0.0690788
0.147521
0.474273
-0.0452881
0.148027
0.18775
-0.389846
-0.964605
0.0316363
0.0285664
0.357725
-0.483547
-0.217481
-0.0641889
0.102947
-0.187808
0.186773
0.058295
0.145133
-0.584876
-0.116922
-0.152587
-0.0251393
0.0335045
-0.0383452
0.243729
0.0476853
-0.0146802
-0.160872
-0.106148
0.00725473
0.105585
0.0735014
0.0797496
0.358014
0.0444098
-0.0480805
0.709017
0.548275
0.283606
0.512517
-0.247169
-0.063271
0.326464
0.0107059
0.0194535
0.0194957
0.210471
0.564087
-0.0129545
-0.0506318
0.14731
0.176494
-0.0988508
-0.0270862
0.173244
-0.0827622
-0.189966
0.065291
-0.0386416
-0.18207
0.117644
0.234171
0.389446
0.0465046
0.0481455
0.182927
-0.298983
-0.0361633
0.0479509
0.548628
0.302746
-0.375149
0.150271
-0.202861
0.111473
-0.0679473
-0.123648
0.0374682
0.978235
0.361567
0.0478192
-0.0201455
0.0978945
0.00607086
0.351468
0.404093
0.0255971
-0.154063
0.176637
0.0260409
-0.78384
0.24039
-0.100376
0.110895
0.065466
0.226486
-0.381468
-0.0353422
-0.0231345
0.0684684
0.118864
0.598374
0.211535
-0.299644
-0.0219378
-0.0257954
0.201109
-0.192063
0.475258
0.138348
0.321278
0.0621388
-0.369026
0.236845
0.125577
0.271727
-0.070723
-0.174252
0.248187
-0.300139
-0.053598
0.292331
-0.0326688
0.00243133
0.302749
-0.316966
0.253799
0.233521
0.568519
0.314171
0.134994
0.502184
-0.0651249
-0.232513
0.0337639
-0.199645
0.0155566
0.166441
-0.0528967
0.00656583
0.0407866
-0.134795
-0.259193
0.108359
0.436583
-0.112882
-0.0713833
0.0711108
0.0189386
-0.0634954
0.116649
-0.11297
0.197216
-0.362838
0.395713
0.0857248
0.406675
-0.0977005
-0.174868
0.198651
0.0302639
0.0514243
-0.226648
-0.235256
-0.0078825
-0.1036
0.236912
-0.181373
0.124975
-0.0393846
0.00935344
-0.083121
0.123619
-0.0649003
0.064422
0.0489615
-0.076116
0.0978401
0.0261706
-0.178452
0.0898933
0.0291634
0.0629224
0.0945897
-0.152146
0.447458
0.542894
-0.130046
-0.15976
0.0277735
-0.0348583
0.185412
-0.0702756
0.325465
0.0200454
-0.178657
-0.0286441
-0.0909658
0.345284
-0.215205
0.0487095
-0.240657
-0.116858
0.152446
0.0350108
-0.0803773
0.116879
0.0860862
0.0392102
0.0174847
0.107838
0.0707953
0.0643075
-0.121257
-0.00805853
0.127073
0.322282
-0.467626
0.215507
0.0194232
0.0919541
-0.105249
-0.0838552
0.0129848
0.714932
0.198058
-0.0856946
-0.035251
0.264283
-0.343216
-0.384547
0.23172
0.131955
-0.0285169
-0.00750835
-0.178894
-0.0905061
-0.00394686
-0.277808
-0.00467748
0.213468
-0.211604
-0.0440272
-0.0190159
-0.0940255
-0.0936317
0.0549986
-0.147944
-0.431213
0.0736397
0.0444548
0.210351
0.0543338
-0.0537176
-0.0549718
0.0438688
-0.102845
-0.489225
-0.0831629
-0.168668
-0.0368533
-0.213949
0.111976
0.0646339
0.105726
0.132561
-0.099464
-0.162096
0.0140825
0.000531728
-0.187762
-0.2762
-0.00599184
0.00718019
0.071248
-0.000389726
-0.335729
-0.346349
-0.219845
-0.207933
-0.11186
0.516932
-0.143796
-0.242704
-0.0336838
0.478579
-0.251873
0.139856
0.158545
0.134563
0.135408
0.286541
0.202987
-0.270172
0.00629661
0.123608
-0.0599409
-0.436265
-0.194275
-0.127047
0.0586201
0.168972
-0.159581
-0.0993754
0.067674
0.0981488
0.106378
0.0108745
-0.528712
-0.120994
0.000428395
-0.150028
-0.0768034
-0.215642
0.0856447
0.00189968
-0.270779
0.050906
-0.191965
-0.0557695
-0.0984619
0.226746
0.25351
-0.0418967
-0.198284
-0.157693
-0.166041
-0.00970713
0.103705
0.564414
0.457896
-0.0494689
-0.646155
0.353033
-0.0102854
0.124366
-0.104278
0.0390683
-0.0173184
-0.128094
-0.18415
0.184411
-0.0700637
0.326999
-0.195611
0.0102196
0.0698455
0.420923
0.159849
0.00543493
0.182196
0.0806928
0.111969
-0.0501742
-0.0533703
0.0423286
-0.418384
-0.264681
-0.15036
-0.19276
0.0423887
0.0428389
-0.0601462
-0.220538
0.0616026
0.0269942
0.0444966
0.172609
-0.113786
0.172298
0.481987
0.0223363
0.335216
-0.101596
-0.247031
-0.30174
0.876159
0.500451
0.0608262
-0.157707
-0.0419059
0.0928706
0.173005
0.372109
-0.0462781
-0.15061
0.0114539
-0.039804
0.12947
-0.0454877
0.142794
0.196024
-0.13091
0.00496954
-0.107002
-0.511772
-0.121535
0.179384
0.164606
-0.0290245
0.188153
-0.248784
0.0431703
0.0156169
-0.0320824
0.501874
0.538764
0.588159
-0.421076
-0.0270787
0.146778
0.0149827
0.0737008
-0.341942
-0.0114957
0.0986899
0.146841
0.654666
-0.0574961
-0.0230551
0.267496
0.148334
0.0218041
0.0912457
0.011755
0.00355864
0.0305007
0.0188731
-0.215729
-0.122446
0.225839
-0.145844
0.0997267
-0.020606
-0.389925
0.0926793
-0.377079
-0.132832
0.334835
0.173639
0.0618299
-0.176746
-0.0145861
0.0570302
0.10884
-0.0284453
0.0279754
0.051044
-0.0553265
0.01622
-0.0158799
0.100777
-0.173699
-0.26851
-0.355198
-0.0203892
0.0350981
-0.0819411
0.181527
-0.272181
0.308668
0.360413
-0.173138
0.16978
-0.0618302
0.135762
0.081914
0.20853
-0.175536
0.00762232
0.469272
-0.139312
0.341525
-0.539646
-0.000675903
-0.16107
0.116399
0.00411275
0.0983991
0.0924171
-0.253232
-0.0559505
0.0313041
0.131294
0.0149671
-0.193163
0.408703
-0.081917
-0.54956
0.00314117
-0.0581276
-0.278366
0.0648558
-0.0791506
-0.141796
0.0970236
0.086444
-0.234358
0.0634606
-0.0407407
-0.184833
-0.202441
-0.0960479
0.285761
0.394309
0.105962
-0.159641
0.0929832
-0.0267066
-0.0196862
-0.0212774
0.0404313
-0.159818
0.0163813
-0.0126981
0.142678
0.062831
-0.0612346
0.131141
0.326853
-0.271912
0.0011811
0.00884344
0.100063
0.201879
0.0476278
-0.0734832
-0.177722
-0.09552
-0.354708
-0.0850064
-0.0752054
-0.291325
-0.0916246
0.111145
-0.0138243
-0.191105
-0.202906
0.231463
-0.0465922
0.17667
-0.173685
-0.0337059
-0.141204
0.295352
-0.113658
0.138123
-0.345013
-0.338233
-0.156069
-0.213272
0.195843
-0.13252
0.0080295
0.0645233
-0.0657683
0.217792
-0.195932
0.0386366
-0.0737358
0.147786
-0.0124094
0.286737
0.311138
0.308714
-0.0961063
0.0724287
-0.0670575
0.165978
0.327288
-0.317831
-0.0179871
0.187783
0.0281127
0.1263
0.179502
0.0714042
0.0365182
-0.119449
-0.257303
0.219611
0.29549
0.0195005
-0.174965
-0.086782
-0.0363961
0.101261
0.150241
-0.158762
-0.168965
-0.0553523
0.000682506
-0.217326
-0.165528
0.357207
0.120711
-0.197079
-0.0642976
0.161701
-0.0262123
0.0159269
-0.00778443
-0.0372162
0.173145
-0.213528
0.142743
0.133529
0.0509256
0.151851
-0.320899
0.127369
0.0661127
0.0894474
0.0155247
-0.435652
-0.0892063
-0.448082
0.125408
-0.0621632
-0.143642
0.0973523
0.00480139
-0.0412433
-0.16454
-0.0556928
0.0344204
0.0218966
0.000532623
-0.221782
-0.440456
-0.264096
-0.0806793
-0.088162
0.0675213
-0.135473
0.296485
0.0380324
0.266846
-0.00851817
-0.160587
0.665024
0.0559108
0.073699
-0.0314827
0.177539
-0.0138631
0.387001
0.066552
0.601673
-0.0797175
0.241956
0.145916
-0.183022
0.142749
-0.0208916
-0.00356252
-0.0208413
0.1034
0.520288
0.304177
0.141518
0.225445
0.248696
0.0957389
0.292329
0.162153
0.171527
-0.0131163
0.0393712
-0.0417525
-0.0403023
0.307139
-0.0505029
0.0347193
-0.167258
-0.209885
-0.154179
0.305495
0.066259
-0.440952
-0.146338
-0.0303814
-0.253374
0.103128
-0.0633777
0.135586
0.0212267
-0.0726857
0.376961
0.436275
-0.261448
0.0800075
0.13295
-0.050919
-0.153169
0.10856
0.324996
0.0322967
0.166093
0.110462
-0.0350732
-0.504032
-0.351622
-0.17154
-0.167882
-0.0545289
0.0803157
-0.353638
-0.0911345
0.0711099
0.345264
-0.00706314
-0.0745252
0.0153859
-0.265032
-0.0393847
-0.0131204
-0.388083
-0.0580855
-0.084022
0.154701
0.442555
0.0380526
0.198287
-0.0430245
-0.249703
-0.0113918
0.112899
-0.313437
0.0734952
-0.0258282
0.0720074
0.0710252
-0.0292443
0.331446
0.139272
0.166502
-0.400545
-0.0690957
0.482595
-0.524782
0.224543
-0.137739
-0.239464
0.111468
-0.0628155
0.0954845
-0.0570925
0.00932769
0.132492
-0.0214926
0.0563991
-0.133679
-0.0683288
-0.275573
0.639016
0.0780077
-0.0437771
-0.261974
-0.132666
-0.102446
-0.129143
-0.105473
-0.127619
-0.435363
0.096531
0.113139
-0.0469815
0.0432762
-0.245731
-0.185213
-0.594169
0.0682951
-0.35344
-0.352821
0.28821
-0.0486112
-0.161603
0.238901
0.301438
0.277298
0.0935452
-0.0412524
-0.0183216
-0.0490739
-0.0546405
-0.266336
0.301281
0.09137
0.155593
0.24663
-0.28204
-0.115585
0.23476
0.363863
0.361925
-0.065696
0.585692
0.386253
-0.215214
0.407067
-0.00908965
0.153862
-0.27662
-0.237962
0.0596279
-0.0328358
-0.044538
-0.437734
0.00126557
0.00664359
-0.186431
-0.659614
-0.503958
-0.440726
-0.297187
-0.0858245
0.0257845
0.148758
0.17938
0.00390993
0.342579
-0.0751997
-0.213583
-0.150632
0.0618951
-0.295056
-0.0509603
-0.165386
0.0315231
-0.062822
0.108717
-0.0972259
0.441253
-0.268798
-0.0269656
0.0102143
0.0510546
0.211415
0.214095
0.0595008
-0.0102479
-0.252322
-0.00215883
0.0384628
-0.0657649
-0.066532
0.187375
-0.238407
-0.128867
0.0157244
-0.579896
-0.359601
0.0275479
0.115638
0.100407
0.0216706
0.317964
0.419146
0.0189399
-0.0460572
-0.524432
-0.0118982
0.0108828
0.209085
0.178511
0.0866773
0.0122146
-0.018619
0.400316
0.0653385
-0.222442
-0.0689255
-0.19667
-0.0904147
0.100834
-0.109383
-0.00821684
0.163851
0.154959
-0.0904901
0.521893
0.665996
-0.0194851
0.183152
0.0140534
0.0856071
-0.0674936
0.407824
0.234296
0.00147193
-0.0877519
-0.336438
-0.302239
0.081186
-0.203107
0.247981
0.0596299
0.0823809
0.0639205
0.022528
-0.00877267
-0.151147
-0.0638456
0.103688
0.124306
-0.256436
0.176216
0.191432
-0.127566
0.117946
0.011954
0.376395
-0.0582144
-0.221919
0.323762
0.314537
-0.119583
-0.196597
-0.170922
-0.0427475
-0.164638
0.136685
0.100423
0.05915
-0.223433
0.0424943
-0.137856
-0.72158
-1.10076
-0.309607
-0.0525798
-0.154932
-0.0468205
-0.36786
-0.00752613
-0.339832
-0.561385
0.384862
-0.0139899
0.0892233
0.261522
0.0214369
-0.0469184
-0.00300624
-0.130739
0.0832411
0.0477015
0.506378
-0.0961533
-0.214434
-0.558933
0.310452
0.0433917
0.0630414
0.0810527
0.12688
0.0345186
0.0126234
0.111761
-0.146371
-0.483358
-0.670595
-0.194536
0.0208092
0.207301
0.018444
-0.0184475
0.256254
0.337657
-0.126107
-0.205084
-0.191
0.0151785
-0.0764388
0.213081
0.217666
0.0592837
-0.365053
0.0911717
-0.143351
0.174783
0.0245399
0.0308024
0.454326
0.0543776
0.0813676
0.272174
0.145775
-0.0288952
-0.021946
0.192092
-0.0408798
0.215264
-0.261433
0.0854316
-0.107275
0.0953321
-0.0835607
-0.273734
0.00506571
-0.181724
-0.102625
-0.0943811
0.143584
0.0823096
-0.0998833
-0.0231458
0.0227929
-0.241418
0.0285028
0.117268
-0.595756
-0.307869
-0.378826
0.1169
0.501019
0.672978
-0.0629538
-0.111753
-0.0998057
0.460628
0.28795
-0.169392
0.00944212
-0.0242502
-0.10307
0.0899883
-0.373114
-0.0213359
0.000833205
-0.303751
0.369782
-0.0524395
0.279435
-0.279774
-0.290953
-0.177071
0.0861952
-0.116546
-0.0125365
0.105174
-0.161832
0.175213
0.0760274
0.0254036
-0.0791042
0.00886082
0.0426672
0.12581
0.121519
-0.160042
-0.153559
0.38815
0.0706402
0.0396996
0.070909
-0.0961881
-0.00372321
0.048347
-0.177746
-0.0161903
-0.0500544
-0.137972
-0.0177118
0.137308
0.256154
0.0444082
-0.291883
-0.176489
0.147817
-0.21811
-0.386038
-0.187686
0.206222
0.068704
-0.0291102
-0.400098
-0.170015
-0.165078
0.233304
-0.146916
-0.38538
0.0245095
0.29688
0.104226
-0.300155
0.0181662
0.202374
0.535371
0.294163
-0.124221
0.174859
0.200675
0.106456
-0.204248
-0.0170325
0.120034
-0.0221956
0.0656682
-0.309186
-0.204805
0.0982524
0.554858
-0.126534
0.0284374
0.00616706
-0.123215
0.521638
0.0135723
0.221967
0.0466484
-0.196436
0.0144039
-0.0895016
0.373221
-0.260665
0.0898454
-0.0021436
-0.0698158
0.120319
-0.134575
0.0798903
0.120311
-0.179705
0.086791
-0.441632
-0.440442
-0.038788
-0.319254
-0.121145
-0.379567
-0.308048
-0.453086
-0.13809
0.0670193
-0.0371882
0.127615
-0.0883107
-0.263649
0.331666
-0.0190759
0.242923
-0.570024
-0.146911
-0.110205
-0.124373
0.103147
-0.0317216
0.0894455
0.0475021
0.0890958
-0.397428
-0.085078
-0.36243
0.0747297
0.00389015
0.0621104
-0.372461
0.074686
-0.0221945
-0.123905
0.0103919
-0.208119
0.535797
0.502584
0.287758
0.0988437
-0.0505083
-0.0493111
-0.021783
0.134697
-0.016387
0.0613415
0.392039
-0.0426296
-0.0259812
0.00814227
-0.00831174
0.00290971
0.0174706
0.00600328
0.0484419
0.313512
0.195233
-0.0622901
0.0260991
0.482131
-0.112242
-0.29518
-0.268137
-0.144836
-0.00266812
-0.0188736
0.364637
-0.214482
0.0688333
0.0688551
0.316706
-0.0601288
-0.368588
-0.116986
0.131702
-0.390429
-0.172497
0.244725
0.270054
-0.105301
-0.356281
0.0181749
-0.0717775
0.342271
0.050971
-0.0063302
0.195034
0.231263
0.193015
0.0499121
0.399107
0.131273
0.177539
-0.0968499
-0.0120037
-0.0533845
-0.19156
0.0376672
-0.00201681
0.0418893
-0.41822
0.346888
-0.205974
0.121769
-0.0974015
0.0376328
0.210643
-0.00446107
0.158313
-0.0420635
0.119698
-0.0420785
-0.428735
-0.101105
0.0921075
0.26438
-0.11967
0.0545823
-0.0236614
0.115359
0.220913
0.345259
0.141757
0.218969
-0.142013
-0.350159
-0.0785537
0.278239
0.0614056
-0.0195327
0.113329
-0.313173
-0.125692
0.546055
-0.337962
-0.111394
-0.130111
-0.352873
0.132623
-0.0487343
-0.411043
0.0936864
-0.0603352
-0.0920744
0.0616049
-0.684753
0.0853232
-0.146944
0.0283522
0.0590594
0.135306
-0.0224219
-0.332479
-0.476129
-0.0954803
-0.144321
0.341492
0.224239
0.278135
-0.238813
-0.16864
-0.12326
0.0401895
0.0448274
-0.179429
0.308176
-0.0948393
0.0683949
0.493226
0.00567001
0.175097
-0.179918
-0.0319859
0.10502
0.0102515
-0.0123279
0.271105
-0.0915553
-0.335758
-0.0161153
0.271479
-0.00937258
-0.192564
0.0709574
0.196383
-0.148598
0.137015
0.113693
0.309548
0.273478
0.0526055
0.39921
0.119291
-0.391459
-0.0761941
-0.0142459
-0.361649
0.271015
0.432641
0.025132
0.19604
-0.0174194
-0.157843
0.000798974
0.035998
-0.00697619
0.1831
0.0475159
0.111576
0.0840338
-0.139331
-0.119608
-0.0939172
0.0153205
-0.106726
-0.0544088
0.288533
0.0590666
-0.4578
0.10339
-0.13667
-0.175571
0.564413
0.104344
0.220039
-0.269895
0.0756439
-0.194912
0.290622
-0.391313
-0.38025
-0.0439172
0.0542447
0.194357
0.110725
-0.194758
0.478601
-0.137065
0.476181
0.0688331
-0.309085
0.176661
-0.0792655
-0.0345589
0.0962685
-0.0511241
-0.00663939
0.235729
0.184343
-0.298348
-0.074922
0.0704072
-0.489799
0.0613415
-0.0814658
-0.199241
-0.147239
0.0225113
-0.0907056
-0.410088
0.131172
-0.116837
0.0108443
-0.232679
0.0973327
0.0684171
-0.212466
-0.173006
0.189816
0.160387
-0.0204193
-0.150447
-0.457462
0.24975
0.43543
0.0285149
-0.208231
-0.0317911
0.0991603
-0.064732
0.350262
0.28017
-0.0878493
0.233655
0.166243
0.0842772
0.328175
-0.130075
-0.0863378
0.0702798
-0.157079
0.388395
0.0356041
0.55407
-0.0231851
0.0278168
-0.0317204
-0.0447241
0.0958395
-0.125523
0.20693
-0.0275516
-0.0872552
-0.13551
-0.0730927
-0.0374018
-0.21522
-0.111333
0.0181227
0.304773
0.0570013
-0.276112
0.465859
0.0860449
-0.243181
-0.229694
-0.294869
-0.788021
-0.0191259
0.243032
0.160623
-0.227795
0.24285
0.183613
0.0876697
0.0108413
-0.0622215
-0.204405
-0.0539835
0.0388072
-0.113716
-0.106846
-0.332503
-0.117051
0.405506
0.42624
0.00278477
0.0916763
-0.0241351
-0.207636
-0.281418
-0.0450677
-0.115072
0.176165
0.360433
0.217726
0.226084
-0.355212
0.0291824
-0.0107762
0.146675
0.0431568
0.785012
0.616067
0.502512
0.269392
0.2259
-0.0733213
-0.64899
-0.0948131
-0.198059
-0.235814
0.116765
-0.038076
-0.0889827
0.0432937
-0.185862
-0.0419739
-0.219323
0.126595
0.469763
0.109626
0.0418131
-0.014263
0.0712935
-0.0281402
-0.124895
-0.268982
-0.199694
-0.108341
0.128806
0.156091
-0.00376413
0.057654
0.034267
0.104067
-0.047374
-0.410259
-0.386424
-0.0669259
0.0320388
-0.287364
0.0032918
-0.260149
0.00550276
-0.292524
-0.0393755
-0.146462
0.220371
0.136919
-0.109095
-0.134345
-0.20898
-0.226909
-0.228929
-0.195856
-0.111422
-0.0853912
0.0997405
-0.110921
0.404282
0.0301656
0.00710113
-0.0818636
-0.231435
0.0976911
0.278311
-0.0066275
0.159208
0.126403
0.0464836
0.371338
-0.275288
-0.0857376
-0.333736
-0.147641
-0.192643
-0.143977
0.0706437
-0.105735
-0.0749444
0.0117001
0.192863
0.101283
-0.116217
-0.0997081
0.245628
0.254537
0.280019
0.131203
0.0726817
-0.0716676
0.288135
-0.0235793
-0.229528
-0.294048
-0.45893
-0.169022
-0.0273681
-0.0554067
-0.52091
0.245482
-0.303331
0.180698
-0.215609
0.0125971
-0.0261876
0.093579
-0.0179215
-0.246386
-0.462062
0.220005
0.193326
-0.0531217
0.0475127
-0.287039
-0.170262
-0.0944847
0.164861
0.23021
0.215718
-0.0754767
0.072848
0.324641
0.142333
0.0907268
0.130591
-0.989027
-0.516798
-0.106878
-0.219643
-0.0513364
-0.0455963
0.168775
-0.00464372
0.113866
0.173395
-0.234142
-0.00420091
0.414746
0.148261
-0.0327854
-0.323048
0.00640533
-0.254698
-0.00295028
-0.384641
0.175288
0.467332
-0.231469
0.13623
0.0119304
0.0349165
0.372252
-0.339858
-0.131376
-0.383709
-0.123974
-0.258549
0.00511451
-0.118984
0.256949
0.0640971
0.0268275
0.298908
0.0661054
-0.31753
0.208648
0.03926
-0.109619
-0.636855
-0.0162778
-0.244698
-0.195437
0.2684
0.0101309
-0.103674
-0.166477
-0.100278
-0.0379894
-0.119759
0.215072
0.185806
0.497827
-0.400194
-0.149444
0.0479942
-0.121201
-0.320139
0.0966163
0.311138
0.0301618
-0.330442
-0.127491
-0.220623
-0.10666
-0.121031
-0.00908218
-0.648201
-0.676027
-0.584893
-0.0586121
0.395607
0.378092
0.262623
0.56347
0.183519
-0.00822334
0.266309
0.485417
0.0227841
0.0414483
-0.11069
0.12096
0.160029
-0.0199898
0.00263915
0.0474081
-0.116074
-0.00522747
0.12979
-0.204146
0.0115455
-0.015359
0.0781099
0.0579229
0.100956
0.0695535
0.0412906
-0.0344047
-0.113034
-0.165887
0.014137
-0.0822822
0.417764
-0.151572
-0.0547525
0.0180979
-0.151654
-0.00678052
-0.400883
-0.0163559
0.354805
0.00545015
0.612699
-0.255679
-0.0604914
0.139046
-0.10524
0.0676439
0.147211
-0.340785
0.000145742
0.0321898
-0.181364
-0.0446982
0.139555
-0.0155426
-0.0679767
0.418129
0.067635
-0.0264324
-0.184071
-0.281881
0.218215
-0.0100061
0.0827822
0.186419
0.0214972
0.0784859
-0.0670746
0.0760293
-0.368936
-0.0501768
-0.0764347
-0.148404
0.0526391
-0.190367
0.0851176
0.141098
0.345017
-0.532605
0.166738
0.00402704
-0.0240397
0.112247
0.182949
0.0186459
-0.00645277
-0.106305
-0.250436
0.0138007
0.138648
0.163982
0.0942298
-0.0406447
-0.0114686
-0.0355782
0.162331
0.208456
0.0536784
-0.204943
-0.113855
0.298294
-0.0850247
0.527557
0.552075
0.317145
0.212918
-0.0111088
-0.152147
-0.312048
0.398064
0.22862
-0.312963
0.0867084
-0.0909134
0.23171
0.139973
0.0434356
0.0282749
0.174869
-0.183053
-0.383123
0.040585
0.278828
0.0324858
0.157702
0.061102
0.116062
-0.0291772
0.432629
0.394369
0.326485
-0.0361179
-0.0675837
0.066434
0.160817
0.778964
0.0847202
-0.0115186
-0.0791055
0.120024
0.177352
0.205599
0.0808737
-0.290737
-0.0528171
-0.267342
-0.0662374
-0.0711309
0.0781368
0.135116
-0.3598
-0.250659
0.0632665
0.0294449
0.0090979
0.0980688
-0.216974
-0.35863
-0.242542
-0.0187161
0.423475
-0.0109781
-0.29463
-0.0253689
0.299224
-0.140531
0.120139
-0.0407985
0.0328774
0.190621
-0.0205838
0.734199
0.201901
0.222489
-0.0418218
-0.00721867
-0.0617523
-0.462449
0.187053
0.230717
-0.25124
0.173283
0.0187876
-0.29229
-0.163208
-0.00263169
0.067636
-0.306162
0.00409669
-0.174886
0.0468507
0.102086
-0.0574187
0.0583767
-0.0458175
-0.342244
0.471924
-0.0170449
-0.232602
0.260706
0.0147082
-0.00421856
0.224223
0.0935719
-0.169503
-0.287082
-0.155867
-0.143393
-0.163522
0.112399
0.154881
-0.110634
-0.00418108
0.17342
-0.238567
-0.192036
-0.0192771
0.095692
0.14638
0.172294
-0.0488913
0.0773632
0.22857
0.236578
0.473993
-0.230417
0.0933272
0.201289
-0.0287773
-0.133951
0.267366
0.29315
-0.140563
0.0135578
-0.13299
-0.0997511
0.0820503
-0.289304
0.133168
-0.0363283
0.136565
0.0077776
0.0171809
-0.0309552
0.114594
0.220341
-0.108013
-0.214877
-0.0536749
-0.0127439
0.0622916
-0.2375
-0.143348
-0.330341
-0.0503127
-0.0339903
-0.681222
-0.347324
0.0562799
-0.0247135
0.00700898
-0.110518
-0.107766
0.0480679
0.194903
0.143846
-0.178032
-0.143767
0.0286001
0.109704
0.0528175
-0.049815
-0.0968802
-0.046806
-0.111073
-0.0667862
0.0868432
0.158759
0.356556
0.101458
-0.0820787
-0.32589
0.320304
-0.187383
0.178938
0.0125126
-0.0406757
0.0689652
-0.169219
0.256159
0.139974
-0.0419767
0.0606771
0.0398025
-0.0384086
0.162305
-0.00806478
0.197124
-0.0670417
-0.145963
0.0696878
-0.0781999
0.0793772
0.0619268
0.560337
-0.0907218
0.183925
-0.474611
0.0936352
0.0337292
-0.125347
0.237195
-0.308225
-0.157515
0.054685
0.131853
0.0114648
-0.315741
-0.109592
0.204618
0.116592
0.0823776
0.344929
0.0840837
0.344959
0.15938
-0.0599727
-0.436161
-0.214981
0.0342233
-0.245217
-0.107464
0.204103
0.255387
0.19879
-0.0514342
-0.0452868
-0.0483049
0.165538
-0.0858747
-0.0353305
-0.349595
0.0387153
-0.0878308
0.208177
-0.132525
0.0236916
-0.188656
0.0630376
-0.00184186
-0.0020314
0.33181
0.647559
-0.0685446
-0.131269
-0.600186
0.168355
-0.041866
0.0354958
0.0953167
-0.0582874
-0.0511077
0.126178
0.07352
0.197713
0.310183
0.0556092
0.0969285
-0.0592936
0.0956689
0.00677408
-0.14624
-0.0427254
0.105833
0.0112737
-0.225801
0.105244
0.122924
0.167297
0.480053
0.157089
0.253368
-0.249311
0.0397674
-0.201798
-0.142233
0.158165
-0.021023
-0.0281051
-0.0908938
0.568675
0.137506
-0.0911169
-0.470355
0.160562
0.478583
-0.175577
-0.0424492
0.130162
0.0163191
0.213958
0.0944044
0.293052
0.000748253
0.359099
-0.137439
0.0799325
0.0312225
0.221119
0.0244168
-0.0336635
-0.23751
-0.11135
-0.359498
-0.0227004
-0.171163
-0.283372
0.00190071
-0.128346
-0.0100425
0.103239
0.161629
-0.266552
-0.195242
-0.447527
-0.0474304
-0.0446246
-0.26388
0.0476676
-0.100375
0.149773
-0.0827926
-0.0265764
0.0876995
0.20219
0.0417847
-0.460962
-0.383986
0.0181357
0.0474054
0.0401559
-0.652352
-0.0945526
-0.248938
0.209713
1.00485
-0.465567
0.152662
0.411579
0.126707
-0.0467088
0.00014002
0.000548363
0.0814214
-0.523343
-0.516572
-0.198424
-0.112091
0.151209
0.0685351
-0.0822132
0.0045712
0.179992
0.175261
-0.16795
-0.0633976
0.348168
-0.0287654
-0.0171595
-0.541956
-0.234006
0.109436
0.15699
0.0956088
0.0382276
0.112396
0.135097
-0.0244129
0.0410819
0.16116
0.338508
0.162742
0.0213458
0.242141
-0.0733521
0.191924
0.1016
0.00202398
0.024243
0.389291
0.0364593
0.17762
0.0260185
0.307649
-0.186076
-0.103041
-0.00349447
-0.21337
-0.222084
0.113892
-0.074457
0.104924
-0.105916
0.268592
-0.033474
0.0675237
-0.0375778
-0.297873
0.0900738
0.036008
-0.306439
-0.0990284
-0.0504191
0.546011
-0.0685138
-0.0158465
-0.0867355
-0.0342175
-0.251
0.264363
0.0569712
-0.100287
-0.119211
0.12553
-0.123321
-0.284557
-0.0363497
0.00343345
0.0936986
0.197156
-0.150872
-0.0359779
0.00462278
0.105133
0.605825
0.366123
0.0496854
0.100656
-0.0762533
0.10735
0.0590049
-0.254739
0.0429169
0.0403975
-0.0554582
0.0119394
0.136255
0.543515
0.315954
-0.119397
0.213894
0.0104002
-0.00511976
0.249062
-0.181723
-0.173642
-0.101504
0.0340252
0.0887219
0.288301
-0.0111453
0.108328
-0.128225
-0.0205561
0.548845
-0.126249
0.0891805
-0.126983
-0.14737
-0.0829794
-0.0703613
-0.311138
0.256577
-0.0573536
-0.269505
0.43992
0.412742
0.104037
-0.207201
-0.2107
-0.0115592
0.468314
0.00988967
0.26755
0.0237868
0.171329
-0.00533589
0.109343
-0.325246
-0.394268
0.0387364
-0.268773
-0.0816754
-0.144423
-0.000137147
0.48455
-0.0253944
-0.141524
0.17115
-0.0320998
0.223778
-0.0399256
0.00370736
0.028665
-0.326962
0.224572
0.0592152
0.00573761
-0.193334
-0.0914668
-0.0267174
0.118711
0.0507835
0.0296448
0.094346
-0.356588
-0.151289
-0.0506066
0.316061
-0.125722
-0.00996733
-0.0868275
0.333581
0.12565
0.25393
-0.187697
-0.267539
-0.478817
-0.622373
0.161956
0.0234967
0.119938
-0.0419414
-0.442324
0.239548
-0.0403514
-0.130197
-0.0413477
0.0205652
0.00750975
-0.129613
-0.084662
-0.056936
0.30163
-0.317185
-0.0228584
-0.0081655
0.071981
-0.069581
0.0011732
0.159274
0.0402456
-0.137493
-0.0563583
-0.592418
0.0638535
-0.0439662
-0.0447134
-0.0547039
-0.394138
0.00849234
0.0876476
0.0977481
-0.207183
0.0355477
0.00379184
0.753918
0.212855
0.396052
-0.283419
-0.208601
-0.335527
-0.0545572
0.213239
0.0917939
-0.144796
-0.086354
-0.0279735
-0.0345414
0.00101198
0.0341027
-0.0563979
-0.0472369
-0.227812
0.224157
