0.196422
0.22446
0.205799
0.209869
-0.143502
-0.0786871
-0.0457159
-0.0244944
0.395998
0.186591
0.0116311
-0.102334
0.111822
-0.211695
-0.106467
0.161966
0.373137
0.520282
0.597785
-0.205314
0.264679
0.350891
0.0402425
-0.0379218
-0.0979135
0.167894
0.353245
-0.00377112
-0.0708266
0.227998
-0.0534095
0.0544931
0.257004
-0.0136173
0.287571
-0.0271619
-0.183021
-0.218486
0.145514
0.143119
0.655767
-0.0991364
-0.109168
-0.313878
0.224686
-0.103142
-0.306061
0.709952
-0.0819186
0.129299
0.159605
-0.101653
-0.169507
-0.131122
0.105446
0.0372727
0.216229
0.858459
0.43484
0.212879
-0.215111
0.0842102
-0.188862
-0.0211211
-0.492242
-0.221097
-0.0182184
-0.192041
0.0137828
-0.126652
0.0670951
0.0752252
0.190049
0.108142
0.232514
-0.054408
0.19278
0.215459
0.268603
-0.27271
-0.186826
0.178994
0.103222
0.0242403
-0.241989
-0.213871
-0.106394
-0.142668
0.458575
0.133143
0.154477
-0.253893
0.125144
0.904717
-0.122161
0.113701
0.29802
0.261369
-0.349157
-0.0427086
0.441477
0.0850089
0.0958272
-0.114189
-0.542545
-0.2065
-0.415712
-0.411549
0.410512
0.0498129
-0.0604526
0.0352256
-0.127531
0.591919
-0.31292
0.370287
0.179049
0.159392
-0.069514
-0.502799
0.0492654
0.21779
-0.207784
-0.145612
0.200566
-0.0188929
0.0363082
-0.191056
0.210104
0.0610419
0.0654143
0.0962552
0.0345195
-0.374262
0.125146
0.282251
0.0666529
0.0718133
0.0445475
-0.176692
-0.582102
-0.19249
-0.0536501
0.205426
-0.239374
-0.371808
-0.0476884
0.151978
0.188408
-0.0299379
0.00826917
0.0125304
-0.249626
-0.164904
-0.0887517
-0.143525
0.114858
-0.113645
-0.124483
-0.179496
0.148113
0.0286925
-0.146153
-0.0450413
-0.0555979
-0.0631319
0.0866618
0.227949
0.108724
-0.222474
0.121146
0.604491
0.725671
0.498956
0.0717075
-0.148843
-0.1722
-0.0587158
0.164072
-0.106413
0.233501
-0.114049
-0.170126
-0.143513
0.0663597
-0.187759
-0.252228
-0.13361
0.377148
-0.0766192
0.480502
0.0489094
0.0212984
-0.334941
-0.0519839
0.239684
0.047531
0.034848
0.139955
-0.0490465
-0.0298043
0.164222
-0.0581877
0.398659
0.248607
-0.332495
-0.424221
0.0332755
0.072407
-0.544409
-0.377373
0.284484
-0.197078
0.40075
0.178357
0.285945
0.0560273
0.164054
-0.249026
-0.0839563
-0.274575
-0.536427
-0.00318335
-0.164414
0.535955
-0.257741
0.0599114
-0.150318
0.0719732
0.120684
-0.286821
-0.408172
-0.147688
0.113742
-0.307205
0.188191
-0.0696709
-0.111358
-0.0572
-0.236798
-0.238886
0.0361669
0.267983
0.0856875
0.511132
0.112365
0.0591455
0.0301504
-0.412221
0.237376
0.0182201
-0.204384
-0.314369
-0.479639
-0.0443157
0.272055
-0.228763
-0.0339105
-0.117652
-0.0348316
0.0060204
0.344308
0.482251
0.277303
0.304468
0.52365
-0.296043
-0.0355547
0.0232435
-0.374313
0.0195925
0.112912
-0.0465761
0.0123096
0.203942
-0.222023
-0.180183
-0.00707263
0.132047
0.0826794
-0.0191739
0.0254402
-0.0792949
-0.275394
-0.0992841
-0.0371232
0.186275
-0.0503619
0.282717
-0.0788262
-0.0848704
0.138667
0.249789
0.079441
0.224537
-0.0936105
0.105424
-0.313135
0.185822
-0.427666
-0.166832
0.229557
0.0914448
-0.320555
0.0885208
0.0947324
0.0462395
0.331492
0.419676
0.177385
0.680102
-0.150693
0.0168397
0.450101
0.323972
0.263085
0.14009
-0.0149567
0.0068824
-0.198978
0.250932
-0.0158009
-0.111812
-0.358398
-0.350854
-0.173395
0.374455
0.0464214
-0.103207
-0.183888
0.0952129
-0.142319
-0.424278
-0.259117
-0.0706569
0.0367166
0.0726392
0.171279
-0.0258705
-0.0166737
-0.0191181
0.245868
-0.561611
-0.0265395
0.193724
0.262387
0.072105
0.0633129
0.101202
0.660581
0.250276
0.023873
0.0176128
-0.0261407
-0.172723
0.759637
-0.0907562
0.0216951
0.210987
0.119336
-0.115618
-0.221436
-0.164306
-0.112425
-0.0654415
0.192159
0.11308
0.025991
-0.137989
-0.216112
-0.122348
0.193089
-0.273204
0.0550036
-0.208047
-0.55297
-0.0226697
-0.184736
-0.0633509
0.224052
0.431431
-0.312209
-0.145847
0.196254
-0.0905352
0.0622753
0.14403
-0.0570686
0.0638313
-0.219296
-0.044747
0.0701728
-0.0330823
0.200688
-0.0598669
-0.266591
0.00776749
-0.0694367
-0.0364045
-0.297645
-0.119305
-0.0641358
-0.04952
0.0894416
0.215677
0.0608789
-0.376598
0.00699194
-0.108801
-0.110264
-0.832149
-0.340493
-0.246135
0.328936
0.824407
0.517375
-0.022508
-0.211928
-0.0383353
-0.057364
0.0255883
0.37111
0.294206
0.188081
-0.15902
0.00881462
0.159341
0.00521242
0.133904
-0.0889899
-0.0227334
-0.568539
-0.167942
-0.284716
0.0263583
-0.366476
-0.279723
0.115246
0.00212718
-0.212451
-0.245897
0.026943
-0.282479
-0.0456904
0.11801
-0.223711
0.0828373
0.0980851
-0.243247
-0.00266418
-0.146262
-0.103451
0.101698
0.172832
0.104078
0.311545
0.0236241
-0.0796265
0.0321025
-0.147393
-0.111742
0.0310232
-0.120018
0.27627
0.464665
0.0910198
-0.467046
-0.305165
-0.157923
0.0334779
0.0869545
0.316258
0.201546
-0.0952147
0.238089
-0.216071
0.49287
-0.267126
-0.068979
-0.127925
-0.117433
-0.0694413
0.137326
0.20158
0.107997
0.00323404
-0.35802
-0.13981
-0.0108113
0.628872
-0.0312178
-0.00333211
-0.277509
-0.050125
0.19812
0.200207
0.189174
-0.302994
0.0726749
0.269087
0.0449301
-0.0696703
-0.0182863
0.191386
0.242848
-0.533407
0.149787
0.00050394
-0.108565
-0.277922
-0.192387
0.0295476
-0.0936905
-0.227265
-0.116207
0.0517384
-0.00238673
0.16361
0.163577
0.0803687
-0.0676006
0.0584367
-0.0421296
-0.0959716
0.114166
0.159816
-0.239082
-0.0782543
-0.293251
-0.158559
-0.216064
0.398481
-0.0383325
-0.101606
-0.0942317
-0.188399
0.138566
-0.0920888
0.152239
-0.0221332
0.358334
-0.167806
-0.611832
-0.0852344
0.133675
0.0529638
0.0362565
-0.044049
0.0819042
0.215664
0.186822
0.317082
0.00656648
0.00858199
0.0757242
0.166469
-0.0671837
0.0948821
0.270177
0.0406087
-0.126157
-0.107535
-0.059591
0.0271618
0.464275
-0.0844974
0.206637
0.0381185
-0.224841
0.00996354
-0.317239
-0.108753
0.230975
-0.0106476
0.117375
-0.122695
-0.0575682
-0.193275
0.0484928
-0.0190832
-0.114972
-0.0774012
-0.150656
0.0333411
0.0451202
-0.156032
-0.025761
-0.0409446
0.211595
-0.155296
0.162266
0.34537
0.0161027
0.06358
0.605009
0.260373
-0.502878
0.278541
0.107467
-0.0836713
0.0223008
0.354116
-0.0780088
0.101678
0.19041
-0.0363841
0.112212
-0.213894
-0.446617
-0.0658753
0.12196
-0.0625644
0.0259448
0.260704
-0.160308
-0.21899
0.0963996
-0.0703379
-0.275108
0.155209
0.306307
-0.207617
-0.0784052
-0.135815
-0.194384
-0.27003
-0.433271
0.0865111
-0.219121
0.149413
-0.206819
0.0761543
-0.044041
-0.0958235
0.148579
0.014164
0.0504297
0.241558
0.472069
-0.129557
-0.154119
-0.16562
-0.0174668
-0.0401526
-0.0398834
0.0243342
-0.124509
0.0526206
-0.0225311
0.114005
0.00690416
0.019664
0.0811858
0.116103
-0.152373
0.105397
-0.389129
-0.114093
0.501736
0.0647214
-0.413265
-0.184196
-0.23051
-0.0455258
-0.0837966
-0.00655027
0.425416
0.0975027
-0.0742635
-0.149773
-0.0368784
0.152227
0.250742
-0.336189
0.207284
0.601819
-0.405842
0.0825489
-0.302424
-0.0717278
0.116647
-0.517439
0.00551973
-0.266685
-0.0964924
-0.147619
-0.116092
-0.336235
0.267862
-0.0353863
-0.0136559
-0.119935
0.0129659
0.357148
-0.0509432
0.00920968
0.22769
0.3657
0.205827
-0.341501
-0.124631
-0.488107
0.140395
0.370615
0.0216104
0.306523
0.399876
0.149817
0.0356486
0.105209
0.14853
-0.00848221
-0.0528967
-0.0624197
0.0622173
0.317438
-0.0863763
-0.546052
-0.273813
-0.192943
-0.160106
0.0889314
-0.292498
0.159851
-0.241965
0.0184208
-0.243614
-0.238884
0.283241
0.116476
-0.131534
-0.0766615
-0.160702
-0.01379
0.084833
0.0153359
-0.0443256
0.0173672
-0.17188
-0.358831
0.284695
-0.0552431
0.131431
-0.0722437
0.0581631
0.0446172
0.112382
-0.0385118
-0.398136
-0.470687
-0.761165
-0.195562
0.0575296
0.120314
-0.0437602
0.0117316
-0.172615
-0.188183
-0.357968
0.236574
-0.0174123
-0.0637645
-0.103194
-0.0132342
-0.195135
-0.0836471
-0.193779
0.244135
0.0914808
-0.0698834
0.0724385
-0.022835
-0.143239
0.169237
0.604575
0.270647
-0.0509262
-0.100683
0.183493
-0.051478
0.161142
0.465571
0.610191
-0.154121
0.422727
-0.0566281
-0.229641
0.174553
0.30759
-0.0690724
0.139975
-0.188869
-0.565178
0.109168
0.120496
-0.13794
-0.127117
-0.294239
0.232177
0.0991754
0.19953
0.0644242
0.265137
-0.148235
0.00509787
0.611348
0.128538
-0.135061
0.0707246
-0.434423
-0.0646271
-0.0273981
-0.255931
-0.212389
-0.0983762
0.0697294
0.131127
-0.00290657
0.134147
0.29831
0.00211122
0.0955662
0.0807067
0.173898
-0.158763
0.0461708
0.0726508
0.0525677
0.228562
0.202953
0.19857
-0.158554
0.168042
-0.0866008
-0.0480888
0.0794222
0.0172545
0.191885
-0.00543879
-0.07035
-0.291893
-0.290806
-0.273324
0.254046
0.740446
0.397997
-0.191033
-0.0074178
-0.0633628
0.0719856
0.221
-0.51718
-0.474887
0.205812
0.286349
0.649442
0.00763931
0.12601
-0.288873
-0.769214
0.0991302
0.526361
0.112244
0.0213187
-0.0248815
0.0541956
0.020173
-0.0986548
-0.0226722
-0.159135
-0.300573
-0.220161
-0.0988206
0.230795
0.676747
-0.175942
-0.0725382
0.00742316
0.141088
-0.15277
-0.573372
-0.00358852
-0.127337
0.0307365
-0.0777617
0.112196
-0.0337476
-0.315181
-0.226349
0.201539
-0.0142891
-0.0171852
-0.00534635
-0.0731664
-0.00204815
-0.150015
0.10598
-0.394965
-0.369181
0.0589744
0.214249
0.0805502
0.051232
-0.179379
-0.104277
0.00194838
-0.108159
-0.0472451
-0.379271
0.0258878
0.118392
-0.102441
0.240328
0.251933
-0.120969
-0.0414293
-0.128505
-0.0647181
-0.172264
-0.0398437
-0.270924
0.0382089
0.181045
0.099668
-0.300083
-0.133698
-0.0696848
0.117308
0.0797171
0.0643918
0.0420601
-0.166839
0.408116
0.00918892
-0.195505
0.00633711
-0.524076
-0.55507
-0.308743
0.389564
0.00849395
0.165912
-0.135525
-0.0737749
-0.194563
-0.218216
0.0422442
-0.539086
-0.364427
-0.363897
-0.0866527
-0.0589661
0.12786
0.465612
0.0260722
0.101428
-0.112271
-0.0977935
-0.0100781
-0.0514563
0.229401
-0.0485651
-0.21905
-0.0220925
0.724237
-0.0621728
0.0409512
0.442253
0.0334667
-0.0306064
0.0148718
0.118048
0.18061
0.218435
0.0533326
-0.0197635
-0.213294
0.197545
0.00529457
0.00766172
0.23062
-0.0382898
0.505824
-0.0537481
0.207576
-0.103066
0.210914
0.0829359
0.100496
-0.0272265
0.0263541
-0.0796864
-0.37042
0.0388738
-0.0458267
-0.200195
0.388577
0.0619186
-0.0726022
-0.0533815
0.0182836
0.0890743
0.244035
0.0903747
-0.13425
-0.109646
-0.0686442
-0.294438
-0.148272
0.0840271
-0.290312
-0.200657
0.0571124
-0.023144
0.362497
0.630256
0.497153
-0.115378
0.300349
-0.0786714
-0.171164
-0.135525
0.266952
0.191467
0.278153
-0.133531
-0.176928
0.204886
-0.079755
-0.155026
0.129984
0.00101255
0.0147797
-0.0154339
0.0722375
0.0450469
0.121805
-0.0250132
-0.55621
0.0518865
-0.114064
0.333995
0.0515114
0.120526
-0.0717931
0.261285
0.175403
0.192457
-0.222884
-0.0133163
-0.168712
-0.151144
-0.306216
-0.469303
0.360681
-0.0781408
0.203098
0.33551
0.1785
0.240508
-0.324315
0.181027
-0.392169
-0.197239
0.0521751
0.0628172
0.0106209
-0.412558
-0.538352
-0.304035
-0.466039
0.29577
0.161178
-0.0716488
0.253934
0.24026
-0.0331799
-0.2027
0.120316
-0.149336
-0.08953
-0.390813
0.0390683
-0.0228032
0.0618325
-0.5459
0.401958
0.0213376
0.100442
0.128995
0.155707
-0.207782
0.36063
-0.18308
-0.396502
-0.485865
-0.353163
-0.248595
0.4279
0.0589509
-0.0720205
0.0293313
-0.07795
0.343248
-0.0970203
-0.280374
0.0276771
-0.00528304
0.0651991
-0.359193
0.129584
0.203184
-0.356269
0.153162
0.444671
0.0631291
0.12606
0.0133809
0.182455
0.200157
0.0795038
0.0356588
-0.167406
-0.165494
0.0857014
0.0166816
-0.00577793
-0.100072
-0.157311
0.103794
0.0568872
-0.0446274
0.111601
-0.141395
-0.0805714
-0.15472
0.264626
0.17854
-0.0918296
0.213643
-0.122176
0.077429
0.200533
-0.0501313
-0.0125739
0.180099
0.103833
0.281149
0.257328
-0.135559
0.562033
0.312396
0.51623
0.243724
0.00603483
0.373757
-0.0857877
-0.116258
-0.0256085
-0.171664
-0.182581
-0.0581843
-0.292363
0.146691
0.283
-0.0553956
0.122948
-0.0576956
0.232983
-0.113237
-0.118642
-0.0490232
0.122939
-0.142175
0.0806777
0.142171
-0.167819
-0.00845197
-0.230298
-0.171359
0.0669397
-0.00866641
-0.00240646
0.0244439
-0.142697
-0.238891
-0.0681592
0.256544
0.4126
0.0319233
0.0458883
-0.11853
0.040203
-0.0629451
0.0513974
-0.0468515
0.108529
0.0032523
0.301946
0.0434668
0.0236134
-0.231412
-0.476402
0.221809
-0.153613
-0.0394597
-0.355949
0.458209
0.147452
5.86793e-05
0.0832348
-0.754543
-0.0755602
-0.102035
0.234362
-0.00686562
-0.330398
-0.0456402
0.202961
-0.341551
-0.136311
-0.0444595
0.0934739
0.61341
0.68972
0.367301
0.123715
0.053364
-0.205696
0.0452771
-0.056066
-0.0484326
0.284779
0.0859503
0.0479434
-0.0356935
0.0122084
-0.103319
0.239746
0.071356
0.0636835
0.0503486
0.412525
-0.0086534
-0.138623
-0.270317
-0.148216
-0.111071
-0.105469
0.180062
-0.141429
-0.0848747
-0.212531
-0.177651
-0.0656962
-0.0798614
0.0547348
-0.468225
-0.122519
0.126529
-0.329097
-0.0626211
0.145377
0.194807
-0.182615
-0.481071
0.0376634
0.339355
0.0471271
-0.693029
-0.292821
-0.0301752
-0.118433
-0.0351213
-0.10766
0.10062
0.147559
-0.577152
-0.0285418
0.320869
0.0578647
0.0726704
-0.0047786
0.040783
-0.00167983
0.0464123
-0.397026
0.362826
-0.0707417
-0.0241669
-0.175641
-0.245129
0.0817959
0.12164
-0.0617576
-0.248857
0.0599835
-0.0767927
0.000526374
0.416902
0.0285882
0.248286
-0.0293036
-0.0803467
-0.106943
-0.211135
-0.0302196
-0.0916146
-0.0826015
-0.199618
0.115423
0.0765728
-0.141059
-0.232876
0.0727396
-0.0568487
-0.284163
0.0198584
-0.0392325
0.0806904
0.0338196
-0.0553884
0.176073
-0.0457394
-1.09602
-0.224902
-0.037626
0.375747
-0.0711387
0.145244
0.207418
0.0146388
-0.0745588
-0.149742
-0.262739
-0.222942
0.473261
0.00640554
-0.000922667
0.394512
0.302041
-0.0358813
-0.392221
0.066802
0.517943
0.760763
0.106957
0.230306
0.206947
0.00789782
0.0297574
-0.0661925
0.175474
0.238946
0.169895
0.0378839
-0.157158
-0.236955
-0.104522
0.0337057
-0.0306903
0.164128
0.021196
0.189327
-0.137623
0.0655193
-0.084828
0.277921
0.0836383
-0.126876
0.0221897
-0.0112283
-0.0331144
-0.0612644
0.0481519
-0.167654
0.208488
-0.240542
-0.0819469
-0.0808767
0.0255962
0.136346
-0.048257
0.201143
0.566231
-0.15059
-0.0613155
-0.0817623
-0.067523
-0.0676352
0.0980748
0.212049
0.043472
-0.307563
0.172713
0.0172377
0.268084
-0.321652
-0.238279
-0.0612154
-0.162694
0.189241
0.036359
0.270469
0.326855
0.0530251
-0.000999256
-0.0162205
-0.0194686
-0.0827491
0.00816343
0.149223
-0.0143158
-0.0232738
-0.297989
-0.0125199
-0.0282521
-0.0335359
0.367034
0.105806
0.189328
0.219138
-0.0851694
-0.116691
0.0139349
-0.0192073
0.00119074
-0.274721
-0.0433817
0.0423341
0.727215
-0.5273
0.236606
0.0723405
0.0246969
-0.0536564
-0.0543897
0.0667847
0.124495
-0.0080197
-0.00998802
-0.0698656
-0.0321021
0.368115
-0.413725
0.16756
0.392069
-0.283151
0.326952
-0.0117949
0.018006
0.14929
-0.0238647
0.101055
0.260752
0.0292133
-0.0659181
-0.132888
-0.368998
0.0211186
0.226337
-0.128769
-0.00404535
-0.365362
0.0100505
-0.0159515
-0.0378922
-0.0962111
0.339238
-0.0646016
-0.148667
0.0308511
0.0798979
-0.0573605
0.160609
-0.167984
-0.0105477
-0.166161
0.124769
0.0415727
-0.202472
-0.0920583
-0.183774
0.160886
0.0264711
0.0587978
-0.286194
-0.204223
0.274767
0.0286591
0.256429
-0.599456
-0.758032
-0.119331
0.210853
0.330608
0.5001
-0.204534
0.252896
-0.0434383
0.389184
0.284159
-0.00792481
0.227327
0.161173
0.338231
-0.0680849
0.248265
-0.153919
-0.0452971
-0.137082
-0.0720123
0.038582
0.00338744
0.0779344
0.21606
-0.0989524
-0.442254
-0.0660262
-0.0168714
0.00815495
0.176235
-0.205514
0.231587
0.0479374
0.0107824
0.350603
0.0117483
-0.0905863
-1.04061
-0.160961
0.115338
-0.155353
-0.258519
-0.178266
0.243859
0.238517
-0.00156392
-0.0698119
0.142348
0.175481
0.581165
0.721305
0.0391281
-0.147682
0.171393
0.2806
0.202258
0.454348
0.0371344
-0.249955
0.0898638
-0.385803
0.228843
0.0297115
0.0661719
-0.217627
-0.150685
-0.123726
0.012394
-0.0607922
0.402353
0.00256764
-0.0494605
-0.206333
0.0490794
-0.433625
-0.107762
-0.171535
0.0418912
-0.0641835
-0.429977
0.0233376
-0.174375
0.290415
0.243841
-0.324192
-0.133135
-0.0403089
-0.495708
0.0582243
0.0842628
0.161199
-0.149292
0.049048
0.0031112
-0.248623
0.00306358
0.0835288
-0.0402414
-0.223728
0.120775
-0.107577
0.0888094
0.343993
-0.513473
-0.305775
0.390134
-0.00121147
-0.11909
-0.0276128
-0.31896
-0.159389
-0.096883
-0.165285
0.0405144
0.113906
0.161449
0.384612
0.174135
-0.304433
-0.181356
-0.275448
0.179411
-0.075568
0.641115
0.299078
0.25686
0.0528355
0.235412
-0.457692
-0.227347
-0.572711
0.00117515
0.221763
-0.101106
0.04905
-0.115444
0.124812
-0.0970846
0.0541411
0.012541
-0.422548
0.0791119
0.090963
-0.147709
-0.0721542
-0.139747
-0.195863
-0.0981695
-0.157414
0.126979
0.141265
0.530217
0.00714789
-0.0126255
-0.0405303
0.303959
-0.00429109
-0.262184
-0.371411
0.27154
-0.188482
-0.181987
-0.117676
-0.0301969
0.178153
-0.000658641
-0.165904
0.0142695
0.0813814
-0.00963138
0.00313463
0.0426457
0.194324
0.127744
0.135729
0.193267
0.0999292
0.325071
0.15194
0.55057
0.151594
-0.163222
-0.0602125
0.0521004
-0.0425283
-0.00792892
-0.0252403
-0.204832
-0.189846
0.306132
-0.0555593
-0.0309512
-0.00800032
0.0853917
-0.297619
-0.07587
0.0224895
0.118229
0.124352
-0.0731187
0.0321267
0.369945
0.209434
-0.383224
-0.437599
0.0456238
0.57313
-0.105013
0.191588
0.112068
0.0177637
-0.0729734
-0.175501
-0.00838151
-0.59524
-0.0223983
-0.398386
-0.0129936
-0.0498538
0.00850217
0.0480991
0.118795
-0.00997833
0.628851
-0.284338
0.234584
-0.0167121
0.0196551
-0.0677631
-0.0701796
-0.203606
0.042327
0.0205941
-0.132847
0.0574578
-0.680881
-0.387591
-0.249448
0.193945
0.0827045
0.210783
-0.0765865
0.161185
0.177127
-0.0439202
0.177998
0.0606303
-0.135608
-0.330056
0.0568865
-0.341831
0.350612
-0.00213882
-0.166989
0.11619
0.167268
0.344148
-0.285333
0.332377
-0.0387954
-0.0206822
-0.00558834
-0.313666
-0.00479385
0.123356
0.0945413
0.313689
-0.436255
0.347703
0.0335712
0.0518722
-0.00125038
-0.361426
0.174502
-0.313965
-0.0773715
0.0272785
-0.127396
-0.0822137
-0.0788566
-0.0391586
-0.48571
0.0373142
-0.199067
0.0241843
-0.272629
-0.140094
-0.183779
0.0103401
-0.418263
-0.0617827
-0.160022
-0.186512
-0.0309624
0.106894
-0.189255
0.0127982
-0.108663
-0.11107
0.135994
-0.0691392
0.24443
0.0464311
0.105926
-0.186843
0.257046
0.164352
-0.444186
-0.57467
0.155197
0.244415
-0.197655
-0.0827608
0.132263
0.111903
0.0504664
-0.0198792
-0.144968
-0.110615
0.149577
-0.224396
0.124925
0.170747
0.425108
0.177661
0.214225
0.0348889
-0.115753
0.111239
0.346834
-0.195914
0.164247
-0.0717989
0.0826381
-0.211395
-0.10501
-0.0561585
0.0490136
0.0692564
-0.0543576
0.112524
0.43448
0.202788
0.0853589
0.130092
-0.00441601
0.0211075
0.257885
0.0613729
0.282122
0.0035841
0.1351
0.153486
-0.0698695
0.285401
-0.241337
0.0117749
0.115614
-0.269205
-0.262842
-0.0619752
0.168512
-0.029097
-0.122198
0.613531
-0.113348
-0.0563774
-0.122517
0.02898
-0.248052
0.0176952
-0.0967796
0.0491837
-0.0607701
-0.192158
0.00796998
0.0535964
-0.113448
0.18443
0.0601692
0.000409781
0.0566625
0.0118847
0.0474592
-0.124933
0.092234
-0.178366
0.0128939
-0.0118258
-0.19703
0.351401
0.275288
-0.155313
-0.00558026
-0.0164418
0.169946
0.0874268
0.0125273
-0.243775
-0.160753
-0.0244063
-0.410123
-0.288789
-0.24964
-0.0867274
0.0217801
-0.0333396
0.0887057
-0.0353482
-0.102919
-0.216977
-0.28173
0.124263
0.108015
-0.0351065
-0.0199305
0.335261
0.0494218
0.180378
-0.0440012
0.105441
0.149107
-0.133874
0.204881
0.0568409
0.578161
-0.277503
0.473358
-0.324129
-0.174496
-0.0848465
0.214598
-0.213925
0.0918137
-0.0933605
-0.04012
-0.0391046
-0.291791
-0.0842305
-0.0531995
-0.092327
0.425832
0.0790132
-0.239295
0.261662
0.163635
0.159287
-0.140868
-0.139089
0.0471006
-0.129563
0.550237
0.403722
0.25187
0.166148
0.0164871
0.169545
-0.163853
-0.124474
-0.14553
0.193557
-0.0773954
-0.330556
0.293406
-0.274158
-0.471288
-0.0962941
-0.0215952
-0.253797
0.0520213
-0.180404
-0.173239
0.267834
0.134543
0.0953689
0.0987593
-0.122994
0.193288
-0.378277
0.201901
0.0710557
-0.228797
-0.088854
0.234789
-0.0739091
0.023706
-0.0779032
0.21872
-0.135769
0.205104
-0.120606
0.0600248
-0.354353
-0.0183958
0.320156
0.325205
-0.0193085
-0.122259
-0.0781867
-0.0948025
0.12111
-0.211655
0.0397788
-0.347012
0.0696688
0.228911
-0.102889
-0.345182
0.0564653
-0.0746641
-0.0776803
0.07588
-0.00527267
0.331948
0.0218521
-0.0453934
-0.168556
0.241695
0.121676
0.044758
-0.175634
-0.167347
0.527408
0.225471
-0.3872
0.330912
-0.10982
0.103351
0.0393749
-0.139236
-0.0617004
-0.0372879
0.107411
-0.0684617
-0.101523
0.258367
-0.202757
0.050868
-0.0451491
0.0416113
0.251078
0.390239
0.151517
0.374991
0.338131
0.211181
-0.00339555
-0.0336034
-0.0431845
-0.00669195
0.189301
0.176054
0.193307
0.0480756
0.0190737
-0.386495
-0.1754
-0.0181738
-0.474044
0.0271813
-0.031265
-1.03239
-0.347851
0.23063
-0.140307
-0.539084
-0.129496
-0.0851153
0.215371
0.0919731
-0.2745
-0.0293657
-0.247446
0.0385831
-0.196718
0.0834827
0.0771261
-0.22273
-0.0269605
-0.527452
0.128395
0.100071
-0.015415
-0.0974332
0.031679
0.355589
0.143248
0.14133
0.298322
0.501755
0.0317796
0.140911
-0.0900221
0.0419126
0.0139341
0.141305
0.0532414
-0.0732947
-0.0804267
-0.00379478
0.334833
-0.171181
-0.116843
0.0396298
0.117514
-1.02592
-0.192788
-0.360646
0.040386
-0.0510614
-0.0739855
-0.0785914
0.23431
0.324964
0.0440603
-0.0954392
-0.202125
-0.190725
-0.139156
-0.0389957
-0.0938174
-0.143832
-0.71104
0.0246575
-0.0830445
-0.41653
-0.0152747
0.406514
0.0749592
0.569962
-0.142975
0.251737
-0.334838
0.0176657
0.174685
0.170457
-0.248094
-0.0496511
-0.0375274
0.0133816
-0.502275
-0.365224
-0.559209
-0.0430279
0.0967712
0.201547
-0.375877
-0.110483
-0.259522
-0.125743
-0.125246
-0.370294
0.0217268
-0.194846
-0.0422524
0.0716512
0.197916
-0.0589096
-0.0476126
-0.194222
-0.070719
0.130437
-0.0196028
-0.0577461
0.118285
0.0332998
-0.0278579
0.0151025
-0.0410868
0.0103468
-0.135889
-0.0538086
0.12533
-0.0013608
0.217757
0.477008
0.0358265
-0.336939
-0.0729393
0.206694
0.00856667
0.123595
0.169957
0.248063
-0.0760819
0.0191384
0.0741061
0.0577296
-0.255588
0.0619239
0.0917596
0.0434634
-0.0351117
-0.105386
-0.151447
-0.0877353
0.129953
0.0881863
-0.469951
-0.0772275
0.0259783
-0.0546269
-0.0876478
0.0308722
-0.0458522
-0.180891
0.174626
0.0216018
-0.147585
-0.060851
-0.0890792
-0.0855174
-0.0245896
0.10209
0.217176
-0.174241
-0.288732
0.00722751
0.0689753
-0.0996811
-0.261501
0.212705
0.0760261
-0.0661513
0.100525
0.427019
0.0091979
-0.227113
-0.178542
-0.177666
0.093911
0.265457
0.0775542
0.0167849
0.201386
-0.157143
-0.320221
-0.119153
-0.041184
-0.387164
-0.195135
0.242751
-0.55939
-0.284729
-0.148205
0.285593
-0.297644
-0.269252
0.0769258
0.0864472
-0.275076
-0.0231615
-0.220023
0.17823
0.0258231
0.302872
0.00495968
0.132458
-0.134659
-0.300243
-0.247805
0.0540928
0.0206068
-0.0947229
-0.147158
-0.252648
-0.74536
0.0440746
0.808898
-0.453407
-0.0121682
-0.0870506
0.0495027
0.419935
-0.338708
0.0265644
0.195432
0.477487
0.0242392
-0.27136
0.109197
-0.0239428
-0.052966
-0.0279817
-0.108225
0.263413
0.609668
-0.0553141
-0.0991938
-0.245713
0.0413017
0.0718924
-0.324467
-0.0472869
0.0616487
-0.184025
0.176626
0.117297
0.255472
0.0676344
-0.170155
-0.0687387
0.214888
-0.272741
0.610861
0.237293
-0.0901986
0.0567516
0.216135
-0.0665161
0.0238082
-0.175439
-0.0267526
0.0956974
0.140351
0.59658
0.308924
-0.0901821
-0.420998
-0.924448
0.0109397
-0.341386
-0.0868462
0.167167
0.144152
-0.134052
0.0941816
0.129162
0.34769
-0.0224794
-0.2754
-0.140313
-0.0702371
-0.698479
0.161175
-0.0345849
-0.126726
-0.0249484
-0.150123
0.0925446
-0.0898047
-0.144775
0.909834
0.0420192
-0.169974
0.0279251
-0.153864
0.0363477
-0.243676
-0.118504
-0.090014
0.197866
0.00922793
-0.115376
0.153734
-0.0366153
0.0493489
0.354055
0.406996
0.150387
-0.0147084
-0.360899
-0.113337
-0.181367
0.320256
0.189731
0.0914491
0.191494
0.380913
0.15074
0.297869
-0.0773308
0.0776773
0.167304
-0.131611
0.132235
-0.326627
-0.209054
-0.244666
0.0171244
0.331843
0.00551546
0.0798401
-0.0541235
-0.404181
0.258045
-0.00880226
0.166432
-0.41206
-0.268319
-0.0264741
-0.256265
-0.244621
-0.0857488
-0.268121
-0.198027
-0.10104
-0.180099
0.208865
0.337709
0.0452861
-0.175607
0.0374352
-0.0693111
0.178094
-0.128755
0.0289714
0.436102
-0.161117
-0.182165
0.0772936
-0.359674
-0.270543
-0.281382
-0.608527
0.0698756
0.180219
0.0178504
-0.124852
0.0340759
0.087975
-0.0338102
-0.409895
-0.303251
-0.46315
-0.0842994
0.0487882
-0.0213624
0.310731
0.284413
0.0358399
-0.0528668
-0.174968
-0.259515
0.175385
-0.0336253
-0.0452315
-0.1788
-0.28997
-0.0857825
0.0816705
-0.0174335
-0.101342
-0.194037
0.0314657
-0.104821
-0.0558149
-0.0895577
-0.0533103
-0.160418
-0.252895
-0.118539
0.0704031
0.238613
0.113863
-0.00907365
-0.0859725
0.497242
-0.00685847
-0.239047
0.129741
0.125003
-0.0776783
0.00238532
0.0961329
-0.194962
0.221644
-0.0411419
-0.0721306
0.194891
0.103113
0.0838617
-0.0266099
-0.184792
-0.395128
-0.344511
-0.0928436
-0.0544892
-0.00882722
-0.12247
0.0344958
0.0336745
0.0215353
0.116402
0.106416
-0.308083
-0.116369
-0.0968101
0.0278227
0.455267
0.11394
-0.372693
-0.125252
-0.237627
-0.677952
-0.0579324
-0.052515
-0.0307456
0.0951091
0.175656
-0.0455321
-0.0039016
0.199833
-0.0598376
-0.0771848
-0.329712
-0.0338653
0.290173
