0.243705
0.638693
0.481543
0.574375
0.311299
0.25618
0.106001
0.310095
0.162356
-0.377944
0.0305356
-0.200682
0.0146614
-0.18141
-0.0926949
0.711944
-0.0559754
-0.075014
0.5574
0.0870437
-0.265822
0.0722733
-0.183118
-0.0824399
-0.127236
0.0374321
0.203375
-0.227463
-0.0652258
-0.0417222
-0.158503
0.12231
-0.0289589
0.173226
-0.042841
0.0385886
0.0139853
0.0303798
0.311486
-0.178823
-0.0890011
0.0196284
0.013693
0.129683
-0.0988287
0.188483
-0.0184006
0.0672927
-0.0231631
0.115317
-0.142024
0.0081291
0.0810034
0.387641
0.199312
0.262057
0.0986029
0.0842071
0.247117
0.0510681
-0.212264
0.26964
0.0742344
0.0402776
0.520772
-0.304626
-0.0465011
-0.179615
-0.227644
0.107664
-0.286657
-0.181696
0.0351703
-0.265589
0.103331
-0.0709027
0.0837846
-0.317646
0.0590993
0.185924
0.31715
0.113165
0.278879
0.0224055
0.048818
0.333889
0.0456057
-0.121632
-0.0903107
0.197396
-0.0530675
0.198367
0.0544363
-0.425115
0.114044
0.123959
0.0613164
-0.306912
-0.0952961
0.0842805
0.0434436
0.125716
0.00560782
-0.219807
-0.219529
-0.408752
0.207445
0.365722
-0.123913
-0.4027
-0.205491
0.135311
-0.0769336
0.218417
-0.123558
0.0246531
0.474186
-0.00762994
-0.319134
-0.191988
0.033452
-0.259314
-0.381708
0.201992
-0.319513
0.13526
0.120963
0.1643
-0.131
-0.117172
0.107695
-0.24442
-0.116999
-0.170011
0.0318819
-0.217862
0.0211186
0.0284029
-0.0753925
0.145041
-0.0986022
0.162559
0.0655283
0.382583
0.111208
-0.453092
-0.0707661
0.0410039
0.0431803
0.433193
-0.00637388
-0.225512
-0.0371031
-0.0904791
0.123606
0.0130632
0.213353
-0.0315666
-0.150839
-0.530796
0.0355176
0.133193
-0.0773333
0.0799743
0.193778
0.0689924
-0.282026
-0.287643
-0.22377
-0.566015
0.19719
0.0558889
-0.613348
-0.534916
-0.0185445
-0.503001
-0.131607
-0.317717
-0.0204582
-0.139223
-0.166405
0.35404
0.257978
0.324633
0.125647
0.749702
0.152405
-0.177351
0.830933
0.214202
0.423208
-0.010619
0.171083
-0.117635
-0.0961094
-0.0247344
0.239696
0.0401685
0.262155
0.0765257
0.499217
0.0302112
-0.0461683
-0.181784
0.37344
-0.0851619
0.31905
0.0547211
-0.00012264
0.18549
-0.604249
-0.388516
-0.115536
-0.0455565
0.184877
0.00091699
0.00988249
-0.029324
-0.346549
-0.0663931
-0.0429983
-0.101897
-0.147519
0.0398975
-0.41847
-0.424756
0.103883
0.123525
-0.254352
0.139148
-0.0565738
-0.179141
-0.1295
0.143079
0.496431
-0.0244027
-0.123145
0.158468
-0.207182
0.333724
-0.271468
0.0807267
-0.57995
0.0965918
-0.165518
0.193255
0.376289
0.189887
0.14742
0.0218235
-0.0465952
-0.15276
-0.175417
-0.16076
-0.117004
0.241939
0.174842
0.229271
-0.0204318
0.293639
0.212571
0.232859
0.129921
0.330296
0.0183832
-0.0468727
0.0339918
-0.160144
-0.0175797
-0.077854
-0.0774216
0.0129827
-0.0269201
0.14427
0.0241179
0.00905332
-0.231298
0.107498
0.264303
0.182054
0.0671188
-0.00200168
-0.046465
0.148095
-0.159427
-0.0972886
0.254446
0.215067
-0.160916
-0.0226871
-0.367474
-0.243221
0.400606
-0.114031
-0.103961
0.135045
0.0202809
0.408768
0.428059
-0.550232
-0.162796
-0.0475474
0.0481575
0.382689
0.0979406
0.18789
0.419385
0.215016
0.0886561
-0.278012
0.395884
-0.637078
-0.130248
0.30984
-0.171568
0.155009
-0.00989615
0.0125606
0.00973544
-0.17232
-0.231343
-0.0985103
0.282842
0.470793
0.279145
0.333929
0.150247
-0.447607
0.14412
-0.0477129
-0.178549
-0.0033048
-0.296628
0.102349
-0.457104
0.406033
-0.064736
0.457898
-0.121069
-0.0656257
-0.0873959
0.220891
0.50196
0.109454
-0.0978522
-0.0216316
0.131796
0.0491179
-0.286312
-0.102471
-0.0444925
-0.0342936
-0.0140755
0.164217
-0.370752
-0.155282
0.296587
0.0349011
0.0135124
0.0242761
0.0478623
0.171217
0.0117656
0.140676
-0.0752246
0.112645
0.0674741
-0.111992
-0.249398
-0.161951
-0.228663
0.140795
-0.237169
-0.197277
-0.050923
0.0321448
0.0725658
0.0826663
0.147718
-0.0893307
0.36272
-0.0178331
-0.0324352
0.488566
-0.511023
-0.159052
0.266613
0.050367
0.00716337
-0.137079
0.0889628
0.181865
-0.260881
-0.520981
-0.146392
-0.190116
-0.106469
-0.0829124
0.0674716
0.236437
0.415996
0.315931
-0.0197408
-0.0115979
-0.306203
0.221801
-0.135335
-0.0934024
0.0625564
0.184027
0.00069724
-0.0900694
0.457348
-0.391898
-0.101948
-0.36364
0.0226156
0.105095
0.159897
0.197207
-0.577262
-0.0545092
0.019508
0.25648
0.51527
-0.0462592
0.0609297
0.0951403
-0.0011986
-0.0338568
-0.000881224
0.310864
0.356651
-0.05235
-0.130492
-0.296169
-0.0173905
0.200924
-0.0829357
0.054003
-0.0844179
0.00365941
3.24096e-05
0.0653705
-0.0325492
-0.00765557
0.36204
-0.0753061
-0.472448
0.128198
-0.177637
0.130319
0.010894
0.0510356
0.198513
0.594143
0.058419
0.118534
0.400047
0.229387
-0.123137
0.105168
0.0608708
-0.452741
-0.272931
-0.0448909
-0.324638
0.148375
0.283364
0.00140858
-0.0378202
-0.537325
-0.470678
0.189589
0.488326
-0.039202
-0.511484
0.0512345
0.130405
0.0306935
-0.270719
-0.467321
-0.308893
-0.106246
-0.0206006
0.374492
-0.104722
-0.0222604
0.0770045
0.157121
0.0474983
-0.138626
-0.32968
-0.725911
-0.0367033
0.257371
-0.276114
-0.326516
0.116228
0.0131431
-0.101116
0.500263
0.145963
0.0238933
-0.1184
0.1068
0.642317
0.0344836
-0.00111467
0.0256061
0.277368
0.143493
-0.0121699
0.532482
-0.115422
0.160312
0.191041
0.169379
0.393441
0.593052
0.333075
0.055177
-0.0531236
-0.230489
0.141717
0.187712
0.362393
0.0224575
0.203033
-0.0767784
0.0279861
-0.123536
0.0996318
0.143608
-0.121539
-0.069914
0.0136792
0.122673
0.103235
0.0476602
-0.000369273
0.176888
-0.30182
-0.144774
-0.0837291
-0.169444
0.195836
-0.125282
0.173238
0.0715628
-0.021682
-0.542518
-0.199187
0.0370683
0.172158
0.127117
-0.207304
-0.260555
-0.289194
0.225428
-0.00402459
-0.110115
-0.173498
-0.171508
0.114635
-0.352101
-0.0408248
0.103331
-0.227931
-0.339526
0.134095
0.149057
0.426393
-0.0483282
-0.105698
-0.338748
-0.456332
-0.0151444
-0.29437
-0.115688
-0.139469
-0.0755651
0.0712419
-0.222623
0.0837425
-0.298892
-0.124435
0.36601
0.0722115
0.109852
-0.198253
-0.134671
0.14365
0.197133
-0.507186
-0.337686
0.198346
-0.225522
0.0886981
-0.32635
0.0327527
0.24392
-0.151681
0.0915357
-0.0892942
0.0494122
0.134399
0.553842
0.151813
-0.143907
-0.138783
-0.17765
-0.105947
0.0120909
-0.189077
0.164687
0.0245729
0.0632337
0.0327339
0.0191614
0.313095
0.0717953
0.589217
0.301939
0.0750758
-0.166738
0.208938
-0.16989
-0.1383
-0.0226393
0.0925632
0.0785083
0.0963635
0.0177782
-0.18168
0.322676
0.159586
0.165854
-0.005662
0.38629
-0.0633818
0.311822
0.245634
-0.129137
0.0710732
0.269043
-0.415647
-0.103388
-0.0705954
-0.300842
-0.050456
0.32099
0.0517215
0.0634643
0.257234
0.10432
-0.00770545
0.190798
-0.80463
-0.363684
-0.28678
0.155625
-0.0139867
0.369587
-0.092568
-0.0773797
0.129549
-0.0514712
-0.189822
-0.518547
-0.174441
-0.00336295
0.108192
0.0239109
0.174207
-0.224538
0.047049
0.191416
-0.31782
-0.185942
0.0976122
0.0586682
0.39265
-0.312336
-0.342377
0.195469
0.644536
0.124239
0.352458
0.100223
0.0163066
-0.101422
0.102042
-0.119976
-0.343007
0.204322
0.04168
-0.230237
-0.176609
0.0248962
0.118814
0.440578
-0.208978
-0.485348
0.000303026
-0.306364
-0.0572168
0.0200148
0.376209
0.0841025
-0.065687
-0.408786
-0.344329
-0.0602225
-0.211588
-0.351771
0.492133
0.232383
0.220593
-0.250426
0.438203
0.00752929
-0.161499
0.0177174
0.0234785
0.530419
0.353204
0.0606683
-0.420084
0.165956
-0.120554
-0.262276
-0.227796
-0.0290004
0.0119255
-0.0311065
0.175113
-0.00266208
0.059637
-0.226538
0.234474
0.210222
0.159293
-0.15236
-0.936254
-0.190122
-0.0146725
-0.0773958
-0.367571
-0.33181
-0.388537
0.0611287
0.016507
0.172194
0.0234514
-0.0505133
-0.0267699
0.132774
0.40586
-0.0942229
-0.14277
0.148251
-0.153808
-0.626643
-0.335801
-0.0362329
0.0689549
-0.248343
0.0591032
0.0827639
-0.0579395
0.060681
0.115301
0.262175
0.0471484
0.0886339
0.11818
-0.038568
0.29076
0.0396762
0.343027
0.130542
-0.144405
0.129714
0.155402
0.170102
0.0494567
0.152741
0.155201
-0.0455027
-0.0882037
0.794023
0.719131
0.0760471
0.438969
0.32429
0.328814
-0.290869
0.335711
0.100925
-0.0625033
-0.389041
-0.134234
-0.0307245
-0.252473
0.193268
0.017928
0.25056
-0.198722
-0.265513
-0.033117
0.0781846
-0.460942
0.344378
0.0313147
-0.247969
0.0662414
0.0802069
-0.0906847
-0.133271
0.119386
0.0178958
0.210833
0.108152
0.00331169
0.0466791
-0.135753
0.0436876
-0.0895316
0.0906017
-0.234803
-0.310264
0.0564121
-0.279512
-0.381262
-0.0374559
-0.132001
0.316174
-0.00182068
-0.00260232
-0.265845
-0.0272734
0.162578
-0.158974
0.192533
0.46139
0.165839
-0.0115738
0.0259356
-0.0641828
0.0235068
0.0494135
0.221956
0.418684
0.168003
0.382607
0.19034
-0.32298
-0.105552
-0.699805
0.133924
0.164538
0.214824
0.100454
-0.000620298
-0.105101
-0.0590357
-0.11963
-0.598614
-0.216238
0.32225
0.0361235
0.064654
-0.178971
-0.0381127
-0.154102
-0.0365277
0.0571006
-0.159669
-0.132865
-0.06996
-0.21067
-0.0903108
-0.0486742
0.0340119
0.0378271
-0.386251
-0.639994
0.249643
-0.0472173
0.0335535
0.0770979
0.0529582
-0.238598
0.0157481
-0.0110798
-0.182395
-0.311804
-0.541941
-0.111783
-0.135101
0.187662
0.296218
-0.00889267
-0.0346474
-0.113524
-0.0267153
-0.0553324
-0.189161
-0.11195
0.157421
-0.089501
-0.520376
-0.0947563
-0.0454232
-0.00333132
-0.0223949
-0.0699731
-0.198169
0.113219
-0.606987
0.139906
-0.116591
-0.1762
0.507724
0.133805
0.072667
0.034373
0.144934
0.178973
0.0660201
0.111315
-0.265062
-0.169981
-0.19884
0.13906
0.23732
0.18375
0.185463
0.184574
0.231074
0.0380133
0.501564
-0.0559717
-0.000173108
-0.266548
-0.300372
-0.033201
-0.359027
0.00128249
0.178818
0.108541
-0.105591
-0.405144
-0.193901
0.146359
-0.270076
-0.181892
-0.194615
0.0713819
0.065628
0.205378
0.00214042
0.0812109
-0.369735
0.0879317
0.15393
0.308069
-0.085279
-0.0453221
-0.252042
-0.316325
-0.124096
-0.181324
-0.137407
-0.0514085
-0.0601726
0.172996
-0.0628222
0.104448
0.108729
0.329069
0.0721238
0.0342877
0.237695
-0.04049
-0.106552
0.0714631
-0.447547
0.171898
-0.566644
0.105482
-0.112965
-0.0257834
-0.0356153
-0.241907
-0.134423
0.166506
0.0361007
0.222025
0.0603386
0.00751072
0.224445
0.149745
-0.36496
0.25145
-0.148807
0.0564608
-0.0975255
-0.161269
0.0347553
-0.0898853
0.151059
-0.164568
-0.440656
-0.289648
-0.0749335
-0.0605478
-0.0671562
0.149233
0.236586
0.10138
-0.325797
-0.220418
-0.431938
-0.40145
-0.233138
0.0548584
0.395733
-0.428423
-0.0690056
0.0452282
-0.122887
0.0212049
0.0271966
0.00830389
0.224234
-0.00654549
-0.614079
0.0482371
0.149867
-0.173591
-0.014552
0.0983854
-0.0552186
0.106741
-0.0259077
-0.141439
-0.152366
0.100242
0.147173
0.218677
0.142707
0.378531
0.149846
0.245878
0.0219154
0.800813
-0.135067
-0.0472742
-0.0834539
0.209031
-0.653307
0.556078
0.307136
0.13572
0.205184
0.188068
-0.380584
0.546402
0.430749
1.0439
0.0544833
-0.0249809
0.0717295
0.0219662
0.0758916
0.367985
0.102468
0.170955
0.178988
0.533986
0.128572
-0.0278451
0.204363
0.266786
0.0972663
-0.0153453
-0.315366
-0.156079
-0.0958536
-0.0926589
-0.302373
-0.295167
-0.045858
-0.109963
0.130013
-0.0602698
-0.150466
0.164429
0.0551245
0.0242891
0.25916
-0.172822
0.0297621
0.218646
-0.0208242
0.311304
-0.137453
0.255906
-0.134117
-0.044509
0.162834
0.00819532
-0.266794
-0.0755339
-0.0348806
-0.029045
0.151318
-0.0343584
0.217
-0.202859
-0.0106782
-0.0716222
0.0852438
0.488536
-0.0314613
-0.0584527
-0.339912
0.22386
0.204025
0.255673
0.200159
0.405939
0.104243
-0.0276002
-0.08932
-0.204777
-0.15247
-0.0146096
-0.184048
-0.15156
0.252119
-0.250779
0.142183
-0.242404
0.324021
0.440029
0.254647
-0.157981
-0.207107
-0.0467088
-0.119584
0.399
-0.078991
-0.132465
-0.148547
-0.0146704
0.653751
-0.0573401
-0.0337656
-0.0152126
-0.0997477
-0.157166
0.486628
0.116978
0.27497
0.0963642
-0.0275606
0.15146
0.0883931
0.283646
-0.00466659
0.0620399
-0.0351958
-0.16366
0.136931
-0.299746
0.531294
0.0486531
-0.190308
0.00411781
-0.121159
0.103992
-0.0632137
-0.108218
-0.0470001
-0.14318
-0.00513318
-0.00679426
-0.000863565
0.197911
-0.0941656
-0.0303921
-0.0926743
0.0727621
-0.0319073
-0.0425514
-0.0401494
0.268986
-0.0826104
-0.0372912
0.0789868
0.0266071
0.437866
0.154564
0.240268
0.201664
-0.109125
-0.0511318
0.182634
-0.358605
-0.0518518
-0.168092
-0.0689666
0.0111454
0.00176147
0.155035
0.192423
-0.105573
-0.0734799
-0.0937204
-0.0330479
0.420224
0.716
0.123296
-0.0550181
0.0455978
-0.011976
-0.114667
0.0324122
0.0587031
-0.0546336
0.156456
-0.0672969
-0.0618094
-0.230179
-0.843963
-0.405595
-0.0586847
-0.232392
0.072269
0.0542569
-0.00477759
-0.127259
-0.123855
0.0668662
-0.20561
0.175921
0.0748773
-0.0822803
0.117398
0.292699
-0.145859
0.0763276
-0.00266561
-0.117892
-0.324689
0.164716
-0.130344
0.316179
0.0116658
-0.303966
0.1563
0.0724517
0.64571
0.50312
0.407359
0.136287
-0.097613
0.105823
-0.0767122
0.111151
-0.0762517
-0.140977
-0.151675
-0.269588
-0.450325
-0.216745
0.304691
0.0985941
0.0131118
-0.0738997
0.0815679
-0.00131297
0.0987403
0.168487
0.153399
-0.12963
-0.0615055
-0.143037
-0.121225
-0.217493
0.109366
-0.00336327
0.110775
0.0168019
-0.429654
-0.344964
-0.012735
-0.200123
-0.212289
0.0474839
-0.0028578
0.506065
-0.131646
-0.395815
0.282115
0.00169579
-0.0731988
-0.265254
-0.0326359
0.0839172
-0.169408
0.19157
-0.0836379
0.145454
0.0346709
-0.638106
0.0314956
0.329597
-0.00281193
-0.00986768
-0.0772258
0.0737811
-0.0915944
0.138949
0.339915
-0.048111
-0.351986
0.0696634
-0.415126
-0.233379
0.1444
-0.140047
-0.270635
0.00497621
-0.0967097
0.0923381
-0.0927567
0.0792311
0.296203
-0.0838093
-0.0111699
0.0983961
0.0940975
-0.00702104
-0.451219
-0.0228085
0.159466
0.296815
-0.150372
0.126501
0.328485
0.175806
0.108584
-0.0618101
-0.488089
-0.288265
-0.409157
-0.109255
-0.0315791
0.21997
0.338212
0.14694
0.218429
0.225615
0.0107247
0.115043
-0.187168
-0.0146672
-0.0362983
-0.0693313
-0.209465
0.467038
0.160272
-0.313505
0.0204366
-0.0956661
-0.0585613
0.0359925
-0.0164675
-0.177054
0.326238
0.133044
-0.0479949
0.167138
-0.359521
-0.00991361
-0.21542
0.0982438
-0.0858645
-0.267635
-0.229926
-0.032015
0.193628
0.101955
0.272179
0.268914
-0.0382139
0.0784491
-0.0934481
0.0322238
0.208504
0.195581
0.169832
0.467396
0.180603
0.082535
0.163891
0.206271
0.150903
-0.137152
0.0577506
0.0952728
-0.0962701
-0.066885
0.103984
0.317549
0.14195
-0.0443439
0.165066
-0.214851
-0.0356562
0.0233019
-0.0572117
0.051187
-0.378528
-0.230763
0.0212607
-0.124152
-0.310063
0.0153195
0.0208336
0.032566
0.0954496
-0.0246961
0.11677
0.0423282
0.229168
0.406203
-0.0488811
-0.19812
-0.00994847
0.421121
0.0501671
-0.36864
0.125499
-0.143473
-0.0473366
0.336472
-0.0631435
0.0474583
-0.0502021
-0.149637
0.0549357
0.0318574
-0.0986807
0.236698
-0.102597
0.148843
0.173712
0.333225
0.0612589
-0.0237644
-0.0161967
-0.100181
-0.23055
-0.273613
0.0238708
-0.245546
-0.785964
-0.0948633
-0.435235
-0.120333
-0.0794741
-0.163013
-0.118386
0.143494
0.4233
0.22918
-0.137975
0.0999972
0.12067
-0.0968305
-0.567035
0.0905405
0.292264
0.204117
0.17486
0.00961865
0.114562
0.0243106
0.042568
-0.213956
0.0342788
0.153078
-0.128909
-0.394893
-0.372679
-0.525156
-0.198322
-0.189165
0.216441
-0.110193
-0.0671944
0.0696585
0.141009
0.0471464
0.203713
0.11369
-0.220706
-0.157515
0.145879
-0.0915374
0.122409
-0.0999062
-0.0707809
-0.153913
0.145221
0.0428816
0.0443337
-0.041108
-0.135833
0.192149
-0.142908
0.385447
0.133347
0.116109
0.173021
-0.0218014
-0.0564891
-0.205555
0.218991
0.567938
0.753015
0.02926
-0.108237
-0.00536473
-0.0220299
0.0421364
0.0267655
-0.0400004
-0.0176389
-0.125952
-0.0195935
-0.139316
-0.179353
0.11661
-0.221075
0.144794
-0.16639
0.155925
0.1351
-0.0660827
-0.447493
-0.131154
-0.151163
0.663901
0.347725
-0.024024
-0.280267
-0.143285
0.196323
0.224901
-0.104178
0.583893
-0.13346
-0.445463
-0.0644858
0.0877143
0.109934
0.111344
-0.499308
-0.182965
0.272336
-0.0425979
-0.0618491
-0.243555
-0.486983
-0.209134
-0.251597
-0.0447699
-0.151333
-0.00108309
0.0347385
-0.00184344
0.0871798
-0.23225
-0.0644193
0.149729
-0.00463454
0.0315712
-0.155126
-0.0243696
0.169104
-0.287959
-0.159957
0.385308
0.291406
0.365548
-0.472433
-0.111729
-0.0994961
0.0444239
0.0932028
-0.0725291
0.0932703
-0.535193
-0.401356
0.0589593
-0.0249999
0.606772
-0.128006
-0.738271
-0.0792612
-0.456082
-0.199409
-0.0180244
0.00855749
-0.00895422
0.203918
-0.228151
0.269766
0.164575
-0.097318
0.231121
-0.113431
0.333077
0.222868
-0.0447431
-0.354501
-0.252595
-0.0506973
-0.208896
0.00758414
0.0404375
-0.283959
-0.254574
-0.0122094
0.0424214
0.0337027
0.105935
-0.243146
0.00594847
-0.0954453
0.141597
-0.0429627
0.0144675
0.385865
-0.607752
0.489016
-0.112367
-0.0838825
-0.151022
-0.354465
-0.00546225
0.173786
0.0151223
0.210861
-0.212739
0.101712
0.00807778
-0.0679134
-0.065101
-0.205051
0.0560369
0.162583
0.372302
-0.112696
0.336518
0.27021
0.162764
0.330151
0.319671
0.148922
-0.171861
0.0137341
0.025407
-0.0964979
-0.207859
0.208495
-0.166764
0.140113
0.0622551
0.0506865
-0.0976506
-0.0209874
-0.0434674
0.0544243
0.0535554
-0.00157713
0.0248233
0.0688141
0.436599
-0.0320693
0.256029
0.026907
-0.380761
-0.325859
-0.146904
0.0135143
0.106283
-0.350819
-0.092425
-0.0468238
0.34099
0.0439863
-0.0080264
-0.0953083
-0.111455
0.183876
-0.347895
-0.0669844
-0.185371
0.232225
0.151274
0.0875555
0.140386
0.0872116
0.206236
0.518881
-0.0134111
0.404122
0.233681
-0.000635764
-0.0115145
0.20457
-0.0886879
0.274345
-0.0597029
-0.0332721
-0.00550666
-0.0895043
-0.115118
0.598778
0.124676
-0.170953
-0.340814
-0.216136
0.153801
0.0506754
0.00989286
-0.0427502
0.142487
-0.164467
0.361771
-0.024296
0.170959
0.172884
0.013542
-0.11646
0.0799151
0.022194
0.424371
0.292389
-0.28255
0.0436433
0.287388
0.784983
-0.167155
0.266708
0.132098
-0.0668633
-0.727894
-0.223027
0.223224
-0.236267
-0.0735147
-0.167457
0.0365793
0.441197
-0.00164534
-0.431444
0.0650928
-0.0841696
0.0211817
-0.0189183
-0.144286
-0.050847
0.0100996
0.522253
-0.678863
0.255649
-0.185686
-0.663017
0.179057
-0.0820443
-0.0278915
0.172623
0.086217
0.070668
0.226101
0.28175
0.217209
0.376416
-0.0312067
0.215585
0.0415276
-0.0384078
0.558594
0.0721907
0.110258
0.028834
0.435365
0.0865465
-0.315557
-0.0897083
0.0801035
0.0983652
0.0460978
0.229795
0.0651938
0.293661
-0.0375017
-0.0863755
-0.157398
-0.235688
-0.292303
0.0212554
0.05144
-0.0979894
-0.655443
0.0959677
-0.0918254
-0.165033
-0.22817
-0.083924
0.110998
0.36765
0.0340788
-0.0161077
0.0730102
0.057154
-0.268513
-0.0785293
0.372093
0.0739447
0.245718
-0.089204
0.688028
0.208421
-0.16606
-0.28963
-0.268239
-0.0455192
0.240316
-0.0136911
-0.0517065
-0.0930491
0.178172
0.0979191
0.120253
-0.0757835
-0.0839437
0.266802
0.879005
-0.0128859
0.134575
0.0150919
0.264549
-0.253186
-0.00249911
-0.0650306
0.24763
0.0852943
0.236312
-0.114285
0.105361
0.0821538
0.1706
0.218081
0.050493
-0.0292828
-0.0112253
0.413808
-0.193099
0.0499458
-0.169222
-0.00636606
-0.100584
-0.42131
-0.331572
-0.0977938
-0.201272
-0.0582367
0.120644
0.505132
0.18976
-0.112218
0.329231
-0.329227
0.107506
0.569187
-0.0774736
0.110793
-0.0184161
-0.00441705
0.291384
-0.110562
0.0164248
0.208169
-0.0979491
-0.17319
0.00216634
-0.0644785
-0.141966
0.304686
0.379477
-0.0637261
-0.392867
-0.149949
-0.0827916
-0.432154
0.0144523
0.0239277
0.151964
0.265351
-0.417215
-0.305908
-0.329892
0.0232461
0.0884948
0.00955674
-0.0836122
0.293827
-0.0540577
0.147123
-0.0415163
0.293243
0.0279934
0.126477
0.297198
-0.0869448
0.0113035
-0.288587
0.203883
-0.506176
-0.105022
-0.315352
-0.0727366
-0.0008615
-0.0231669
-0.0337962
0.42309
-0.162291
0.191698
0.0470797
0.332954
0.53146
0.602578
-0.142519
0.120076
0.107639
0.23511
0.088265
-0.0785022
-0.127933
-0.0216886
-0.101515
-0.17959
-0.107027
-0.0133187
0.212942
0.185531
0.0535388
0.174083
0.0208387
0.0764497
0.0451174
0.0468333
0.110938
0.735174
0.050566
0.122342
0.271598
0.205756
0.0692194
0.0308212
0.201187
-0.318738
0.0882298
0.0299896
-0.0744813
-0.0821667
0.137033
-0.0788803
0.159618
0.130208
0.258459
0.0396812
-0.06416
0.270017
-0.132326
-0.0357237
0.103079
-0.0365766
0.195913
-0.438908
0.0521888
-0.195184
0.0278077
0.0731015
0.0442187
-0.495571
0.0915481
-0.122612
0.103129
-0.511804
0.313285
-0.0319158
-0.0146119
0.0865929
-0.177244
-0.0140041
0.250966
0.0596152
0.213079
0.238639
0.101168
0.167009
0.493899
0.073165
0.0690789
-0.222396
0.0722166
0.393062
0.202242
0.285192
0.207755
0.19215
0.0220976
0.197829
0.0596222
-0.30326
0.450784
-0.0899089
0.419173
0.283813
0.290484
0.287516
-0.306715
-0.188946
0.053301
0.189399
-0.1228
0.123388
0.219391
0.380215
-0.0294924
0.201839
-0.280874
0.10423
0.55932
0.445454
0.196668
0.275579
-0.201667
-0.179349
-0.0155342
0.0715061
0.0628868
-0.221441
0.0730685
-0.0720128
-0.118462
0.222955
0.000216912
-0.36822
-0.0753445
-0.272437
0.35357
0.307866
-0.0632634
0.0360745
-0.145033
-0.00600087
0.638671
0.00545083
-0.0664552
0.509324
-0.0297736
0.0156643
0.212456
0.2453
-0.232912
0.073499
-0.0306062
-0.287309
-0.171867
0.0823329
0.144127
0.158184
0.51543
0.129712
-0.307075
0.103999
0.331818
0.199827
0.0605955
0.150339
0.0580939
-0.191803
-0.203351
-0.0497109
0.424919
0.154719
0.2668
0.282493
0.370933
0.196505
-0.0150983
-0.191977
-0.101709
0.00504756
0.0489059
-0.0128759
-0.209783
-0.151143
-0.216761
-0.0771161
0.478041
0.111214
-0.470772
-0.0434671
0.192994
-0.228076
0.0850541
-0.119067
0.141094
0.478643
-0.158094
-0.367106
-0.662705
-0.0813941
-0.193785
0.0617904
-0.022019
0.287036
-0.0992223
-0.357409
-0.0410995
-0.0998636
0.21647
0.1265
-0.0525242
0.000921108
0.0751389
-0.028169
-0.642373
-0.312005
-0.0656385
0.0105731
-0.0306801
0.299095
0.14737
0.154494
-0.0908394
0.0330486
0.33411
-0.210119
0.0772792
0.0756042
-0.0453344
0.132813
-0.0166037
-0.0903921
-0.409879
-0.127308
0.282732
-0.105956
-0.450349
-0.369674
0.0410947
0.18964
0.346923
-0.173006
0.289418
0.0607651
0.0819502
0.107968
0.0292212
0.188331
0.0632847
-0.145887
0.043354
-0.261596
0.00437171
-0.206687
-0.136998
0.427308
0.0855472
-0.0365269
0.0572563
0.524679
-0.319089
-0.22941
0.331137
0.0396432
-0.372514
0.040471
-0.120871
0.110686
-0.106435
-0.429089
-0.0644293
-0.282459
0.160446
0.0235394
0.389979
0.493466
-0.0115617
-0.0545683
0.125769
0.0164249
-0.221129
0.236637
-0.132836
0.0389495
0.0268812
0.0401638
-0.201412
-0.263189
0.0519191
-0.224633
0.250837
0.122312
0.0398203
0.0347431
-0.0950283
-0.218083
-0.229928
-0.0659204
0.288215
0.559284
0.334505
0.0849377
0.294796
-0.371719
0.140899
0.00770012
-0.165463
-0.174139
0.0384702
-0.124573
-0.255647
0.193195
0.0463714
-0.103915
-0.299826
-0.199597
-0.11883
0.295826
-0.168205
-0.240074
0.113608
-0.601971
0.0409971
0.191459
0.00847962
-0.737161
0.116185
0.25701
0.359598
-0.00956486
0.109891
0.140157
-0.331389
-0.0954946
-0.140307
0.121325
0.165034
0.0259835
0.101511
0.462469
-0.0672207
0.346346
0.252236
-0.104634
-0.107882
0.135738
0.186711
0.00800441
-0.0208422
0.101413
0.150431
-0.0619299
-0.149201
0.0890459
0.198179
0.186554
-0.0904898
-0.0443771
0.203298
-0.0779052
0.319406
0.50727
-0.0587735
-0.08772
0.0457596
-0.306393
-0.165957
0.0537852
0.322901
0.3856
0.43677
0.360741
0.0513354
0.136653
0.195904
0.0365895
0.0809927
-0.143397
-0.0755464
0.257989
-0.274661
0.0685794
0.352282
-0.0360905
-0.139947
0.126038
-0.00336458
-0.00928885
0.120654
-0.171139
-0.585762
-0.0111003
-0.197452
0.0313083
0.0897079
0.181847
-0.159274
-0.102623
0.0604931
0.524697
0.0488696
-0.0248648
-0.187552
0.144248
-0.0153907
0.460528
0.074881
-0.0424446
-0.0119444
0.10324
-0.185893
0.00719085
0.00950686
0.0431995
-0.132179
-0.174942
-0.558975
-0.0521902
0.0119172
-0.129353
0.00980228
-0.147386
0.498815
0.681165
0.466925
-0.0996128
0.107551
-0.163683
-0.162899
0.205939
-0.291442
0.0674649
0.0472531
-0.0657488
-0.246197
-0.0502389
0.0518165
-0.237253
0.0815235
0.0116012
-0.388522
0.379662
0.195953
0.122958
0.202732
-0.150571
0.146341
0.257802
-0.125225
0.0463022
0.270275
0.227901
0.00402523
-0.302613
-0.115084
-0.120408
0.116898
-0.120424
0.053138
0.133714
0.0831161
-0.147097
0.0206351
0.394622
0.0126668
-0.63376
0.112369
0.0944139
0.0483661
-0.00977181
0.341473
-0.33742
-0.322068
0.129178
-0.0247322
0.182045
-0.0957813
-0.115526
0.226275
-0.136181
0.234947
-0.0293184
-0.0351592
0.0134289
-0.123927
0.0262367
-0.177373
0.000732518
-0.0770186
-0.00763487
-0.156008
0.0258587
-0.0383884
0.105737
-0.179642
0.143602
0.228244
-0.0250963
0.264164
-0.0162444
0.299323
0.123865
-0.180313
-0.0792866
0.128306
0.13693
0.160805
0.503359
0.527874
0.0695869
-0.064226
0.0613879
-0.0929568
-0.055409
0.176443
-0.0518285
-0.153871
0.0716995
0.0243728
-0.27187
-0.118494
0.154249
-0.14249
-0.349719
-0.516892
-0.199108
-0.257114
-0.163873
-0.0822313
0.156228
-0.374719
-0.555106
-0.556892
-0.169541
0.582707
-0.0630501
-0.460586
0.00677254
-0.0461062
-0.0937747
-0.200303
-0.115414
0.0246125
0.17232
0.16026
0.0528198
0.0407808
0.111865
-0.144518
0.233078
-0.161505
-0.130557
-0.0919103
-0.199768
-0.0439977
0.171875
0.0806912
0.173052
0.221043
0.356261
0.121212
-0.0969107
-0.118747
-0.0531745
-0.358211
