0.159305
0.0986382
0.0918854
-0.35175
-0.0158063
0.027779
-0.316118
-0.487249
0.113002
0.269777
-0.0203102
-0.129105
0.131201
0.139828
-0.129642
-0.294965
0.525379
0.339194
0.777955
-0.0738015
-0.293361
0.291625
0.136865
0.0536997
-0.114093
0.0305768
0.0355197
0.188754
-0.0650226
0.0204356
0.0468462
-0.0211423
0.201952
-0.189547
-0.137538
0.270626
-0.124099
-0.240756
-0.121327
0.316569
0.765447
0.0287549
-0.0704312
-0.0120651
-0.0606228
-0.00507435
0.422308
0.253892
0.00200844
0.0666649
-0.064195
-0.0578589
-0.0340446
-0.154133
-0.16773
-0.203427
-0.00693704
0.610984
0.166296
-0.0895703
-0.160384
-0.166983
-0.00946664
0.0466494
0.185868
0.0112408
-0.0821868
0.154184
0.200293
0.016657
0.140631
0.161808
0.0303124
0.203275
-0.0622685
0.0522633
0.0944689
-0.138773
-0.030576
0.11767
-0.0496814
0.0517765
0.670259
-0.0320988
-0.265931
0.0836106
-0.0959312
0.0392227
-0.199541
-0.109149
-0.0900903
-0.342604
-0.060632
0.302403
0.0266053
-0.0427486
-0.0342196
-0.00500228
-0.17775
-0.0524393
0.326496
0.241405
0.236128
0.312838
-0.392171
-0.137671
-0.372512
-0.205602
0.104841
0.118456
-0.0382672
-0.16904
-0.102307
0.113305
-0.388673
-0.0103488
0.10191
-0.104409
-0.0885039
0.654156
0.179549
-0.174072
-0.340352
-0.188797
0.137249
-0.184043
0.0906612
0.190339
0.0601966
-0.170014
-0.201471
0.0366227
0.104504
-0.296563
0.339564
0.614449
0.0550736
0.134732
-0.0665338
-0.114907
-0.365024
-0.345364
-0.194021
0.338459
0.218199
-0.0875898
-0.0676663
-0.298247
0.179433
-0.0385099
0.022776
-0.133499
-0.019009
-0.0980006
-0.408473
-0.203759
-0.395632
-0.0368035
-0.148438
-0.139289
0.136438
0.0462059
-0.14533
-0.0602422
0.193872
0.0283363
-0.00920337
0.0811078
0.384842
-0.758939
0.511583
0.218902
0.151685
0.216076
0.135668
0.682143
-0.203524
-0.0304267
-0.0657562
-0.257242
0.159553
-0.0692468
0.0675016
0.142711
0.113799
-0.23107
0.123274
0.0893746
-0.244611
-0.0637148
0.177635
0.0061698
0.684055
0.309583
0.24929
-0.108149
-0.0560974
0.00367627
0.151843
0.13077
-0.0831117
0.0478583
-0.0517043
0.162863
0.281296
-0.341343
-0.11073
0.0151669
0.0946452
-0.136934
-0.260819
-0.255578
-0.264606
-0.327366
-0.525552
-0.0660937
-0.00605188
-0.0171126
-0.222023
-0.067448
-0.190471
-0.0102209
-0.0555049
-0.32244
0.165118
0.429268
-0.162749
0.23404
-0.250412
0.165694
-0.356477
0.0843906
-0.302424
-0.158671
-0.228419
0.154021
0.193152
0.099588
0.408922
0.492299
0.335376
-0.486195
-0.0945407
-0.0972063
0.674217
-0.06517
0.263287
-0.0839999
-0.0947515
-0.22925
0.0496888
0.0914269
0.20726
-0.189608
0.0134494
-0.163955
0.00415496
-0.113735
-0.362743
-0.102221
-0.179383
0.386817
1.04162
0.473302
-0.213715
0.37992
-0.35484
0.0547845
0.00162863
-0.352554
-0.234084
-0.0460817
-0.00551315
-0.233875
-0.141967
-0.196207
-0.123548
0.267335
0.285348
0.0229468
-0.0739749
0.126847
0.00781404
-0.0995311
-0.112928
-0.0900955
0.134429
0.0732155
0.256945
0.15813
0.148832
0.198271
-0.029171
0.147334
0.0547191
0.220532
0.092071
0.0680662
-0.000929328
-0.610329
-0.181757
-0.216137
-0.309838
-0.0219699
0.142783
0.270974
0.384478
0.454358
0.252671
-0.0719363
-0.06015
-0.0327764
0.165141
0.724144
0.142859
0.152288
0.0836448
0.0451813
0.0288568
-0.467105
-0.0285998
-0.0276018
-0.22263
-0.116002
-0.0386809
-0.458792
0.0969774
-0.702745
-0.377616
0.223582
0.099181
-0.0335365
0.207719
-0.0130472
0.12088
-0.193792
-0.256713
0.244769
-0.227528
-0.0763481
-0.407308
-0.193471
-0.389853
0.0953412
0.291817
0.208743
-0.0863065
0.0292368
0.261744
0.235304
-0.146147
-0.169978
-0.159408
-0.104164
0.120248
0.260933
-0.322791
0.00432447
0.312307
0.218463
0.023163
0.18145
0.129254
-0.295149
-0.138291
0.0880711
-0.000189705
-0.0907191
-0.0945641
-0.249101
-0.221651
0.0522102
0.32391
-0.260989
-0.214954
-0.572758
0.103009
-0.0801871
-0.0141103
0.179024
0.0264759
-0.0545022
0.0599923
-0.0145208
-0.188275
-0.00862537
-0.0232969
-0.217758
0.0276938
0.0585945
-0.410138
0.107531
-0.0718771
0.466877
0.189609
0.0672683
0.132706
-0.0583715
0.169084
0.0698699
-0.25931
-0.387687
-0.0652085
0.0356062
-0.200688
-0.0595636
-0.0705589
-0.0745214
-0.632149
-0.0703109
-0.680503
-0.191822
0.424021
0.568699
0.428826
0.407917
-0.0567464
-0.146322
-0.170036
-0.210127
-0.0279914
0.275557
0.254111
-0.132603
0.116894
0.230427
0.156386
-0.0133482
-0.0328195
0.158858
-0.134031
-0.238086
-0.207121
-0.0613028
-0.134241
-0.0579898
-0.327508
0.32753
0.0772498
-0.0240839
-0.100223
-0.061624
0.132557
0.0603989
0.0166288
-0.275126
-0.155453
0.0696647
0.0429452
-0.0624134
-0.0100122
0.0195627
-0.268047
0.366194
0.213405
0.266042
0.229041
0.00720234
0.151242
0.0491398
-0.0341652
-0.0658852
-0.115495
0.471226
0.306115
0.0825065
-0.103039
-0.0643751
0.098872
-0.0106347
0.0158973
0.0824685
-0.197747
-0.0924457
0.083218
-0.0465451
0.444077
0.272094
-0.209933
0.0280245
-0.0456146
-0.680396
0.0374367
0.225238
0.0874673
0.168628
-0.19962
-0.0105566
0.0178702
0.853665
0.196217
-0.191251
-0.421209
-0.18548
0.165
0.259049
-0.103143
-0.0457289
0.059845
0.0760315
-0.0146198
0.16571
0.274125
0.110303
-0.181304
0.0727178
-0.66919
-0.00490793
-0.341366
-0.135442
-0.0538622
0.280295
0.0523372
-0.157183
0.0739805
-0.022855
-0.0244216
-0.0617335
-0.0482213
-0.0772952
0.0547617
0.156412
-0.150821
0.01335
0.120617
-0.11545
-0.183099
-0.0748947
-0.0660642
-0.0484498
0.0730938
0.387643
-0.0639995
-2.31403e-05
-0.0201192
0.110413
-0.197824
-0.243421
-0.0247404
-0.140026
0.235373
0.385055
0.183389
0.0473317
-0.0840992
-0.129577
-0.0133653
-0.327278
0.0814499
-0.0927656
-0.073032
0.449398
0.162357
-0.0369618
0.207898
0.300741
0.287552
0.0262894
0.0590619
-0.206382
-0.0913862
0.0923414
-0.149532
-0.144985
0.0122971
0.142916
0.0857838
0.024818
-0.0393639
0.0368484
-0.345753
-0.0139801
0.248058
0.0088311
0.133137
0.224252
-0.14155
-0.0826383
0.0448175
-0.0457327
0.0698465
0.182413
0.0142558
-0.0213316
0.019332
0.326265
-0.235776
0.204775
0.080709
0.030071
-0.0563123
0.10177
-0.0716498
0.145121
0.567027
0.00148005
-0.313284
-0.0156787
-0.00405444
-0.00166916
-0.109782
0.454069
-0.00593615
-0.0915441
0.192199
-0.00224003
0.340938
0.0992268
0.135224
0.176596
0.0395509
-0.106524
0.105208
-0.0361182
-0.136922
-0.0736811
0.0806714
0.0674688
0.108064
0.162362
-0.236548
-0.246103
-0.296743
-0.091114
-0.39908
-0.184171
-0.0102153
-0.0181341
-0.303377
-0.111468
-0.634905
-0.346526
-0.32876
-0.235993
-0.149166
0.089234
-0.149877
0.392314
0.136349
0.300202
-0.0923324
-0.239427
0.0077465
-0.0348179
0.101382
0.0426893
-0.0515333
-0.0932096
-0.275821
-0.128505
0.0160479
0.059519
0.0329432
0.131993
0.24235
0.0426511
-0.00566442
-0.112853
0.466932
0.491597
-0.120629
0.185278
-0.0122274
-0.151206
-0.0708384
-0.0996709
0.0332624
-0.111204
0.552068
0.110494
-0.196854
0.187052
0.33929
-0.0337425
-0.437053
-0.437994
-0.496911
-0.0547923
-0.168393
-0.0407236
0.0267349
-0.508129
-0.234587
0.0802168
-0.021693
0.220334
0.094782
-0.188861
0.536178
-0.0456688
0.134231
-0.101713
0.088353
0.0244295
0.216211
-0.490751
0.119766
0.398265
-0.303533
-0.256565
-0.374712
-0.217634
0.0938958
-0.236306
-0.106113
-0.129912
-0.00696087
0.100688
-0.367579
-0.129528
-0.105735
-0.217662
-0.231966
-0.468545
-0.103553
-0.0603349
-0.455837
-0.337925
0.0136954
-0.613566
-0.0396579
-0.0850321
-0.301925
0.110657
0.108582
0.457862
0.142976
0.14892
0.0205776
-0.122448
-0.0109257
-0.0932798
-0.0364413
-0.011039
0.0122715
-0.17695
0.0447576
-0.0393309
-0.121629
-0.149812
-0.198552
0.261423
0.119661
-0.35381
-0.613818
-0.0131067
-0.0415078
-0.114699
-0.446108
-0.216732
-0.352222
0.0697859
0.0635446
0.116758
-0.0970173
-0.0274587
-0.0206382
-0.27542
0.409254
0.0976506
-0.0389027
-0.238564
-0.0018837
-0.308455
-0.479025
-0.00992153
-0.201541
0.178388
0.161898
-0.170795
0.076093
-0.0555115
-0.040528
-0.0915823
0.252408
-0.000988475
-0.0587732
-0.224388
-0.0926275
-0.0779917
0.323983
0.386462
0.231322
-0.00699821
0.0563444
-0.0515761
0.14685
0.10702
-0.151213
-0.0548371
0.248516
-0.236456
-0.148409
0.114942
0.249574
0.394267
0.202244
0.0287083
0.0719207
-0.205201
-0.0131248
-0.244511
-0.0326742
0.0482848
-0.329228
0.0412082
0.211846
0.0777032
-0.0822921
-0.288358
0.00930425
0.208934
-0.263709
0.218587
0.263249
0.200083
-0.293777
0.0143889
-0.0436709
0.379539
0.193691
-0.227555
-0.291686
-0.0379332
-0.220811
-0.0562912
-0.0147788
0.0112444
0.140793
0.177727
0.177749
-0.193827
-0.00582236
0.0363695
0.00300624
0.342147
0.364627
0.300678
0.0552048
-0.0217818
-0.348289
0.0683406
0.152361
0.0409985
0.780668
0.291578
0.397138
0.0344877
0.0676834
0.0875032
0.0227013
0.10722
-0.00201805
0.165613
0.585078
0.56439
0.0727019
-0.102686
0.177829
-0.101154
0.185637
0.558288
0.468089
-0.028939
-0.00136782
-0.155153
0.0771237
-0.0707707
0.237041
-0.00202203
0.0385068
0.0990132
-0.326349
0.20434
0.0117207
-0.144183
0.128271
0.21612
-0.137114
-0.0839767
-0.397514
0.0966123
0.0498652
0.141593
0.253201
-0.0993017
-0.259208
-0.227187
0.0154671
0.340317
-0.0372172
0.0585934
0.239021
-0.0559712
0.0819163
0.512165
0.0674514
-0.242732
0.539351
-0.217504
0.247941
-0.114336
0.0243626
-0.173627
0.0682172
-0.0788625
-0.257258
-0.110696
-0.302177
0.056097
0.320386
0.0950473
0.161735
0.0709714
0.278946
-0.044193
-0.035479
0.0220351
0.381335
0.134112
-0.969582
0.135648
0.337937
0.174466
-0.0522017
0.241192
-0.411395
-0.0735861
0.18877
0.110594
-0.110034
-0.0416171
0.635654
0.316692
0.297034
0.0481106
-0.430834
0.310216
-0.290475
0.340007
-0.00104315
0.123678
-0.0131316
-0.0789053
-0.196903
-0.159193
0.179763
-0.478805
-0.0631574
-0.015812
-0.0524881
0.074212
-0.0796212
0.622221
0.125657
0.113263
-0.296044
-0.20141
0.1186
-0.0239892
0.111421
0.0459304
-0.0256598
-0.0904781
0.237005
-0.0597873
-0.118449
0.200917
0.0727608
-0.0270946
-0.153161
-0.131046
-0.0633575
-0.437902
-0.138949
0.0835015
-0.11473
0.252434
-0.0607874
0.510947
0.161653
0.225583
0.206269
0.0153867
0.0800445
0.157425
0.108456
0.159955
0.00363751
0.122743
0.136394
-0.412723
-0.234078
-0.0221681
-0.0271475
-0.32413
0.0888245
-0.0444262
-0.0301349
-0.13941
0.0024763
-0.126388
-0.0768035
-0.469961
-0.159822
-0.404455
-0.186058
-0.236064
0.194064
0.167412
-0.268812
-0.330465
0.0358672
0.116518
-0.181647
0.234753
0.366045
0.0122424
0.530646
-0.0963591
-0.0106706
0.023611
0.0338571
0.0589275
0.350846
0.0728017
0.00810516
0.101255
-0.156679
-0.620793
-0.189205
0.119399
-0.0688819
-0.384252
0.0364249
-0.00733372
-0.00112489
0.0299918
-0.463422
-0.120481
-0.174962
0.260211
0.231279
-0.0472395
-0.292304
-0.0124604
0.0210746
0.201693
-0.0322427
0.0174433
-0.105404
-0.168952
-0.101422
0.00925568
0.0573013
0.0056162
0.109593
-0.0349426
0.154622
0.172081
-0.244884
0.0882667
-0.652099
-0.221332
0.0782022
0.0550649
0.0868943
-0.529879
-0.0885934
-0.597404
-0.17908
-0.412656
0.150814
-0.0173122
-0.160573
0.255362
0.0741089
-0.109819
0.115444
-0.0548656
0.0521775
-0.258212
0.0632093
0.212922
-0.558523
-0.152027
0.0242978
0.103904
-0.0824568
-0.163113
-0.206489
-0.117908
0.0873542
-0.019048
-0.508603
0.103461
-0.0390233
-0.128915
0.208331
0.0410608
0.0395331
0.0522354
0.125904
0.477796
-0.238957
-0.149136
-0.230311
-0.0328273
0.0930964
-0.09921
0.202851
0.283389
0.209805
0.100761
0.469971
0.382027
-0.021064
-0.168956
0.16541
0.209687
0.306963
-0.0733433
-0.447632
0.0515253
-0.0721625
-0.271666
-0.121749
-0.260006
0.0139682
0.0995254
0.0566283
-0.0472339
0.0447684
-0.0546826
-0.293807
-0.268111
0.0742982
-0.122017
-0.152293
0.0975882
-0.568845
-0.0359053
0.146788
-0.0457937
-0.0666477
-0.547396
0.0666918
0.0765344
-0.272012
0.389717
-0.294936
0.667752
-0.0126885
0.868625
0.0295042
0.294923
0.327966
0.220882
0.182767
-0.148434
-0.215064
-0.269873
0.0161919
0.102977
0.136252
-0.0363513
-0.019029
0.171989
0.32288
-0.173202
-0.358762
-0.192745
0.173618
-0.158397
0.0815695
-0.000480206
-0.205467
-0.275411
-0.928431
-0.17199
-0.02807
0.071998
0.19049
0.0372557
0.34274
-0.358028
0.125149
0.0478034
0.178871
-0.0367616
0.0048736
-0.038416
-0.212012
-0.0160288
-0.170138
-0.019137
0.0485109
0.0327628
0.410603
0.126112
-0.186202
-0.228754
-0.387203
-0.907867
-0.63382
-0.160809
0.244666
0.36382
-0.0152167
0.0770705
-0.400677
0.182372
-0.0144801
0.126397
0.305878
0.0880032
-0.125907
-0.0103344
-0.0316172
-0.0276102
-0.657009
0.0517764
0.172547
0.0962418
0.184505
-0.0459608
-0.0910289
-0.0072122
-0.307177
-0.43452
-0.141727
-0.0338981
-0.177982
0.055831
-0.0932204
-0.395879
-0.0444314
0.0208541
-0.300924
-0.0535062
0.198467
-0.00469351
0.0387668
-0.00133934
-0.198461
0.0367923
0.137953
-0.061635
-0.0699537
0.293103
0.0250755
0.0800834
0.00421993
-0.165238
-0.151053
0.020181
0.0363038
-0.141656
-0.233463
-0.0821891
-0.588626
-0.188897
-0.0156571
0.111624
0.0489903
0.463333
-0.0245749
-0.0518455
0.0535973
-0.0948942
-0.226368
-0.194522
0.259768
0.0412873
-0.367618
0.304647
0.0176777
-0.384402
0.0995112
-0.170191
0.136713
-0.0691466
0.00201669
-0.046909
0.073135
0.0168774
-0.130189
0.215207
-0.170435
-0.0410042
0.0657718
0.196406
0.0864615
0.153235
-0.118678
0.0125538
0.0469462
-0.0309619
0.184954
0.521833
-0.183236
-0.0308255
-0.131505
0.0154919
0.296847
-0.108414
-0.0942625
0.0814661
-0.01028
-0.166024
-0.142709
-0.128282
0.064332
-0.660946
-0.232125
-0.0233309
-0.145146
-0.300735
-0.306927
-0.0087955
0.0896105
0.0857217
0.0109338
-0.163047
-0.128601
0.278507
-0.0679133
0.762882
0.144091
0.0768457
0.132799
0.328071
-0.383772
-0.171487
0.148646
0.259034
0.0570156
0.125412
-0.123069
-0.0689344
0.113786
-0.273029
-0.106632
0.0826839
0.129867
0.709663
-0.122345
-0.24124
0.106789
-0.0414502
0.138798
-0.208587
0.0619477
0.395591
0.149774
-0.117148
0.156282
-0.0904533
0.0261613
0.188942
-0.0410911
0.226933
-0.291242
-0.065333
-0.309671
0.128422
0.0674585
0.212747
0.232038
-0.0330008
-0.0321567
0.339056
-0.144537
-0.126048
-0.609587
-0.0593169
0.289169
0.0726205
-0.270448
-0.148818
-0.0058223
0.155554
0.0320165
0.176645
0.337955
-0.129783
-0.00486533
0.161564
-0.0574423
0.0329569
-0.13156
0.0395227
-0.0673235
0.192867
0.147069
0.287911
0.646696
-0.0319432
-0.303815
0.0263833
0.0967827
0.246272
-0.160735
-0.0601116
-0.0635681
-0.22698
-0.291904
0.180164
0.391475
0.175305
0.0168487
-0.0451326
0.105399
0.284567
-0.202314
0.372236
0.107752
-0.0314419
0.107583
0.284666
0.329675
0.161989
-0.188203
-0.197281
0.0853747
-0.0395246
0.0450035
0.05369
0.133208
0.168881
0.782067
-0.177821
0.100192
0.108588
-0.00774046
-0.147523
0.0464572
0.0245939
0.00486678
0.0464514
0.144289
-0.029679
-0.0056623
0.202378
-0.493394
0.269564
-0.315586
-0.70306
0.144381
0.524306
0.360361
0.449644
0.000177167
0.0278118
0.426955
0.228723
-0.142056
0.116774
0.294247
-0.111576
0.258026
0.109375
-0.105562
-0.429879
0.282542
0.112676
0.0325505
-0.110714
-0.0604486
-0.123126
0.115563
0.249711
-0.0822066
0.18554
-0.15134
-0.167824
-0.294634
-0.201378
0.239011
0.0938921
-0.132839
-0.0211002
0.0793492
0.181075
-0.0128628
0.00467413
-0.62035
0.300425
0.0129027
0.210139
0.245932
-0.061976
-0.295782
0.509321
-0.224804
0.238427
0.461482
-0.33554
0.541423
-0.0260275
-0.193125
-0.153645
-0.0288187
-0.0735933
0.066796
0.141602
0.226647
0.27031
-0.0103736
0.032066
0.0259586
-0.105219
0.0335804
-0.100471
-0.286553
0.517596
0.0846031
-0.304649
-0.0509401
0.189541
-0.112102
-0.425052
-0.282621
-0.134271
-0.175445
-0.119392
-0.85585
0.0219946
-0.22932
-0.50885
0.173188
-0.0336813
-0.118557
-0.260013
-0.0842372
0.336159
0.45386
-0.106498
0.52535
0.0867749
-0.00226347
0.317709
0.476975
0.261819
0.0683689
-0.0991753
0.162712
-0.00219111
0.217666
-0.149852
-0.0415741
-0.0640501
0.0343661
0.159464
0.00594025
0.00400345
-0.211821
0.109189
0.186052
0.0598815
0.00288437
0.0399602
0.00349307
0.105743
-0.131826
-0.0533801
0.234487
-0.118114
-0.0187668
0.121603
0.429733
-0.0829347
0.0949694
-0.319385
-0.198423
-0.0471205
-0.0754908
-0.06339
0.14215
-0.551529
0.0824573
-0.00696852
0.0774714
0.0591516
0.459418
-0.165736
-0.406901
-0.0556273
0.208494
0.24361
-0.258874
0.123843
-0.483233
0.273951
-0.0999685
-0.220678
0.0864051
-0.0170454
0.0493655
0.193093
-0.00611183
-0.708536
-0.538817
-0.179687
0.0946896
-0.27362
0.176101
0.142492
-0.0184919
-0.470628
-0.212317
0.252599
-0.30795
0.0680376
0.0616032
0.42177
0.704241
0.0666337
0.0839982
0.0197137
-0.732655
-0.0680251
-0.0373017
0.0690901
0.214862
-0.297764
0.0105369
-0.130586
0.358323
0.0369758
-0.0393993
0.28056
-0.303302
-0.0653895
0.0909866
-0.14647
-0.220977
0.0685496
0.0711198
0.112838
0.0847402
0.191371
-0.0394716
0.294295
0.0239571
0.0225984
-0.116364
0.166045
0.171695
-0.154315
-0.45509
0.144032
-0.13232
-0.202533
0.0811181
-0.0445983
-0.0378842
-0.190832
-0.0908926
-0.0337068
0.17602
-0.264518
0.136042
0.0267999
0.202514
0.0439597
-0.104674
0.0954382
0.301333
0.403184
0.299167
0.124372
0.0890636
-0.342661
-0.445208
-0.0913363
0.193468
0.279163
0.0653749
0.16945
-0.228591
-0.0201777
-0.0799466
-0.142641
-0.0136301
0.149414
-0.21171
0.335289
-0.040625
0.0404118
-0.032786
-0.209766
0.0212903
0.335598
0.513885
0.286827
-0.0662297
0.0499428
0.363478
0.137006
0.197719
0.0949257
-0.0856899
0.240146
-0.119093
-0.0636306
-0.795096
0.39848
-0.749389
0.0128092
-0.19159
-0.00721305
0.347064
0.0932936
-0.0667172
0.08728
-0.0295689
0.0144484
0.0479234
0.154184
-0.194678
-0.123532
-0.370944
-0.242051
0.08059
-0.105969
0.0385529
-0.136831
-0.346866
-0.188159
0.155239
-0.0516803
-0.0157086
-0.214572
-0.0698339
0.338627
-0.093626
0.455993
0.50417
-0.0792208
0.00620698
-0.0379243
0.197202
0.391067
-0.0724566
0.0695386
-0.466279
-0.282989
0.420523
0.141297
0.349603
-0.195875
-0.212058
0.307015
-0.314853
-0.00674397
0.519606
0.0422444
0.712085
-0.369468
0.240793
-0.295063
0.0680061
-0.432201
0.215781
-0.09064
-0.264758
0.0329269
0.0727299
0.00755357
-0.216683
0.265047
-0.36906
-0.422332
0.0827002
-0.277017
0.127357
0.122836
-0.078722
-0.200598
0.0576168
0.0638085
0.272358
-0.181567
-0.00559467
0.136284
0.046221
-0.130774
0.170024
0.00411805
-0.173004
0.479603
0.372369
-0.155449
-0.25759
-0.268638
-0.107328
-0.214999
0.244809
-0.449289
-0.0321601
0.0356121
0.317204
0.242105
0.0684182
0.193377
0.163747
-0.173234
0.0602318
0.0675032
-0.132245
0.19507
0.102456
0.0320356
-0.131502
0.12785
0.169997
0.293988
0.37736
-0.251574
0.0759736
-0.0467578
0.0569857
0.203504
-0.0767595
0.11347
-0.16772
-0.125649
0.0091995
-0.490873
0.0442916
-0.0726712
-0.104466
-0.297906
-0.235955
-0.0538991
-0.0209014
0.41977
0.280822
0.476994
0.308551
0.162425
-0.0519923
-0.260059
-0.0524175
-0.0998557
-0.0624109
-0.0705827
-0.0964338
-0.0864875
-0.216957
-0.105744
-0.303444
0.0493201
-0.139637
-0.227053
-0.491898
-0.124327
0.0758478
-0.309628
-0.286937
-0.03635
-0.143997
-0.346195
-0.47228
-0.0317685
-0.155802
0.300286
-0.0164739
-0.0774451
-0.0498076
0.17923
0.623308
0.106388
0.427358
-0.176152
0.167363
-0.00180635
0.405249
-0.077084
-0.0536329
-0.0109024
0.294009
0.490488
0.0871637
0.016028
-0.19431
0.0330974
0.185166
0.023385
0.0439356
-0.109244
0.167118
0.17063
-0.562257
-0.127282
-0.283887
-0.0638194
-0.0201723
-0.0742424
0.134953
0.255959
-0.336388
0.182862
0.0704204
0.0351275
-0.145904
0.957227
0.303251
0.00776833
0.151326
0.0186326
-0.0783352
0.212554
-0.00821976
-0.185566
-0.0420846
-0.146375
0.000239613
0.273735
-0.343827
-0.100904
0.204547
0.492159
0.446557
0.0457971
-0.247305
-0.248456
-0.161314
-0.364339
-0.222439
-0.072826
0.0804931
0.477831
-0.122518
-0.283559
-0.167168
-0.482495
0.119925
0.337308
0.0242952
-0.230216
0.0257183
0.231039
0.236372
0.115809
0.418458
0.347537
0.409527
0.181349
-0.151054
0.10441
-0.0579399
-0.0698048
-1.11123
-0.0879813
-0.0997623
-0.206971
0.28336
-0.19874
-0.476681
-0.0801856
-0.098591
-0.0257437
-0.0668595
-0.304391
-0.120117
-0.170651
-0.0886688
-0.239372
0.0338305
-0.13013
-0.0784356
0.182347
-0.0767322
0.388296
-0.160263
-0.0374111
0.0175254
0.25335
0.0175154
0.233239
-0.0225399
0.100022
0.154607
-0.0502349
0.618047
-0.520799
0.250104
-0.0721757
-0.0837145
0.0534334
-0.0605812
0.666073
0.251255
-0.232035
0.193338
0.259739
0.210317
-0.0533956
0.262835
-0.0534141
-0.186873
0.136452
0.224866
0.166658
0.0970746
0.0348098
-0.115151
0.065075
-0.00697348
-0.0782671
-0.305648
-0.341947
0.0501529
-0.00610558
0.123054
0.170004
-0.273073
-0.0716264
-0.00808863
-0.111215
-0.0526771
-0.242501
0.0797252
0.0228182
0.153475
-0.0208386
-0.434003
-0.0391003
0.150831
-0.0332169
0.069783
0.0360301
0.0972397
-0.290929
0.00263848
0.0316449
0.1818
-0.0124734
0.1386
0.102302
-0.0688111
0.000961509
-0.0641493
0.352908
0.180711
0.0360052
0.103052
0.0866106
-0.205596
0.0568507
-0.112881
-0.372656
-0.509533
0.0321025
0.162522
0.00792864
-0.11311
0.0505035
0.0106777
-0.024664
0.0180338
-0.0264521
-0.0866366
-0.298613
0.0924104
-0.00196525
-0.111894
0.0295352
-0.00518495
-0.472626
0.0858404
-0.107971
0.0219487
-0.20193
0.0125373
-0.202465
0.550205
0.468335
0.0541962
0.282231
0.432012
0.102497
0.0272729
0.102361
-0.00813705
0.185189
0.011774
-0.0599326
0.0216742
-0.038978
0.0654026
0.0026702
0.0485773
0.163137
0.331237
0.36654
-0.110413
0.000830508
-0.146845
-0.154269
0.11426
-0.0693668
-0.125003
0.0694195
0.0911174
0.00371466
0.0618813
0.164675
-0.0401116
-0.193088
0.0800188
-0.197533
0.0189099
0.0104059
0.015946
-0.233419
-0.250967
0.169846
0.246071
0.178825
0.0591802
0.0821953
-0.297592
-0.0756357
-0.111431
0.057245
0.22847
-0.225451
-0.240752
-0.0083437
-0.518264
-0.482771
-0.212269
-0.186869
-0.77507
0.118085
0.017662
-0.252742
-0.480181
-0.197525
-0.0647256
-0.258715
0.117942
-0.158647
0.00018992
0.308287
0.42668
-0.0222147
-0.0722849
0.10847
-0.103807
0.257283
0.344632
-0.121061
-0.19172
0.103075
-0.0794651
-0.213148
0.0473693
-0.166812
0.152957
0.0844066
0.161299
-0.386701
0.0391166
0.500653
0.32453
-0.593532
0.154985
0.514758
0.241489
0.0342005
-0.11809
0.208067
0.173972
0.382233
0.116452
-0.256191
-0.466204
-0.0861818
0.116963
-0.0907374
-0.0493275
-0.104327
-0.429672
-0.094272
-0.162833
-0.01212
0.168652
-0.15671
0.0553841
0.326561
0.0894729
-0.325152
0.23988
0.132078
0.155199
0.150168
-0.232509
-0.277678
-0.0190852
0.329788
-0.0886683
-0.434916
-0.117544
-0.289919
-0.236053
-0.233732
0.342587
0.10342
0.187103
0.258632
0.028713
0.114305
-0.0447504
0.0672719
-0.143352
0.283765
-0.796112
-0.300746
0.0373826
0.0574243
-0.11912
-0.0199131
-0.00766659
-0.176873
-0.18672
0.0075607
-0.0567615
-0.00401727
0.0168777
0.170212
0.177361
0.378422
-0.0140534
0.368525
-0.116131
-0.196932
0.141276
0.134622
-0.120448
-0.0184106
-0.102835
0.146403
-0.0545033
-0.0708462
-0.0241225
0.0504713
0.0486069
-0.448558
-0.38839
-0.182704
-0.3472
0.0286609
0.0477478
-0.537246
-0.657181
-0.0852128
1.18401
-0.393295
0.225129
-0.383322
-0.172433
0.343953
-0.324361
0.347643
0.108202
0.0702855
-0.252504
0.0117129
-0.163974
0.207895
-0.643534
0.241235
-0.401519
-0.00643704
0.307741
-0.450576
0.272944
-0.455179
0.00433802
0.0323975
0.168292
0.0283947
0.0730378
-0.151672
0.26345
0.19246
0.053805
-0.0472921
-0.10132
0.177972
0.0518612
0.0143275
0.491238
0.353354
0.0241244
0.250338
-0.0370848
0.081096
-0.155628
0.0190792
0.127385
0.161803
-0.0472009
0.131479
-0.104568
-0.23182
-0.13879
-0.510423
-0.567203
-0.188041
0.0888733
-0.260173
0.179438
-0.24203
-0.113793
0.000324093
0.0497266
0.471062
0.610426
-0.00309422
-0.054953
-0.106233
-0.00252979
-0.343384
-1.02914
-0.074298
-0.31046
0.0285494
-0.0893996
-0.181895
0.282727
-0.0747271
-0.178781
-0.0504891
-0.217173
0.155813
-0.061353
-0.0300073
0.376027
0.246201
0.131338
-0.192955
-0.0523011
-0.17025
-0.0166106
0.0116596
0.00427667
0.372721
-0.370539
-0.280418
-0.00373959
-0.162113
-0.081955
-0.00608445
0.256436
0.133794
0.252779
0.707938
0.599116
0.300235
0.0274562
-0.221084
0.0894692
0.054467
-0.259198
-0.110034
0.0148035
-0.0414684
0.333622
0.0703497
0.0113616
-0.313108
-0.164455
-0.0240834
-0.104891
-0.536845
-0.872407
-0.287906
-0.142469
0.114185
0.254215
-0.0586856
-0.00963127
-0.290917
0.0460772
-0.182816
0.341887
0.122112
0.136057
0.18763
0.086902
0.177614
-0.197328
-0.187843
0.421999
-0.0940508
-0.277144
0.0573928
0.246399
-0.106335
-0.314332
-0.172754
0.259164
0.271681
-0.0327979
0.00435269
-0.502195
0.173212
0.0968435
-0.220355
-0.615862
0.137088
-0.360713
0.151848
0.0353235
0.22726
0.145119
0.607914
0.00303506
-0.281982
0.0126864
-0.0295902
-0.0553268
0.0394499
-0.167069
-0.163169
-0.0358724
0.20183
0.0900043
-0.347017
0.0266232
0.0748225
-0.22342
-0.667922
-0.251405
-0.301771
-0.272099
-0.311391
-0.211929
-0.206208
-0.0883949
0.13441
-0.0443284
-0.0709876
-0.144712
-0.118317
-0.0651077
0.23759
0.195822
0.0251967
-0.0429006
0.470935
0.131823
0.0409192
0.0435871
0.402705
0.0966756
0.470733
0.075872
0.000824532
0.189654
-0.0684194
-0.320497
-0.00340168
-0.113886
0.143884
-0.0716077
-0.0622903
-0.109029
0.0343481
0.210377
0.374047
0.138568
-0.0624235
-8.88498e-05
0.286805
-0.0713054
-0.0049365
0.250715
-0.329651
-0.491014
-0.283698
-0.45096
-0.0599419
-0.0982992
-0.0883602
0.0630953
0.0533768
-0.126722
0.0640604
-0.143667
-0.0347104
-0.0269463
-0.00544718
-0.0233422
-0.124144
