0.352938
0.556227
1.11233
0.661301
0.349772
0.219597
0.300531
0.586888
0.75611
0.574385
0.120417
0.157537
0.0639191
0.220412
0.282633
0.974334
0.378469
0.68145
2.06172
0.325513
0.406269
0.404406
0.149665
0.401424
0.159618
0.0530491
0.700975
0.282136
0.283997
0.467437
0.512365
0.364802
0.868956
0.349414
0.703536
0.443171
0.289581
0.240668
0.263063
0.367565
0.805648
0.0666155
0.28319
0.342873
0.322842
0.432492
1.40189
0.789975
0.222901
0.149431
0.0892135
0.158338
0.582032
0.408931
0.307716
0.365028
0.206925
0.899188
0.29867
0.244943
0.106518
0.302424
0.161036
0.0285323
1.02653
0.344677
0.0591655
0.949215
0.482703
0.0933521
0.383802
0.269918
0.225495
0.334044
1.14683
0.415674
0.143414
0.37973
0.534115
0.339655
0.483275
0.859193
1.0622
0.0427396
0.221624
1.05178
0.241159
1.06441
1.17493
0.229259
0.370564
1.04124
0.251464
1.4457
0.467787
0.41097
0.313652
0.348449
0.44467
0.173323
0.491333
0.564996
0.547163
1.07638
1.82819
0.456816
1.05897
0.719015
0.404969
0.24595
0.330901
0.225168
0.294639
1.24467
0.748866
0.432808
0.795269
0.365203
0.657388
0.94452
0.813131
0.535138
0.577766
0.243304
0.549569
0.218398
0.128107
0.246473
0.183314
0.295233
0.526936
0.3395
0.416332
0.342683
0.318818
0.518471
0.0689401
0.153364
0.220277
0.129406
0.847032
0.395321
0.800482
0.785428
0.987892
0.596242
0.126796
0.422925
0.236796
0.417343
0.201758
0.251538
0.693927
0.751366
0.28315
0.618607
0.749035
0.0855835
0.445248
0.383486
0.129591
0.337038
0.227075
0.0362804
0.77665
0.0787145
0.233413
0.236177
0.992445
0.807203
0.886514
0.347247
1.07973
0.745309
0.256488
1.03564
0.925957
0.115175
0.156075
0.561148
0.61708
0.552262
0.264404
0.15977
0.0675837
0.987798
0.599204
0.40921
1.05958
0.34084
0.639633
0.0658153
0.882166
1.06993
0.550685
0.793204
0.443689
0.0138173
0.354954
0.33401
0.552985
0.238912
0.282405
1.06102
0.623831
0.431811
0.674557
0.268023
0.205442
1.07759
1.20096
1.36912
1.90351
0.821902
0.36446
0.0892271
0.020588
0.0677808
0.863794
0.927328
0.3564
0.650473
0.21674
0.561072
1.53002
1.46385
0.171036
0.33067
0.603885
0.189056
0.413692
1.50283
0.955636
0.458596
0.692632
0.522844
0.640439
0.254316
0.687375
0.936403
0.56414
0.800994
0.493624
0.314491
0.544816
0.268353
0.60536
0.16508
0.300693
0.363342
0.41468
0.649724
0.669686
0.618706
0.10747
0.513967
0.343504
0.16665
0.325355
0.498528
0.884674
1.13791
0.69348
0.484321
0.493839
1.0151
0.52572
0.666226
0.0320185
0.705401
0.24895
0.151399
0.0406851
0.343734
0.127254
0.449363
0.360044
0.430559
0.773245
0.49665
0.102389
1.11155
0.0929011
0.0996656
0.912035
0.299516
0.348159
0.208909
0.972258
1.1323
0.407084
0.335462
1.33788
0.161555
0.452569
0.201594
0.806899
0.579136
0.886398
0.602074
0.211049
0.39149
0.191987
0.489855
0.0831511
0.263047
0.663319
0.548972
0.857973
0.608934
0.861034
1.20827
0.35598
0.886153
0.335247
0.513073
0.103578
0.0348596
0.0500717
1.40947
0.39182
0.121563
0.866759
0.912718
0.199838
1.07575
0.309764
0.722924
0.505226
0.673129
0.279173
0.112519
0.338365
0.267419
0.33314
0.420894
0.408306
0.478916
0.250932
0.18935
0.501567
0.214487
0.727069
0.0914164
0.286896
0.148774
0.433384
0.53254
0.325135
0.5683
0.285246
0.785763
0.144611
0.261554
0.841735
0.978968
0.60106
0.0737703
0.495823
0.417455
0.263171
0.508301
0.66173
0.843027
0.626439
0.340474
0.136468
0.170474
0.199421
0.431126
0.264892
0.531927
0.506756
0.37293
0.221091
0.388131
0.510854
0.379313
0.895104
0.443915
0.579435
0.560982
0.3669
0.711034
0.319734
0.216251
0.251101
0.0891282
0.017955
0.250182
0.524781
0.520975
0.290096
0.739885
0.26117
0.203237
0.0836589
0.0318311
0.172742
0.350478
0.555208
0.237219
0.188925
0.0531553
1.35671
0.576081
0.509421
0.0835355
0.501122
0.573221
0.883805
0.23945
0.711292
0.735495
0.730067
0.843138
0.124265
0.177609
0.147444
0.602786
0.60691
0.529964
0.562018
0.342479
0.356443
0.200679
0.529542
0.61093
0.243719
0.636123
0.141293
0.889248
0.283684
0.775685
0.713055
0.432466
0.54267
0.750197
0.155317
0.471339
0.172902
0.0198029
0.546012
0.0848067
0.067338
0.158528
0.319242
0.341864
0.803834
0.101831
0.45704
0.049522
0.138529
0.527107
0.170469
1.3497
0.267129
0.232542
0.515545
0.405045
0.506023
0.0752069
0.551739
1.15988
0.406837
0.0934686
0.44994
0.49205
0.225583
0.0306327
0.0518675
0.512494
0.491334
0.35436
1.06447
0.641809
1.1178
2.16958
0.71042
0.267286
0.735378
0.90354
0.243242
0.250026
0.0583142
0.505823
1.22935
0.15619
0.115391
2.1127
0.433252
0.319289
0.323753
0.463297
0.152783
0.469561
0.280152
0.65322
0.275875
0.216273
0.0467327
0.599585
0.269326
0.510017
0.708337
0.45691
0.757273
0.378924
0.750764
1.17171
1.37195
1.12286
0.199486
0.777723
0.482319
0.0888083
0.155203
0.475494
0.155201
0.584317
0.674533
0.074588
0.360356
0.169282
0.287034
0.22749
0.570129
0.0345092
0.202428
0.341394
0.204979
0.457682
0.11584
0.223705
0.461971
0.379246
0.556134
0.422013
0.91168
0.459981
0.732473
0.65538
0.953063
0.238633
0.292338
0.392591
0.150014
0.523745
0.19759
0.192114
0.319922
0.771585
0.382323
0.16744
0.454298
0.597176
0.299404
0.645614
0.139558
0.320831
0.161376
0.137381
0.208957
0.322688
0.423757
0.434975
0.182667
0.0531
0.54377
0.238602
0.193318
0.587539
0.705781
0.341499
0.0898703
0.370628
0.406051
0.41764
0.774023
0.090823
0.261728
0.126514
0.0421002
0.474945
0.110453
0.437621
0.443573
0.99836
0.393318
0.434474
0.338167
1.05477
0.218012
0.725147
0.733396
0.626592
0.291559
0.300476
0.318132
0.342285
0.400165
0.538766
0.12304
0.657173
0.518199
0.204591
0.630137
1.13874
0.489064
0.423292
0.0970597
0.545134
0.214859
0.419888
0.339889
0.264063
0.032751
0.238063
0.364919
0.387152
0.841664
0.695369
1.03636
0.149383
0.509101
0.625922
0.59211
0.100075
0.225658
0.331542
0.961416
1.14229
0.292451
0.33077
0.488564
0.504479
0.583556
0.620167
0.416154
1.2669
0.54765
0.502096
0.122689
0.155719
0.46755
0.473084
0.187005
0.0392199
0.155162
0.440307
0.163903
0.462317
0.0249427
0.392044
0.420958
0.311592
0.302128
0.198268
1.43531
0.70887
0.316991
0.244208
0.161012
0.221733
0.102544
0.446596
0.46804
0.825313
1.22972
0.309944
0.628226
0.290396
0.338403
0.198851
0.360332
1.19428
1.21236
0.240602
0.615356
0.0629865
0.046997
0.411226
0.297922
0.908193
0.288292
0.738505
0.53987
0.805577
0.967562
0.0723103
0.316138
0.222158
0.05384
0.627547
0.92556
0.417494
0.750412
0.940749
0.826012
0.668874
0.487102
1.01402
0.334506
1.02302
0.302062
0.644161
0.544111
0.226817
0.392074
0.397451
0.0954738
0.460004
0.483779
0.419026
0.163984
0.376464
1.06388
0.810119
0.169022
1.25459
0.429479
0.555816
0.462763
0.08321
0.1285
0.509874
0.631396
0.307395
0.58332
0.243543
0.136056
0.359833
0.754817
0.00874749
0.027477
0.234608
0.137442
0.242302
0.429795
1.15671
0.974884
0.600584
0.106061
0.422857
1.10201
0.179934
0.610565
0.0667581
0.734186
1.2927
1.73334
0.234147
0.126997
0.204422
0.0692683
0.0786623
0.30666
0.178386
1.1117
0.585456
0.160398
0.339064
0.254975
0.477803
0.995094
0.406631
0.161902
0.490252
0.353739
0.713374
0.876768
0.379444
0.0655458
0.470667
1.03667
0.54139
0.135525
0.0938831
0.630517
0.0265977
0.420238
0.460759
0.457715
0.34205
0.878943
0.206827
0.328266
0.19869
0.498129
0.0648889
0.152743
0.746568
1.3441
0.30701
0.724653
1.20985
0.711519
0.471703
0.582679
0.186966
0.257128
0.234795
0.309214
1.02848
0.663782
0.901058
0.206324
0.547643
0.76007
0.57138
0.222439
1.21518
0.504543
1.07101
0.492415
0.132169
0.565763
0.179146
0.369349
0.500117
0.165369
0.35119
0.575514
0.693952
0.95202
0.196024
0.132248
0.0208085
0.162881
0.264851
0.503482
0.45735
0.361739
0.493132
0.482627
0.486037
0.459529
0.546555
0.111739
0.336531
0.640234
0.791041
0.276622
0.116769
0.671105
0.843148
0.409814
0.0254872
0.249666
0.342634
0.32848
0.781785
0.880566
0.579361
0.614186
0.710059
0.159878
0.449366
1.03225
1.0457
0.680407
1.09447
0.318037
0.335562
0.0583535
0.199991
0.085763
0.0814478
0.637913
0.286537
0.504005
0.450323
0.176338
0.924929
0.961165
0.206374
0.302758
0.42418
0.552452
0.196673
0.741282
0.733327
0.13804
0.200461
0.149512
0.59975
0.309769
0.931235
0.241354
0.651259
0.0362844
0.164881
0.43003
0.22
0.0494807
0.755441
0.212313
0.411881
0.699975
0.154446
1.08285
0.885814
0.345818
0.314928
0.54262
0.399986
0.146452
0.212771
0.458407
0.114639
0.332674
0.268823
0.447693
0.326453
1.15768
0.103135
0.130748
0.0382709
0.382263
0.283488
1.06298
0.2111
0.587592
0.41569
0.361576
0.476762
0.531235
0.398317
0.382784
0.462849
0.13887
1.1359
0.858459
1.30588
0.486148
0.122059
0.504972
1.08121
0.371242
0.269668
0.164565
0.443292
0.488901
0.303903
0.322088
0.25729
0.763696
0.782195
0.46167
0.556262
0.283421
0.258625
0.231626
0.895
0.164779
0.19343
0.326061
0.2332
0.26785
0.0352327
0.360528
0.371482
0.397964
0.0790931
0.94103
0.32514
0.144858
0.867993
0.281768
0.0968652
0.311696
0.368336
0.698187
0.652501
0.0673563
0.0906875
0.233469
0.30072
0.0114439
0.819337
0.562357
0.190974
0.76416
0.09839
0.400315
0.527864
0.323273
0.282711
0.677091
0.610774
0.718935
0.749625
1.06584
0.21263
0.12149
0.808815
0.226886
0.113854
0.640263
0.3891
0.0925573
0.284336
0.270291
0.826926
0.638657
1.12626
0.261848
0.115947
0.291273
0.696077
0.356246
0.222679
0.281318
0.327486
1.00123
1.26272
0.82012
0.168569
0.536599
0.121188
0.094022
0.378922
0.313652
1.17823
0.529466
0.280946
0.880675
0.625903
0.560148
0.932018
0.319219
0.0893829
0.167072
0.960229
0.0387891
0.053366
0.16263
0.114313
1.31656
0.0684209
0.0950899
0.299983
0.152046
0.124909
0.702845
0.147876
0.310376
0.273815
0.229597
0.470178
0.576533
0.396498
0.169775
0.58171
0.449088
0.294621
0.261894
1.33617
0.609191
0.436882
0.405745
0.272159
0.986633
1.01249
0.364195
0.102612
0.22742
0.806692
0.919817
0.716665
0.693904
0.802619
0.153902
0.354903
0.350807
0.255006
0.0734702
0.546045
0.213569
0.107744
0.378506
0.996203
0.978923
0.342109
1.16672
0.697676
0.221467
0.0862744
0.528325
0.234525
0.258642
0.328351
0.358049
0.715969
0.237717
0.391912
0.483999
0.133371
0.136196
0.136808
0.0366786
0.0846754
0.211923
0.508696
0.132565
0.173006
0.446885
0.342848
0.155634
0.529165
0.327612
0.313426
0.634529
0.121144
1.4447
0.872203
0.05708
0.149222
0.431306
0.210913
0.367109
0.675255
0.781917
0.111021
0.891803
0.570506
0.188685
0.612406
0.258717
0.183725
0.151616
0.25928
0.856887
0.137533
0.214021
0.498411
0.197672
0.250823
0.192682
0.217939
0.576999
0.0577036
0.140862
0.423864
0.0984562
0.814638
0.431196
0.390376
0.716435
0.609874
1.12793
0.925981
0.666232
0.782189
0.156896
0.404888
0.341838
0.78337
1.10722
0.663596
0.080603
0.576889
0.385057
0.263128
0.563644
0.370736
0.601009
0.336324
0.579689
0.441905
0.54506
0.759076
0.675143
0.351132
0.0259774
0.134995
0.131612
0.188003
0.970403
0.241579
0.122491
0.00975427
0.262274
0.0698822
0.463998
0.33021
0.0752382
0.78799
0.206994
0.0891531
0.02571
0.101455
0.186263
0.269082
0.0966325
0.1676
0.104103
0.108829
0.334691
0.387553
0.259417
0.0878985
0.785688
0.984109
0.563991
0.299526
0.934031
0.563828
0.439724
0.21025
1.15894
0.868051
0.0598957
0.507274
0.23865
0.0773032
1.10783
0.174434
0.880389
1.41773
1.30403
0.231974
0.816066
1.14212
0.909593
0.192161
0.656762
0.180524
0.542463
0.542813
0.0400154
0.169833
0.220109
0.112832
0.187146
0.551863
0.196985
0.84251
0.656162
0.0546057
0.274201
0.132655
0.728648
0.0710499
0.30294
0.463586
0.433778
0.284723
0.25193
0.284593
0.558355
0.16546
0.907139
0.665736
0.0996543
0.124121
0.0546832
1.63263
0.817082
0.238042
1.05196
1.21
0.367499
0.63093
0.350037
0.772497
0.639775
0.54884
0.20097
0.364881
0.188769
0.248642
0.542037
0.429512
0.656353
0.497149
0.18513
0.582159
0.301609
0.935528
0.247038
0.202167
0.117618
0.172201
0.0256691
0.0938954
0.332205
0.434529
0.565601
0.266542
0.461487
0.220863
0.370961
0.137795
0.087621
0.444478
0.118887
0.191899
0.6914
0.637513
0.425673
0.297238
0.182526
0.0859154
0.966519
0.369366
0.388645
0.550808
1.17433
0.24254
0.355811
0.0998559
0.345004
0.74157
0.303755
0.125399
0.130048
0.582208
0.835631
0.246743
0.691389
0.342214
0.440078
0.278384
1.94452
0.476206
0.196549
0.749009
0.695535
0.474787
0.195111
0.504195
1.03509
0.268643
0.238056
0.364356
0.229019
0.459166
0.181123
0.286906
0.21864
0.732768
0.309366
0.0879426
0.507827
0.941485
0.0866011
1.00619
0.652759
0.133256
0.224639
0.170279
0.336515
0.648206
0.183132
0.180045
0.375577
0.867644
0.465988
0.403427
0.326505
0.268879
0.254818
0.678646
0.614712
0.262914
0.294889
0.840794
0.349215
0.668143
0.0215721
0.450395
0.194014
0.127913
0.575859
0.420835
0.278191
0.601728
0.473256
0.319007
0.00757654
0.244269
0.459228
0.487375
0.831537
0.484175
0.0888194
0.474392
0.371095
0.985409
0.740194
0.427041
0.30291
0.224849
0.887334
0.706965
0.73711
0.707012
0.73719
0.551114
0.389454
0.79919
0.254107
0.310275
0.442492
0.453084
1.0252
0.731776
0.819263
0.687883
0.506805
0.124847
0.203854
0.407162
0.928104
0.451811
0.0933715
0.500396
0.566933
0.706369
0.682324
1.02801
0.19676
0.213798
0.0518977
0.0652134
0.156545
0.639358
0.18047
0.11826
0.673467
0.395569
0.0683928
0.242289
0.0148078
0.207048
0.0547371
0.323202
0.174065
0.0884619
0.20515
0.0704361
0.610296
0.196532
0.605139
0.176015
0.537857
0.914345
0.726419
1.40676
1.80203
0.974743
0.415049
0.297934
0.248609
0.715897
0.139221
0.0764764
0.498629
0.964333
0.498095
0.428414
0.508855
1.35351
0.46783
0.0811466
0.0971826
0.218234
0.252986
0.189025
0.956108
0.642207
0.422227
0.592889
0.181242
0.519439
0.303709
0.143773
0.489178
1.26083
0.552351
0.0636396
0.232237
0.42749
0.617622
0.60244
0.923534
0.411274
0.284745
0.177853
0.477834
0.290193
0.659496
1.38277
0.446389
0.198411
0.527506
0.122031
0.741033
0.465419
1.16471
0.40456
0.138245
0.26463
0.276569
0.506156
0.145447
0.300117
0.0470201
0.8907
0.20061
0.4228
0.15037
0.194924
0.64251
0.583017
0.106037
0.549804
0.483323
0.10218
0.282406
1.08756
0.632801
0.240586
0.272443
0.185955
1.02267
0.505231
0.250739
0.790957
0.724911
0.250221
0.795133
1.1419
1.35175
1.16372
0.454383
0.135978
0.583108
0.0757304
0.276476
0.470433
0.562944
0.442631
0.20485
0.132943
0.352956
0.425072
0.299378
0.940277
0.462687
0.290214
0.872986
0.591294
0.0337657
1.31137
0.469111
0.22596
0.725124
0.374136
0.0869529
0.784182
0.876361
0.321996
0.363413
0.268823
0.826367
0.96357
0.638058
0.469895
0.621661
0.94908
0.124922
0.651082
0.506504
0.297951
0.3032
0.165396
0.310931
1.00495
0.0623207
0.34076
0.129595
0.386338
0.465587
1.01607
0.736205
0.0413389
0.376347
0.287008
0.264935
0.137517
0.380768
0.205265
0.484617
1.15886
0.706266
0.485954
0.666078
0.506617
0.677599
0.803755
0.89122
0.112823
0.221274
0.624105
0.273441
0.277074
0.717172
1.68418
0.3488
0.541407
0.534776
0.526693
0.908579
0.810202
0.908449
0.153173
0.221337
0.127329
0.789105
0.174233
0.934079
0.381154
0.354904
0.247638
0.152319
0.39616
0.559298
0.317935
0.535515
1.14374
0.882692
0.251163
0.237216
0.613176
0.454122
0.363564
0.310216
0.141103
0.269243
0.239378
0.438582
0.833339
0.0339351
0.202894
0.125948
0.756326
0.217035
1.09357
0.927189
0.398119
0.265927
0.313628
0.375932
0.584378
0.115558
0.415844
0.326029
0.292489
0.321435
0.479917
0.185993
0.213192
0.0908027
0.652549
0.390593
0.240966
0.287352
0.712228
0.475592
0.656244
0.30677
0.68937
0.659043
0.160055
0.180632
0.422223
0.620238
0.167958
0.683301
0.5535
0.171824
0.510369
0.139691
0.22016
0.287575
0.192346
0.228403
0.161892
0.113539
0.405208
0.622982
1.18666
0.678747
0.291665
0.358565
0.0924125
0.596385
0.234105
0.310029
0.32128
0.243457
0.278912
0.256622
0.187812
1.3633
0.751562
0.844306
0.129906
0.0908394
0.0666958
0.712397
0.416162
0.307295
0.676374
0.341635
0.139301
0.213775
0.280891
0.243059
0.585171
0.91364
0.274488
0.402887
0.279251
0.0156852
0.807198
0.29258
0.217187
0.77735
0.0946213
0.190075
0.242877
0.0987589
0.810612
0.942798
0.943021
1.33292
1.5631
0.485827
0.367159
0.565875
0.527656
0.271193
0.11769
0.917369
0.479017
0.257014
0.4144
0.137648
0.425822
0.223495
0.430643
0.837007
0.309489
0.608521
0.601625
0.709495
0.740851
0.559585
0.360741
0.156212
0.411411
1.00182
0.513353
0.312214
0.342585
1.62072
0.282479
0.274706
0.652751
0.465828
1.07388
0.247349
0.568725
0.332644
0.510785
0.327227
0.214663
0.031323
0.431199
1.28298
0.272282
0.165733
0.403569
0.127805
0.325395
0.135596
0.113602
0.113935
0.496743
0.518998
0.551958
0.317528
0.715302
0.278965
0.603904
0.145861
0.468156
0.587683
0.129288
0.65865
0.474275
0.777007
0.204805
0.528815
0.091867
0.17878
0.998967
0.468794
0.692657
0.447132
0.170247
0.94926
0.326822
0.29368
0.30182
0.218442
0.394591
0.275895
0.667297
0.806851
0.394269
0.173748
0.374746
0.912302
0.05527
0.159641
0.62269
0.127688
0.0180054
0.40495
0.710154
0.240202
0.195017
0.841013
0.185931
0.733641
0.317296
0.887545
0.234928
0.330308
0.464484
0.337322
0.06376
0.684625
0.419379
0.117514
0.145233
0.219172
0.234569
0.38153
0.555526
0.440805
0.140169
0.673923
0.226641
0.224122
0.225107
0.19692
0.338274
0.219584
1.33836
1.19033
0.134464
0.385567
0.43647
0.483331
0.151082
0.494383
0.710408
0.576012
0.0584123
0.371897
0.498252
0.24157
0.0741602
0.424817
0.252641
0.0757777
0.278249
0.316337
0.667203
0.535169
0.0634619
0.189868
0.571692
0.257705
0.319201
0.781058
0.696484
0.443865
1.09029
1.18611
0.916636
0.250423
0.0655535
0.255577
0.275259
0.672794
0.274034
0.389009
0.374722
0.166195
0.0416003
0.107461
0.96952
0.555387
0.225425
0.484446
0.445906
0.181643
0.604995
0.161938
0.145515
0.194118
0.956147
0.886486
0.572272
0.59099
0.243206
0.34886
0.63775
1.21257
0.357299
0.482472
0.293869
0.134255
0.364891
0.192067
0.29326
0.383182
0.500511
0.10231
0.390549
0.267414
1.38731
0.40557
1.07294
0.901435
0.376713
0.140176
0.589327
0.718808
0.459696
0.741827
0.345162
0.51066
0.425661
0.839221
0.52163
0.11295
0.203908
1.08695
0.485569
0.256509
0.727055
0.74238
0.334419
0.439744
0.321807
0.229395
0.194087
0.681839
0.395771
0.441046
0.199301
0.232245
0.820016
0.452225
0.64788
0.576054
0.565655
0.102996
0.764403
0.301379
0.330811
0.268351
0.409983
0.556319
0.196372
0.213711
0.186306
0.866447
0.33904
0.954057
0.922035
0.620716
0.352527
0.100063
0.0857725
0.420005
1.16315
0.946408
0.919598
0.0963291
0.237543
0.646429
0.20512
0.201082
0.081518
0.284054
0.0902974
0.393455
0.333152
0.0553984
0.113979
0.895016
0.536337
0.273138
0.484101
0.422308
0.733739
0.883161
0.470728
0.673877
0.527342
0.164761
0.371895
0.24366
0.693925
0.540672
0.462767
0.456296
0.17876
0.424241
0.179625
1.01616
0.199895
0.263704
0.0554966
0.438158
0.267518
0.363634
1.13979
0.451572
0.793092
0.837391
0.804312
0.741877
0.392567
0.254602
0.722003
0.51679
1.35531
0.573845
0.867456
0.567118
0.113216
0.217044
0.443283
0.308747
1.71538
0.682954
0.679744
0.423625
0.561533
0.165272
0.159243
0.379797
0.141833
0.183527
0.180947
0.0943996
0.613792
0.312553
0.43215
0.923369
0.098332
0.498644
1.09385
0.341336
0.0622208
0.0358803
0.446064
0.221609
0.755784
0.941236
0.588151
0.754361
0.748708
0.460721
0.273528
0.234209
0.573895
0.0166061
0.162621
0.237293
0.11258
0.512462
0.24778
0.388867
0.636517
0.3351
0.663618
0.617303
1.43358
0.256694
0.542552
0.307901
0.252884
0.347461
0.120832
0.589289
0.616264
0.041111
0.563473
0.331806
0.659605
0.459163
0.113575
0.15244
0.130433
0.46804
0.1324
0.179928
0.403476
0.418344
0.435712
0.290592
1.76518
1.12398
0.272039
0.405334
0.677414
0.430551
0.28582
0.264261
0.177502
0.356032
0.150773
0.528381
0.921609
0.558071
0.431042
0.576051
0.207341
0.391167
0.568705
0.523812
0.178196
0.53136
0.239118
0.0964811
0.264917
0.167217
0.726923
0.40192
0.638981
0.292868
0.58878
0.0215101
0.325188
0.656401
0.339133
0.693281
0.505467
0.105887
0.493152
0.315109
0.101223
0.723128
0.187279
0.124623
0.143544
0.337306
1.71956
0.975482
0.524281
0.701536
0.669795
0.504799
0.702701
0.912652
0.290225
0.824835
0.44132
0.107056
0.75535
0.509333
0.205495
0.300896
0.0486909
0.369782
0.0894725
0.495184
0.482274
0.270097
0.0801034
0.629289
0.236472
0.0834772
0.293295
0.623414
0.574154
0.704581
0.432866
0.294711
0.194501
0.732129
0.291199
0.249478
1.18413
0.209801
0.444069
0.558103
0.466801
0.288238
0.347876
0.413933
0.249371
0.407792
0.605914
0.0177761
0.26041
0.308236
0.28192
0.149022
0.874834
0.416473
0.446937
0.246281
0.234974
0.27457
0.184182
0.257897
0.465303
0.341681
0.267908
0.233085
0.589799
0.258411
0.150902
1.57325
0.50266
0.228025
0.738222
0.225172
0.2444
0.211313
0.154166
0.235017
0.219281
0.153349
0.169934
0.903267
0.33439
0.402008
0.270804
0.15392
0.439921
0.32626
0.743451
0.684345
0.0978589
0.500958
0.462754
0.607959
0.586296
2.47732
1.71157
0.594416
1.13675
0.308366
0.278934
0.572839
0.254346
1.26347
0.626474
0.522259
0.253636
0.224312
0.459189
0.958395
0.335986
0.396165
0.144286
0.45139
0.678567
0.268605
0.588243
0.0313576
0.0484712
0.374017
0.378097
0.162797
0.403134
0.287013
0.149054
0.326219
0.0421575
0.187294
0.600782
0.184078
0.666506
1.12225
0.17463
0.210701
0.475833
0.352108
0.383992
0.144409
0.281189
0.342785
0.149211
1.05485
0.581419
0.554326
0.421105
0.355122
0.466764
0.682751
0.105989
0.58555
0.503545
0.502911
1.41327
0.435401
0.277605
0.372212
0.611834
0.689153
0.0637088
0.0808326
0.806624
0.261167
0.547365
1.44903
0.149594
0.855845
0.103134
0.0891895
0.231887
0.685176
0.127494
0.508187
0.153785
0.134174
0.467359
0.306686
0.19476
0.362522
0.208625
0.11891
0.528298
0.185683
0.166587
0.713611
0.696543
0.615983
0.600218
0.139203
0.63833
0.232043
0.330971
0.198156
0.542676
0.583244
0.653098
0.42496
1.29535
1.00302
0.495656
0.331039
0.221237
0.0631944
0.075394
0.757128
0.484525
0.365469
0.104601
0.530505
0.0701046
0.255679
0.593195
0.406223
0.82885
0.0284577
0.975437
1.0139
0.301427
1.19341
0.144151
0.284563
0.117885
0.272648
0.445657
0.212123
0.498271
0.716425
0.477734
0.520433
0.288471
0.201616
0.654842
0.891628
0.151746
1.23118
0.431006
0.754259
0.330847
0.115035
0.471878
0.563504
0.517722
1.47605
0.439678
0.179543
0.017528
1.41999
0.271296
0.287514
0.41285
0.943487
0.619864
0.464994
0.32827
0.0227534
0.362152
0.255132
0.570559
0.124158
0.264648
0.1424
0.464514
0.12742
0.0453547
0.365545
0.208429
0.511007
0.377918
0.177636
0.732832
0.352384
0.474152
0.206878
1.27781
0.635263
0.39724
0.299033
0.228503
0.56464
0.698621
0.255635
0.206087
0.357489
0.203607
0.473824
0.813268
0.102836
0.124738
0.849323
0.0560608
0.508591
0.509251
0.169506
0.352303
0.691685
0.572415
0.28074
0.579238
0.367464
0.0340552
0.143744
0.240303
0.925224
0.28363
0.0828561
0.52997
0.412595
0.260731
0.449199
0.0856928
0.707112
0.440414
0.125967
0.558181
0.480673
0.926162
0.0380591
0.841826
0.560928
1.1134
0.649886
0.162522
0.509004
0.403489
0.506311
0.174676
0.264416
0.233709
0.187375
0.287557
0.32647
0.108189
0.319153
0.322923
0.163756
0.762304
