0.218896
-0.063705
-0.0303628
0.184135
0.238216
-0.159981
0.338078
-0.304923
0.301495
-0.336769
-0.0327837
-0.174369
0.0886116
0.0766386
-0.0883698
-0.0275448
0.00822913
-0.212272
-0.113638
-0.0828588
0.253478
0.0836771
0.0847381
0.258068
-0.00163352
-0.00894716
-0.122748
0.0235917
-0.119114
-0.16883
-0.131147
0.00837226
0.165029
-0.0822023
-0.319992
-0.105305
-0.295912
-0.252473
-0.0218343
0.301245
-0.315699
-0.0693349
-0.340405
0.0412916
-0.101212
0.1289
0.26648
0.0531578
-0.295545
-0.0876064
0.0115203
-0.0883647
-0.683991
0.309089
-0.15121
0.04117
0.131425
-0.149475
0.077266
0.13316
-0.0321536
-0.116794
0.30724
0.0331394
-0.267167
-0.114703
0.0634426
-0.47378
-0.0566537
-0.0406497
-0.284279
0.105989
0.0474304
-0.109996
-0.275745
-0.242681
-0.215832
0.102145
0.0720535
0.539236
0.379977
0.316898
-0.0666055
0.124221
-0.0867905
-0.95686
0.0119349
-0.628207
-0.715553
0.0155056
0.0373761
0.463026
-0.0776574
-0.523408
0.237303
0.0361439
-0.0252827
0.00434488
0.182313
0.151746
0.206372
-0.188658
0.366124
0.611852
-0.0945632
0.240083
0.0149673
-0.39052
-0.101273
-0.0568923
0.102347
0.0424452
0.16683
0.703391
0.0246321
0.307773
-0.0472137
0.108433
0.214352
0.0108784
-0.244718
-0.185764
-0.135165
0.333179
0.2321
0.147314
0.121431
-0.116117
-0.162177
0.175423
0.390805
-0.0621943
-0.0101758
-0.209536
-0.246875
0.322484
0.0472319
0.0187498
0.200337
0.22257
0.881973
-0.0550047
-0.287345
-0.214235
-0.062042
-0.0598903
0.0424755
-0.0473148
0.237833
0.0318193
0.086487
-0.0267849
0.220007
0.156619
-0.0543411
-0.181617
0.0263674
-0.110641
-0.172677
-0.0514549
-0.0900039
-0.109522
-0.235883
-0.084382
-0.0785894
-7.05934e-05
-0.144622
-0.0691969
-0.136724
0.0288683
0.154063
0.102821
0.307836
0.281126
0.205189
0.54633
0.585491
0.0823529
-0.0155014
0.00574111
-0.239546
0.280119
0.221094
-0.135192
0.136774
0.527335
0.272997
0.143196
0.896346
-0.125585
-0.00524119
-0.0705687
-0.18807
0.102632
0.117755
0.400756
0.192146
0.0640029
-0.183764
-0.227275
-0.238735
-0.146531
0.306846
0.239896
-0.201099
-0.172809
-0.0540081
-0.257987
0.0674406
-0.220285
0.432043
0.0789393
0.130236
0.0772091
-0.237379
0.00665421
0.0263192
-0.00508003
0.22769
0.371983
-0.127881
0.0310043
-0.273038
-0.103558
-0.116799
-0.392883
0.10806
-0.440647
0.0315039
0.0869326
-0.107052
0.580716
-0.00484208
-0.290435
0.13746
-0.146734
-0.262312
-0.293243
0.0835292
-0.947636
0.183574
-0.0454071
0.147518
0.290988
-0.0538927
0.167918
-0.247563
0.0461299
0.0273704
0.0475873
-0.143091
0.0930726
0.299762
0.240674
-0.137759
0.167668
0.0352086
-0.0395007
-0.0924066
0.0353756
-0.507981
-0.229976
0.0718492
0.169619
0.238905
-0.405633
-0.249873
0.0287268
-0.0944567
-0.121236
0.0561709
-0.00995823
0.0112209
0.242728
0.054264
0.0963722
-0.1459
0.118738
0.0488081
0.161098
0.19391
0.400241
0.0276565
0.0384909
0.144375
0.04776
0.0190218
-0.308844
0.0843861
0.121539
0.115371
0.00670324
-0.633646
-0.0762932
0.367691
0.0994723
0.15551
0.0552127
0.288205
-0.288145
-0.072005
0.0231404
-0.0406643
0.248574
0.0994855
0.205377
-0.144934
-0.266312
-0.292238
-0.1714
0.102143
0.315854
0.0607724
0.577396
-0.145173
0.546369
0.106598
-0.00132444
0.0321948
-0.291619
-0.0103852
-0.113701
0.00609594
0.505196
0.147891
-0.300757
0.188676
0.246903
0.241996
-0.136307
-0.0238711
0.036887
-0.561257
0.0994235
-0.023622
-0.242304
0.165329
-0.184856
-0.234234
0.132518
-0.571909
0.203071
0.47893
0.00461835
-0.116046
-0.119398
-0.128818
-0.18076
0.102003
-0.296272
-0.359633
0.25985
0.0482982
-0.0637312
0.220785
0.328769
-0.30418
0.00136275
-0.640341
-0.212818
0.318312
-0.064525
-0.0297432
0.0836584
0.120499
0.0292623
-0.150727
0.0360809
0.0505146
-0.00200763
-0.0547702
0.456472
0.425574
0.0466735
-0.0625963
-0.214854
0.373321
0.00923097
-0.049101
0.0724639
0.195064
0.127746
0.169056
0.334229
0.0315535
-0.275363
-0.037288
0.02561
-0.0918542
-0.139858
-0.381136
-0.190396
0.112262
0.126228
-0.08388
-0.0909161
-0.114776
0.053256
0.0197249
0.309931
-0.13468
0.0745688
0.313069
0.13725
-0.516307
-0.370707
0.476491
-0.0486602
-0.21377
-0.239028
-0.200346
-0.407422
-0.152259
0.141522
0.210509
0.0357481
0.0506672
-0.0504517
0.131254
0.00893252
-0.0376418
0.443719
-0.0540235
-0.29633
0.118274
-0.0220487
0.248328
-0.327994
0.18965
-0.2928
-0.0961845
0.366989
0.231946
-0.149405
-0.641952
-0.354059
0.0277281
0.170647
-0.440677
-0.150721
0.00133978
0.095068
0.537709
-0.0318004
-0.076572
0.137506
0.0276926
-0.19075
-0.38197
-0.0488983
-0.106463
-0.0188899
0.142435
-0.0570072
0.0920889
0.060319
-0.109188
-0.27997
0.13406
0.113289
0.179073
0.0618808
-0.315457
-0.206707
0.0451014
0.08255
0.260461
-0.228537
0.0234828
0.0674513
0.0569132
0.24505
0.228293
-0.425422
0.562822
-0.232814
-0.0683059
0.467838
0.378789
-0.212276
0.195791
-0.0546939
-0.0512465
-0.263512
-0.0558095
-0.023506
-0.232294
0.0466103
0.056822
0.362836
-0.152222
-0.0556346
-0.00448983
-0.416849
0.0598441
-0.0914613
-0.340739
-0.203727
-0.175104
0.227521
0.034406
0.437316
0.257665
-0.0631948
-0.343007
-0.275789
-0.438406
-0.138743
-0.236534
0.0113556
-0.13671
-0.0598957
-0.0561673
0.0579616
0.636666
0.212235
0.114587
-0.451279
0.136425
0.0125192
-0.196858
-0.0725047
-0.198763
0.0684352
-0.0305905
-0.252327
-0.309805
0.0149753
-0.114118
-0.112349
-0.103418
-0.168721
-0.0536362
0.0660158
0.0240841
-0.219514
0.269424
-0.138345
-0.0193366
0.139671
0.171474
0.329463
0.251526
-0.190956
0.048153
-0.0017649
0.268806
-0.180798
-0.140769
-0.213293
-0.334109
0.820385
0.124635
-0.0531341
-8.8847e-05
-0.166494
0.213201
-0.448018
0.0327995
-0.147322
-0.173205
0.101841
0.220255
-0.0139526
0.0852315
0.0357379
0.0398623
-0.0586988
-0.126275
-0.00581119
-0.137189
-0.394879
-0.0143075
0.0562724
-0.0295115
-0.533743
-0.041714
0.00539659
0.126241
0.0137347
0.0348658
0.180523
-0.140554
-0.0892122
0.04799
-0.159694
0.120264
-0.302934
0.0052811
0.241102
0.0645414
-0.114673
-0.288396
-0.359579
-0.0366054
-0.0502712
-0.520872
0.0583907
-0.247834
-0.0510585
0.143639
-0.111234
-0.0821183
-0.0437475
0.277159
0.0949215
-0.114302
0.309395
-0.0253185
0.365077
0.00439976
-0.0154692
0.2753
0.184701
0.0155403
-0.0458815
-0.0030848
0.0567295
0.16564
0.177906
0.593955
-0.0817436
-0.0309197
-0.304848
-0.297837
-0.620509
-0.336106
-0.0736882
0.0723463
-0.0350707
0.106574
0.0798881
0.00934242
0.452954
0.176964
0.555181
-0.12258
0.369922
0.683852
0.557171
0.273421
0.371073
0.195214
0.171454
0.142941
-0.10838
-0.0187769
-0.00931869
0.173632
0.356471
0.000671748
-0.440846
-0.0407697
0.1448
-0.173882
0.160313
0.0785778
0.0711247
-0.0926859
0.166627
0.0670446
-0.132281
0.0904708
0.107818
-0.0345015
-0.0484927
-0.375323
0.313415
0.583985
0.00220417
0.209502
-0.13924
0.0878505
0.0116779
0.0323471
-0.117283
0.158
0.0529539
0.233918
0.169778
-0.0147311
0.0446993
0.321249
-0.263197
-0.223179
-0.0842728
0.293674
0.617061
-0.0827082
0.0833198
0.14087
0.00899281
-0.0400976
-0.14367
0.0284075
-0.347152
-0.171453
-0.238665
-0.49656
0.189147
0.0158586
-0.0296986
0.197686
0.469723
0.240655
-0.102276
-0.149984
-0.239107
-0.154744
0.0418961
-0.0254845
-0.111123
0.173912
-0.331551
0.0200325
-0.203196
0.270857
-0.37572
0.082477
-0.261549
-0.315432
-0.155703
0.0288765
-0.0201968
-0.0222262
0.0148716
0.193692
0.342935
0.0356114
0.133386
-0.0379307
0.279943
-0.0179843
0.0333623
0.00507758
0.0231708
0.149351
0.141026
0.134489
0.144383
0.138811
0.275671
0.0917512
0.0248927
-0.0395806
-0.0422399
0.289919
-0.109252
-0.114831
-0.529205
-0.174468
0.265859
-0.0644712
-0.0276286
0.0159637
0.00848972
0.301743
0.235161
0.339451
0.602003
-0.0821532
-0.295008
0.0744218
0.133076
0.347677
-0.0724314
0.0838822
0.10596
0.0990156
0.387958
-0.110445
-0.0492789
0.0279728
-0.0174117
0.45515
0.274045
-0.257822
-0.057627
-0.15798
-0.0041534
0.368865
0.129225
-0.176425
-0.0735108
0.17227
0.261052
0.197072
0.121315
0.412658
0.125557
0.0375524
-0.503709
-0.00115278
-0.505008
0.0975725
-0.0877101
0.237509
0.165786
0.0322072
0.00796406
0.00460993
0.138086
0.0258616
0.301059
-0.281565
0.314505
0.324312
0.297717
-0.195441
-0.312245
-0.0771202
-0.0821281
-0.105692
-0.462053
0.559382
0.013363
0.196188
-0.107712
-0.234514
0.0887262
0.0735903
-0.0340339
-0.26405
0.246925
0.382748
0.237693
0.00665812
-0.0139775
0.0930459
0.122199
0.214844
-0.139386
-0.235635
-0.644794
-0.25531
-0.232718
-0.193664
-0.248919
-0.191618
-0.107625
0.169969
0.36721
0.280552
0.000472238
-0.0773693
-0.0980627
-0.0829179
-0.0345866
-0.0295056
-0.140312
-0.0558301
-0.244106
0.451418
-0.115685
0.0973852
0.173567
-0.0724521
0.184846
0.31512
-0.406647
0.15893
-0.193341
0.0221069
-0.173294
-0.111113
0.0942184
-0.0162304
0.0814521
0.108251
0.0636815
0.222568
0.146342
-0.0860665
0.0381855
-0.215462
-0.246936
0.389092
-0.0784105
0.0487891
-0.122312
-0.266363
-0.0155006
-0.033331
-0.0781463
0.0597878
0.0904491
-0.0855958
-0.0513182
0.250302
0.122146
-0.0621494
0.0729776
-0.0186852
0.154607
-0.0609731
-0.141163
0.103473
0.244684
0.135822
-0.0130794
-0.181069
-0.0423134
0.0346509
-0.0360536
-0.0882478
0.170474
0.159527
0.0973626
0.106775
-0.0899348
-0.0976275
-0.054431
-0.497242
-0.156988
0.0341841
0.0245166
0.0679874
-0.0528514
-0.0187113
-0.0732123
-0.429783
-0.248366
0.255435
-0.190689
-0.37866
0.309276
-0.00550454
0.265167
0.0308032
0.509443
0.0941318
0.537989
-0.495527
-0.0265046
0.0743093
0.0696898
-0.0565665
-0.214808
0.0469952
-0.0523897
0.0384128
0.0155345
-0.0447824
0.471612
0.215084
-0.294772
-0.138554
-0.242876
-0.202288
-0.349982
-0.0210994
0.216641
-0.25006
-0.132321
0.123105
-0.34833
0.105231
-0.000162199
0.0362024
-0.0661098
-0.187557
0.302396
-0.0313344
0.0602459
-0.225642
0.111656
0.0651942
0.303085
-0.235589
0.118533
0.236785
0.211598
0.59162
0.386985
0.142729
-0.0831741
-0.0745617
0.470923
-0.0133415
-0.204226
0.381384
0.098903
0.294925
0.151219
0.14592
0.239532
-0.0249171
0.198188
-0.00353611
-0.0556581
0.0602702
-0.0158043
0.849373
0.0231814
-0.0165709
0.303236
0.0139161
-0.140874
-0.000374781
0.23558
-0.0522947
-0.0927837
0.0629523
0.168643
0.12183
0.0393286
-0.0995756
-0.0759024
-0.282179
0.0507431
0.280108
-0.279411
-0.146732
-0.269624
0.0713962
0.377209
0.12229
0.070313
0.407031
-0.144039
0.0573817
-0.0794761
-0.192644
0.339828
-0.0898539
-0.0417253
0.217998
-0.10304
0.133464
-0.239789
-0.198144
0.00863974
0.0476405
-0.309918
-0.0152963
-0.0949773
0.0260439
-0.1089
-0.000558954
0.0701611
-0.209762
0.0859835
-0.0484313
-0.0547359
-0.164732
0.262932
-0.0650414
0.10901
-0.0023075
0.0113341
0.0805821
0.131588
0.0210304
-0.16652
-0.0705162
-0.161663
0.0226446
-0.227193
-0.060002
0.0599944
-0.118023
-0.175718
-0.0904507
0.30191
-0.249859
0.00409799
-0.16479
-0.461104
-0.200268
-0.376094
-0.377291
0.575829
-0.199318
0.232577
0.0218071
-0.163983
-0.00458339
0.283415
0.0545937
-0.0290857
-0.209357
0.379364
0.451016
0.00934023
0.708306
0.284338
-0.16428
0.116957
0.305495
0.092801
-0.0476701
-0.339804
0.28392
0.32184
-0.0687507
0.0787187
-0.254077
0.0583633
-0.1361
0.0578665
-0.0158223
-0.0862536
0.419277
0.509887
-0.0295485
0.118633
-0.130387
-0.141077
-0.126341
-0.143337
-0.113231
-0.129531
-0.28913
0.0965874
-0.0551365
-0.227193
-0.0103204
0.211582
-0.085341
-0.168308
0.0300172
-0.0161758
0.270704
0.0397235
0.26678
-0.206765
-0.153727
0.384607
-0.428135
0.278457
0.195939
0.275014
0.458634
0.112532
-0.0153061
-0.654881
0.184855
0.120519
-0.000107274
0.0124928
0.00849308
0.138977
-0.206194
0.141111
-0.183337
-0.676711
0.241215
0.274416
0.782949
0.200672
0.190337
-0.314725
-0.338948
-0.54679
0.145848
0.0436798
-0.0329198
0.159179
-0.268697
-0.229967
-0.123966
0.0160852
0.231065
0.0971307
-0.296872
-0.02663
0.0155764
-0.325997
-0.1705
-0.122692
-0.283998
0.201593
0.101717
-0.0734131
-0.00429242
-0.146611
-0.0550639
-0.181106
-0.482338
-0.137207
0.0325548
0.00854039
0.124396
-0.159931
-0.116608
-0.0768304
0.0377826
0.103912
-0.0334739
-0.112277
-0.0608613
-0.0138355
-0.113827
0.0594772
-0.0123343
0.150023
0.00290061
-0.103841
0.0740068
0.185471
-0.0598455
-0.0308546
0.0898586
0.443377
-0.143296
0.09639
-0.294545
0.677114
0.115414
0.226698
0.267845
-0.130967
0.0213581
0.119821
0.344413
-0.0114283
0.752021
0.187726
0.346757
0.866652
0.16904
-0.231184
0.124076
0.00596862
-0.0473479
0.0855193
0.0209371
-0.086911
0.10952
-0.171812
0.0830011
0.0077969
0.163962
-0.126473
-0.211972
0.0767466
-0.0205964
-0.271272
0.095968
0.0322869
-0.0268863
-0.178175
-0.250655
0.106665
-0.279033
0.416625
-0.108707
-0.134996
0.0817801
0.145091
0.00377876
-0.0486015
0.502519
0.0552505
0.150183
-0.0689218
0.0228494
-0.0302561
-0.0991688
-0.0144198
-0.386192
-0.211438
0.238732
0.140403
0.210067
0.561201
-0.133508
-0.0846404
0.131355
-0.320918
-0.279102
-0.287137
-0.325058
-0.0961941
0.532281
0.450741
0.0966388
-0.0150279
-0.339153
-0.0318321
-0.0633918
-0.251028
-0.218788
0.0184258
-0.0684067
-0.125221
0.234104
0.000765095
0.195283
0.0676525
0.035915
-0.0873461
0.0578099
-0.0281904
0.0149178
0.41895
0.127403
0.0503529
0.272592
0.155401
0.477653
0.111278
-0.277857
-0.0869016
-0.512735
0.191089
0.277502
0.318061
0.210189
0.121453
0.0783032
-0.127544
0.162874
-0.207106
-0.113857
0.0361474
-0.0864121
0.239959
-0.182999
0.205795
-0.625475
-0.133527
0.0417316
-0.227615
-0.43482
-0.380341
-0.0783008
-0.0869838
-0.0650224
-0.1429
-0.110015
-0.119454
0.251788
0.221831
0.0179061
-0.327506
-0.0127288
0.362866
0.096554
-0.274088
-0.0921853
-0.161029
0.191108
0.0696997
-0.225598
0.327253
0.111046
0.0222465
0.224908
-0.0923827
-0.288973
0.0770438
-0.0252249
0.244389
0.116893
-0.0696516
-0.00219788
0.112694
0.0614715
0.0902156
-0.348464
0.140772
-0.298321
-0.407071
-0.342317
0.106145
-0.22558
-0.26697
-0.0740214
-0.141733
-0.00303172
-0.149907
0.146201
-0.0536599
-0.0240135
0.0914434
-0.0588762
-0.0162897
0.00825254
-0.0136055
0.0538886
0.167833
-0.0248596
0.440957
0.0513969
0.0693989
-0.195735
-0.218949
0.249181
-0.362495
-0.114055
0.22165
-0.344393
0.201826
0.586438
-0.0058934
0.250191
0.131249
0.337935
0.0401427
0.113464
-0.694525
-0.08371
0.265455
0.384509
0.318811
0.153828
0.321476
0.157266
0.0305662
-0.258017
-0.0134645
0.0438587
0.054231
0.20636
0.317246
0.209051
0.525501
0.333116
0.773844
0.222938
-0.150399
-0.0433045
0.129862
0.066587
0.0236742
0.0634839
0.0679433
-0.154531
0.0203204
-0.128014
0.451768
-0.0437801
0.12119
-0.00322585
-0.0300746
0.0194253
-0.110051
-0.0820104
-0.0327367
0.0519409
-0.150749
-0.525083
-0.13988
0.140249
0.0537742
-0.0689961
0.549421
-0.0712039
-0.061295
0.450164
0.0745359
-0.0417656
0.406852
0.229448
0.34842
0.0440837
-0.0717105
0.239065
0.68121
-0.0522547
0.407684
0.326504
0.168466
-0.159422
-0.0162134
0.0723428
-0.24467
0.305388
-0.114442
0.167019
0.0198224
0.155387
0.219178
0.0645546
-0.166306
-0.201775
-0.292905
-0.0555899
-0.397342
0.136179
0.0948656
-0.0725057
0.400508
0.579872
0.463021
0.408564
0.279014
-0.0467833
-0.14378
-0.21212
0.448277
-0.271593
-0.637428
-0.161873
0.314146
0.431846
0.0412676
0.195256
0.119206
0.0803933
-0.0799865
-0.0506748
-0.115211
0.129656
0.384442
0.106457
-0.0514236
-0.0300843
-0.0980582
0.0814795
-0.120426
-0.0465196
0.0177343
0.26143
-0.0243221
0.258184
0.131011
-0.0276688
0.101446
-0.0318958
0.111409
0.0380111
0.262293
-0.0309094
0.0985489
-0.0245658
0.370214
0.337161
-0.291062
0.450669
0.0797427
-0.203714
-0.46886
-0.58822
-0.229283
-0.218666
-0.111559
-0.252587
0.0678236
0.232801
-0.0441424
-0.119361
-0.198882
-0.0262383
0.0527883
-0.205302
-0.547861
-0.110626
-0.134957
0.00943136
0.0948037
-0.0556412
-0.0718884
-0.0662557
-0.363749
-0.565152
-0.0431066
0.591741
0.147654
-0.0410022
0.205553
0.251797
0.150285
0.0444039
0.0633728
-0.0360671
-0.0143351
0.11532
0.0777226
0.113343
-0.397488
-0.035696
-0.0910672
0.0992605
0.0742899
0.211904
-0.0528188
0.0657409
0.258016
0.021156
-0.0803846
-0.119221
0.256003
-0.302212
-0.233391
-0.376793
0.0352093
-0.0494613
0.19668
-0.00597889
0.00153931
-0.164686
-0.0390639
-0.254691
0.00863634
-0.0191387
0.0926418
0.382015
-0.142675
-0.049194
-0.160416
0.261202
-0.111914
-0.227671
0.233685
0.0516831
0.296909
-0.169547
-0.0940069
-0.365117
-0.323514
0.3925
-0.418219
-0.260715
-0.321233
-0.337467
0.0931381
0.0975817
-0.136677
0.187393
0.281976
0.827225
0.0987399
0.149236
0.180483
0.063988
0.22796
0.0159981
-0.0375348
0.034019
-0.383538
0.0644564
-0.0363921
-0.0992997
0.432206
-0.0222733
0.309715
0.360979
0.190196
0.197743
-0.0479017
0.0699838
-0.189759
-0.0639819
-0.361729
0.153104
0.469597
0.180038
0.377964
0.0062345
-0.0258013
0.174854
-0.0697505
-0.180615
-0.556185
0.0440662
-0.17211
-0.0636281
-0.325158
0.0410742
0.0997749
0.0213107
0.336036
0.1338
-0.363273
-0.266037
-0.175178
0.0946258
-0.335152
0.33716
-0.298247
-0.0763659
-0.13242
-0.0347594
0.14424
0.172211
-0.449871
-0.0351872
0.164788
-0.610747
0.0732089
-0.182412
0.116801
-0.0150032
-0.141074
0.152506
-0.116965
0.0592005
-0.0731285
0.0675109
-0.556211
-0.0166728
0.085733
0.153498
-0.154929
0.0733667
-0.0229452
-0.0237786
0.190317
-0.105259
-0.329572
0.00614485
0.0898162
-0.029006
-0.0374344
0.558742
-0.153172
0.162627
-0.0991696
-0.0626529
-0.0165103
-0.135801
0.173239
-0.0374397
0.417366
-0.0770813
0.336645
0.188008
0.182876
-0.127599
-0.0351228
0.128781
0.0617014
0.268146
0.197646
-0.0598748
-0.0139413
0.0295569
0.000463645
-0.339352
-0.114884
-0.200851
-0.517931
0.014458
0.122792
-0.0902162
-0.633067
0.00449379
-0.666381
-0.301094
0.214887
0.250132
-0.0240823
-0.142736
0.265529
0.321376
0.0534398
0.0702664
-0.267652
-0.121287
-0.0852734
-0.267862
-0.058541
0.0173123
-0.212747
0.200167
-0.247333
-0.417828
0.218727
0.168676
0.161956
0.0212693
0.291902
0.344793
0.379501
0.0519082
-0.0578591
-0.270395
-0.0330578
0.218145
0.173569
0.150889
0.523205
-0.0139071
0.023205
0.0560052
0.12283
-0.314917
-0.0274086
-0.0387515
0.390196
-0.0830246
-0.251239
-0.0250558
-0.156966
-0.110347
-0.114928
0.0114144
-0.00377783
0.0429412
0.0962321
-0.540085
-0.100497
0.122407
0.184217
0.00208796
0.00378435
-0.0738039
0.270836
0.280247
-0.0658031
0.219311
-0.0523745
-0.0866239
-0.102929
0.180929
-0.105005
-0.102156
-0.280446
-0.0649115
-0.0346479
0.00359181
0.0367805
0.0844684
-0.0615829
-0.104601
0.100001
0.0242362
0.274579
-0.167596
0.866062
0.410276
-0.305438
-0.041454
-0.0563778
0.448001
-0.0148834
-0.108587
0.121698
-0.0759249
-0.0522768
-0.155102
0.249391
-0.302828
0.0981124
-0.390283
-0.0882405
-0.137587
0.262819
0.304703
-0.10462
-0.196341
0.672178
0.171707
-0.00457235
0.168603
-0.0526632
-0.0913409
-0.0825646
-0.135797
0.102249
0.136798
-0.282714
0.485465
0.072405
0.0723869
0.197491
-0.30094
-0.0773163
-0.25606
-0.0572014
-0.0937879
-0.513377
0.0815253
0.0810803
-0.140301
-0.291686
0.284193
0.0766896
-0.283643
0.183748
0.121176
0.0340291
0.111246
0.188398
0.0502595
0.199065
0.086543
0.0214338
0.0415658
0.379435
0.204634
0.0693843
0.294781
-0.0771092
-0.0769381
-0.0336165
-0.106326
0.194915
0.435141
0.230313
0.00398883
-0.0325006
0.183096
-0.03592
0.240996
0.0919474
0.358462
-0.0913973
0.107511
-0.169725
-0.0142568
-0.258884
-0.192728
0.037479
-0.036782
-0.121828
-0.0649533
-0.0843351
-0.1386
0.125351
-0.0304488
-0.0632915
0.140774
0.0571239
-0.209462
0.641521
0.469881
0.149416
-0.227724
0.109637
0.426032
0.172217
-0.357763
0.007682
0.326392
0.0523484
0.020111
0.159639
-0.0184941
-0.20851
0.119614
0.0510116
-0.0397759
-0.190032
0.0170809
0.42852
-0.254821
-0.217614
-0.349445
-0.0541377
0.239929
0.0752603
0.171309
-0.0306531
-0.225095
-0.0736758
-0.134463
-0.120172
-0.157696
0.0368853
0.0423792
-0.0156648
-0.164457
-0.109511
0.270105
-0.155771
-0.319543
-0.196507
-0.293198
-0.460246
-0.456728
-0.238566
0.357062
0.0151233
0.112529
0.0916902
-0.108024
0.123274
0.207268
-0.192456
0.0949407
0.251317
0.132391
-0.0578422
-0.103136
-0.0644803
0.0719653
0.127824
-0.0328327
-0.118466
0.00101823
-0.0641002
-0.145868
0.226135
-0.442001
0.12451
0.128017
-0.134796
-0.0219785
0.173886
-0.103437
0.227312
-0.142752
-0.375272
-0.0190581
-0.301307
-0.557188
-0.0540234
-0.0102546
0.04179
0.062727
0.32398
-0.0516684
0.222559
-0.0107228
-0.0826351
0.706716
0.256048
0.0524148
-0.125505
-0.059544
-0.114434
0.500849
0.342802
0.251976
-0.177598
0.176479
0.112964
-0.036313
-0.237139
-0.224444
0.373953
0.54844
0.197229
0.241757
0.337285
0.287894
0.0224347
-0.0543916
0.0894602
0.223041
0.0247092
-0.198381
-0.645493
0.0625898
-0.0709985
0.42861
0.195623
0.0555281
-0.319113
-0.265684
0.202252
-0.376563
0.184073
-0.0863507
-0.677514
0.208006
0.114856
-0.143554
-0.0655175
-0.00253894
-0.391075
-0.0349356
-0.404512
-0.113994
-0.206941
0.00270384
0.0562864
-0.325765
0.0545922
-0.174132
0.159157
0.176664
-0.186436
0.103349
-0.0273845
0.0532341
0.0348543
-0.0858372
-0.566039
0.0150695
0.0491299
-0.055152
0.0920607
0.0595224
0.132872
0.50204
0.133516
-0.0692848
0.079042
-0.217523
-0.0960687
-0.14792
0.147499
-0.00896584
-0.166174
0.00726496
-0.120513
-0.169931
0.048526
0.0191429
0.19626
0.191461
0.0766075
-0.485487
-0.494811
-0.132077
-0.146781
-0.237915
0.03312
-0.276595
0.190934
-0.0626277
-0.348865
0.00425529
0.160781
-0.0325827
0.184255
0.0597273
-0.0624066
-0.180813
-0.185409
0.0945589
0.116573
0.0280454
0.0257606
0.095558
0.0351247
-0.324953
-0.939303
-0.709665
0.292962
-0.130602
0.260793
-0.260722
-0.0338491
0.15443
-0.00574269
0.0802232
0.112357
0.165203
0.419585
0.133033
-0.117911
0.0274698
-0.00254353
0.119957
0.105302
0.0598565
-0.0240942
0.46351
0.0633986
-0.15665
-0.0102536
-0.21333
-0.414701
0.255233
0.223946
0.371059
0.231953
0.0631031
-0.137366
-0.556615
0.0229322
0.378105
-0.110084
0.0527805
0.286915
-0.229766
0.0860011
0.19618
-0.0546498
0.252915
0.0204569
0.372085
-0.304913
0.37527
0.0303571
0.169486
-0.0079513
0.30542
0.217411
-0.42773
-0.519848
-0.324758
-0.0582815
-0.0665526
-0.167493
0.313888
0.0825783
-0.0720844
-0.0707872
-0.221327
0.21165
-0.273516
-0.0843775
0.0833636
-0.172985
-0.209087
-0.427206
-0.169238
-0.0257803
-0.0154497
-0.176501
-0.0380678
-0.1886
0.0712949
-0.0455331
0.549903
0.152767
-0.0181393
0.271689
-0.164851
-0.0432702
-0.130377
-0.245877
-0.0640924
-0.106151
0.103081
0.0698753
0.257961
-0.032957
0.0423813
0.130102
0.024243
-0.278321
0.0408666
0.143398
0.144861
0.193816
-0.220463
-0.133761
0.296852
-0.0199975
0.139721
0.210943
-0.139817
0.0286836
0.141822
0.157579
-0.0997771
0.0341611
-0.0139716
0.0723548
-0.0811204
0.319705
0.0944261
0.124202
0.000120398
0.17141
-0.148753
0.139263
-0.15648
-0.0988086
-0.0672177
-0.222023
0.258569
0.0132721
-0.164542
-0.0712414
-0.0208892
-0.432862
-0.0258945
-0.0536168
0.116907
0.391136
-0.445126
-0.68706
0.0895723
0.110715
-0.386335
0.972862
0.0896361
0.191804
-0.410593
0.13678
0.0152683
0.083287
0.18531
0.127966
-0.0297597
-0.0506177
0.043376
0.142078
-0.287193
0.0965781
0.284873
-0.0980309
0.288828
0.182796
-0.000218332
0.0255545
-0.104578
-0.0735581
-0.338305
0.0269122
-0.0595313
0.0649587
0.246896
0.0151341
-0.00537098
-0.0580857
-0.158064
-0.435382
-0.0210632
-0.039474
0.170787
-0.291652
-0.107094
0.30341
0.11136
0.104774
-0.236006
0.0151799
-0.375623
-0.397695
-0.149249
-0.263046
-0.144963
-0.318486
-0.233271
-0.0391412
-0.134154
0.101573
-0.345262
-0.643417
0.103481
0.177994
0.356131
-0.13244
0.0517153
-0.0204393
-0.0374688
-0.0371321
-0.173701
-0.129016
0.571124
0.0649086
0.503184
0.105571
-0.00541172
-0.190045
-0.234242
-0.146987
0.273025
0.225931
-0.00271997
-0.36613
-0.0310671
0.102046
-0.170173
-0.0919609
0.0546036
0.209254
-0.0233188
-0.153931
0.283132
-0.132849
0.344174
0.24229
0.154153
-0.181642
0.0183551
0.279082
-0.0894062
-0.503295
0.0996702
-0.0716385
0.366668
0.975148
-0.635755
-0.368903
0.301573
-0.169751
-0.0113616
-0.136271
0.246878
-0.0698591
-0.456906
-0.0930876
0.128106
0.0638637
-0.180344
-0.0851733
0.258849
0.126043
0.0224557
0.0344894
0.140949
0.136258
0.00595204
0.109659
0.130841
0.029321
-0.0706255
0.0506475
-0.0458655
0.319715
0.329151
-0.149311
-0.21907
-0.0536847
0.2034
0.143591
-0.24068
-0.119601
-0.35313
-0.158528
0.126446
-0.139167
0.145832
-0.071574
0.183842
0.00574211
0.0302432
-0.178297
0.194276
0.018777
0.543086
-0.195798
-0.0296332
0.395216
0.0837775
-0.0733248
-0.433829
0.2837
-0.0201362
0.0926691
0.133142
0.0917582
-0.132313
-0.0108245
-0.0362865
-0.397682
0.0169892
0.11103
0.345761
0.0924715
0.279396
0.14127
-0.158644
-0.408025
-0.0363555
-0.193268
0.104489
0.273615
-0.0592675
-0.273296
0.182321
0.166222
-0.0708663
-0.193693
0.0515374
0.0355312
-0.101142
0.118249
0.0515904
-0.265358
-0.00319241
-0.0451396
-0.37746
-0.0288465
-0.152213
0.129553
0.188693
0.1725
0.230898
0.158143
0.0643651
0.0356871
0.102318
-0.0359438
-0.0537577
0.050066
-0.0254631
0.0315293
-0.193296
0.163711
0.0925908
0.142745
0.31278
0.0621601
0.0330463
0.237053
-0.00909741
0.187464
0.276752
0.23416
-0.00519841
-0.0088056
0.158522
0.108391
-0.119319
0.0392459
-0.214725
-0.276919
0.078948
0.18401
-0.110219
-0.230497
-0.156106
-0.0392516
-0.160904
0.188321
0.236805
0.0382209
0.151999
-0.189194
