0.211902
0.0404443
0.519652
0.20902
0.0582277
0.0283208
0.071926
-0.257749
-0.170709
-0.344717
-0.231161
0.146864
-0.0640115
-0.190328
-0.0353018
-0.169168
0.211999
-0.0661731
-0.839759
-0.0939595
-0.0177359
0.240878
-0.18148
0.046346
0.0564626
-0.0168566
-0.268062
-0.264614
0.00912494
0.165895
-0.202198
0.285221
-0.0431813
0.11829
0.0772793
-0.244393
-0.2085
0.239791
-0.00202652
0.0351947
-0.416268
0.126155
-0.0110982
-0.250185
0.122362
0.0288424
0.109335
-0.270423
0.00443025
0.150915
0.140906
-0.0360003
0.267097
-0.0123458
0.0155452
-0.199851
-0.162109
0.22024
-0.0549005
-0.00696614
-0.00812002
-0.138998
-0.247089
-0.0160803
-0.14182
0.314531
0.143699
-0.0337452
-0.00684168
0.0407682
-0.0248807
-0.225381
-0.159167
-0.246492
-0.885374
0.129903
-0.114606
-0.0298781
-0.242354
0.0946242
0.243881
-0.0255964
-0.113046
-0.0262474
0.00221556
-0.502946
-0.0423919
-0.154019
0.158622
0.0225563
-0.00692161
0.159573
0.00930172
0.0836552
-0.0924134
-0.187174
0.0143955
-0.0527849
-0.159417
-0.160099
0.0958257
0.496612
0.01693
0.00570014
0.00534481
0.06588
-0.119875
-0.0871124
-0.199242
0.106752
-0.0956798
-0.156146
0.25943
0.290763
-0.110771
0.389302
0.568609
0.246341
-0.176036
0.0450167
-0.038545
-0.145271
0.438236
0.14452
0.77407
0.197441
-0.0455379
0.267659
-0.130718
0.0465611
0.0495791
0.179021
-0.362965
0.0241628
-0.169072
0.0814279
0.111586
0.0555789
0.229876
0.0163801
0.254091
-0.0833644
-0.295956
-0.0584982
0.380486
0.0843012
-0.136938
0.0527478
-0.213028
-0.253496
-0.18292
-0.0682581
0.234025
0.381703
0.341376
-0.0836374
0.259322
0.0850458
0.556535
0.0867842
0.018199
0.0231141
0.168087
0.0525291
0.298116
0.0344506
-0.0869838
-0.0548161
-0.227449
-0.311039
-0.166983
-0.0670889
0.340321
-0.229588
-0.180728
0.0908339
0.210785
0.0123314
-0.0476886
0.122732
-0.407794
-0.20498
-0.140678
0.321238
0.033675
0.184594
0.447347
-0.14591
0.0254736
0.131082
0.204372
-0.0813321
0.0234735
0.517879
0.448296
0.265244
-0.0493458
-0.0203452
-0.190083
-0.0755534
0.192398
0.240334
0.300134
0.0978983
0.0659693
0.0458588
0.28279
-0.00718843
-0.0582695
-0.227614
0.221351
0.605052
-0.0834945
-0.41367
0.121452
0.128581
0.0198832
-0.018603
0.142116
0.0674258
0.216366
-0.0726253
0.0575992
0.416759
0.205713
0.552074
-0.223303
0.104567
0.135167
-0.0153934
0.169108
0.285694
0.573524
-0.112635
-0.00967531
-0.219652
0.280818
0.390643
-0.198342
-0.155765
-0.114817
-0.395802
0.113938
0.209306
0.454032
0.0515285
0.0714422
0.141222
0.194844
0.00783792
0.18589
-0.134497
-0.227686
-0.157986
-0.0965349
-0.0748848
0.0158498
0.139016
-0.171421
0.139948
0.0612908
-0.306698
-0.0504856
0.134715
0.427729
-0.176905
0.221079
0.063135
0.0816984
-0.0388312
0.215868
0.0909303
-0.00905785
0.361118
0.0966794
0.0170607
-0.473633
0.0496833
-0.187446
0.468789
0.0725977
-0.423251
-0.00514484
0.118376
0.217638
-0.221524
-0.00565995
-0.248217
-0.259963
0.273805
-0.114548
-0.473574
-0.84355
-0.116872
-0.0719682
-0.0868279
0.483916
-0.0410833
0.166504
0.236223
0.217981
-0.0270964
0.145151
0.443159
0.0376474
0.193124
-0.0385745
0.0491789
-0.259205
0.103394
0.118863
0.312849
-0.466608
-0.173126
0.0805836
-0.0756782
0.0384633
-0.0737752
0.0122652
0.209648
0.0148233
-0.117712
0.166657
0.202848
0.174044
-0.149403
-0.0862847
-0.483246
-0.317313
0.22744
0.0668708
-0.101007
-0.187106
0.00257104
-0.234977
-0.176213
-0.0469546
-0.0303988
-0.162269
-0.2436
0.258392
-0.0349813
0.148766
-0.067326
-0.195467
-0.0175385
-0.0505727
-0.174298
-0.158307
-0.146663
-0.109587
-0.0610416
0.0342305
0.141759
0.585074
0.484387
0.476654
-0.0201582
0.477068
0.50983
0.327048
0.379993
-0.185934
-0.0630179
-0.449586
0.3091
0.113197
0.245591
0.0198906
-0.426528
-0.236224
0.348835
0.103674
-0.158818
-0.447559
-0.127076
0.298544
0.1159
0.548909
-0.223457
-0.316483
0.525055
0.460176
0.422305
0.238875
-0.0289709
-0.00199129
0.130713
0.0973678
0.0262437
-0.045426
-0.455045
-0.236424
0.35942
0.00837331
-0.0929371
-0.0852129
-0.0367008
-0.144193
-0.173079
0.154608
0.0442392
0.0773062
-0.001335
0.160334
-0.492006
0.247622
0.0227141
0.0556626
0.634228
-0.0908016
0.0860906
0.293885
-0.438675
0.0446402
-0.21244
0.121505
0.325546
0.304846
0.310552
-0.0414126
0.100037
-0.16331
-0.204275
-0.161786
-0.258366
-0.333374
-0.0583333
0.106495
-0.626339
-0.0653165
-0.392614
-0.223524
-0.331611
-0.162168
-0.212925
0.181196
-0.270565
0.191887
-0.302085
-0.17676
0.018018
0.42511
0.0382899
0.0471403
0.0637736
0.123019
-0.328002
-0.652155
-0.0400213
-0.0101274
-0.0130448
0.17004
-0.342957
-0.0320873
-0.135669
-0.103544
0.107499
0.0148595
-0.362413
0.250643
-0.057052
-0.233117
0.190214
0.136401
-0.052338
-0.269355
0.050783
0.0380675
0.00647946
0.132388
-0.00222787
-0.272802
0.13806
0.0734581
-0.297687
-0.235101
0.424133
0.223647
-0.0530845
-0.156767
-0.458831
0.191092
0.0159649
-0.0545075
0.442923
-0.437691
-0.213949
0.105743
-0.576741
-0.101062
0.0434291
0.0667641
-0.201893
0.155357
0.172892
0.115178
-0.144787
-0.0756557
-0.064533
0.0124947
0.210062
-0.0141764
-0.0354518
0.0381435
0.368403
-0.353517
-0.0646657
-0.405479
0.0946079
0.0571011
0.0451251
-0.101641
-0.118128
-0.295448
-0.0443945
-0.00529838
0.095555
-0.146612
0.142212
0.405503
-0.036503
-0.0461309
-0.123871
-0.0505134
0.0340653
0.0469909
0.0205938
0.256792
0.0389449
0.0999164
0.341529
-0.167899
0.232112
0.0374035
0.225278
-0.0954348
0.0676429
0.0674055
-0.292487
0.0636266
0.159391
0.805307
-0.0439613
0.116617
-0.0765688
0.000930539
-0.00143701
-0.106816
0.0424962
0.141848
0.300376
-0.0881535
0.17638
0.330179
0.137135
-0.0463922
-0.45728
0.0435355
0.412204
0.184757
-0.00491137
-0.213012
-0.0248923
-0.148085
-0.051885
-0.342279
-0.0329149
0.0089235
0.0104229
-0.0417257
-0.013087
0.206225
-0.255179
-0.0236991
0.320132
0.48062
0.264163
-0.117215
0.0816998
0.100767
0.169121
-0.0890661
0.127482
0.0650469
-0.0520837
-0.00975093
-0.608193
-0.126509
0.151084
0.150518
-0.301473
-0.410251
-0.557145
-0.603178
-0.381333
-0.28202
-0.0899029
-0.117362
0.30017
0.172252
0.273564
-0.0199765
0.172006
-0.171749
0.0174539
-0.663377
0.0588134
-0.249153
-0.00133602
-0.0904491
-0.444745
0.0181129
0.304336
0.281127
0.00964814
-0.0038421
-0.0362378
0.235103
-0.142793
-0.0634385
0.371093
0.11163
-0.0293207
-0.210614
-0.412528
0.0750018
-0.0175091
0.153072
0.0214682
0.19371
0.379777
0.0298031
-0.0491887
-0.0890584
0.289304
-0.0416529
-0.373216
0.143645
0.598275
0.331365
-0.131351
0.328756
0.125855
-0.0625285
-0.0345909
-0.258525
0.00853989
-0.00810676
0.0286626
-0.263667
0.0829691
-0.0498528
0.278338
0.0991996
-0.0122428
-0.29785
-0.257451
0.101094
0.160165
0.251123
-0.194626
0.0267212
0.276186
-0.19785
0.182058
-0.26885
0.166815
-0.108335
-0.166028
-0.264164
0.0848445
0.0116555
0.165672
-0.108861
-0.400797
-0.289457
-0.0178365
0.301644
-0.093745
0.057541
-0.223513
-0.0822748
-0.0525378
-0.0364243
-0.252057
0.378588
-0.159672
-0.160063
-0.040776
-0.131082
-0.180797
0.0386637
0.252847
0.240851
0.281413
0.843674
0.00638723
0.47873
-0.1769
-0.162232
0.298072
0.0308322
0.286128
0.179601
-0.359153
0.15552
-0.0464229
0.234031
0.428715
0.0102333
-0.280216
-0.0640388
0.236389
-0.180674
-0.185699
0.117853
-0.0909892
-0.00196608
0.300846
-0.174613
-0.317736
0.300235
-0.0768849
-0.106396
-0.129602
-0.293062
-0.161231
0.0616019
0.100827
0.0471415
-0.158631
-0.273216
-0.0246961
0.00393613
0.202129
-0.130482
-0.133686
0.181739
0.731223
-0.0495976
-0.00675654
-0.0336538
0.00459726
-0.133421
0.00541585
-0.118025
0.125927
0.365448
0.241812
0.139522
0.0534896
-0.131728
0.177212
0.097893
-0.0597121
0.0647095
0.0769912
0.0591039
0.032553
0.0929932
0.0178089
-0.15123
-0.394733
-0.805443
-0.371392
-0.0404678
0.0685271
0.137515
0.0307587
-0.217073
-0.0464666
-0.0763524
-0.236003
-0.182504
0.12163
-0.00397914
-0.016414
-0.0507731
0.000995026
0.19692
-0.198817
-0.133789
0.0190959
0.161318
0.0917987
-0.170102
-0.0994916
-0.365036
-0.0507984
0.119053
0.0830846
0.368467
-0.272207
0.0372213
0.126226
0.358223
-0.0894061
0.123733
0.176689
-0.156523
0.0374635
0.13229
-0.181567
0.170963
0.107549
0.153635
0.193936
-0.0159971
0.33002
0.278775
-0.122063
-0.0267983
-0.381485
0.34068
-0.121067
-0.599323
-0.171367
-0.161589
-0.131861
0.217899
0.00972225
-0.350406
0.0984512
0.243109
-0.0197713
0.136585
-0.0840558
-0.0652408
0.0873493
-0.117727
-0.146821
-0.182955
-0.230766
-0.115
-0.0934272
0.137759
0.308482
-0.0433478
-0.366503
0.18112
0.00208571
0.12196
-0.255517
-0.121798
0.338944
-0.161075
-0.00893048
-0.362946
-0.435543
-0.468467
0.0108497
-0.0638099
0.0489457
-0.655852
-0.382179
-0.0695357
-0.200647
-0.0604832
0.12077
0.364423
0.430686
-0.124866
-0.414384
-0.0740251
-0.177224
0.129818
-0.037417
-0.207133
-0.0395151
0.139749
0.0896307
0.206863
0.0125986
-0.345656
-0.104575
0.365108
0.126701
-0.0842013
-0.00266405
-0.291912
0.236409
-0.025904
-0.0953566
-0.224091
-0.113051
-0.0433164
-0.263648
0.00947282
0.264621
0.0644218
0.101057
-0.00985378
-0.138608
-0.0694289
0.127447
-0.116407
-0.263559
0.08306
0.347001
0.65698
0.447128
0.135581
-0.244526
0.28849
0.0321441
-0.0942899
0.0522154
0.355849
-0.21563
-0.221717
0.00455358
-0.241435
-0.210511
0.864479
0.0921856
0.0557669
0.0490766
-0.203946
0.156074
-0.062412
-0.0862211
0.00526719
-0.117314
0.050754
0.42666
0.0154729
-0.0557231
-0.13967
0.123582
0.120168
0.0257025
-0.215527
0.392879
0.0107392
0.0244997
-0.0266052
0.205318
0.372929
0.150933
0.110049
-0.158999
-0.194541
0.267724
0.0728905
-0.258594
-0.0527177
0.226443
-0.0806581
-0.352315
0.346964
0.291243
0.073265
0.0559516
-0.12195
0.309976
0.529486
-0.0163095
-0.19023
0.0148278
0.108302
0.019732
-0.0743326
0.0604054
0.442062
-0.116963
-0.177147
0.306439
0.120823
-0.156145
0.0901959
-0.283102
-0.408973
-0.476476
-0.113498
-0.0819521
0.0774285
0.0561847
0.0155877
0.290773
0.34737
0.270224
-0.302464
0.00922325
0.132293
0.0038835
0.107544
0.359543
0.378502
0.477151
0.147096
0.29318
0.013343
-0.0208896
0.176343
-0.26753
-0.0400249
0.120114
0.236754
0.0668688
0.0904655
-0.274661
-0.0474607
-0.0124727
-0.239839
-0.293249
-0.214653
-0.125173
-0.0116091
0.25167
-0.0724353
0.0534699
0.0181938
0.292296
0.429645
0.0461422
-0.140916
-0.240841
0.0401343
0.149832
-0.0507549
-0.0911122
-0.007918
0.0570122
-0.0685717
-0.109838
-0.278951
0.407737
0.160195
0.509904
0.280135
0.0144137
-0.123038
0.127536
-0.0544358
-0.115644
0.0453571
0.249408
-0.467618
0.0169619
-0.0433253
0.0717375
-0.12451
0.0280602
-0.0347662
-0.029535
-0.207952
-0.416953
0.100979
0.38936
0.170745
-0.159913
0.000718332
-0.356838
0.0679542
0.0311919
-0.0386206
0.601173
-0.0489794
0.0252766
-0.131949
0.11617
-0.52149
0.655821
-0.0964915
-0.0309711
-0.0963435
0.307737
0.226398
0.0174165
0.255035
0.00380324
0.0118711
-0.361472
-0.402735
-0.00449456
0.0943992
-0.153043
-0.231659
-0.0490054
-0.269386
-0.00441698
-0.391365
0.00362532
0.201449
-0.282195
0.118287
0.0726805
-0.00111462
0.129876
-0.0179633
-0.294732
0.248361
0.395271
0.0619401
-0.135354
-0.108224
0.0878228
-0.152086
-0.0109578
-0.00511893
-0.0666368
-0.0999807
0.201357
-0.0715216
-0.0169011
-0.382601
0.276072
-0.0468215
0.0314561
0.335004
0.115511
0.0879438
-0.117663
0.0403346
-0.0166156
0.0841416
0.0903627
0.0154615
-0.103208
0.202451
0.385959
0.372142
-0.0267205
0.0416209
0.0353533
-0.115275
-0.34381
-0.274579
-0.0906861
0.0763749
0.269427
0.238323
-0.0983119
0.141473
0.0840466
0.083632
0.252579
0.00696792
-0.0920594
-0.167661
-0.11671
0.141904
0.0228673
0.0409871
-0.0810521
-0.0810224
0.294636
0.124207
0.303043
0.532715
-0.44549
0.0910385
-0.0640813
0.0190047
0.0135483
0.199872
-0.353825
-0.232889
0.0819177
0.0026403
-0.487892
-0.0194828
-0.312978
-0.0224049
0.0310665
-0.132561
-0.277166
-0.288253
0.161287
0.0353853
0.21697
0.21566
0.0594833
0.0424421
0.0812534
0.0356003
-0.132089
-0.255126
0.276493
-0.0462407
0.0244833
0.188224
0.0123797
-0.109179
-0.145769
-0.0158514
-0.139419
-0.152416
-0.0547276
0.0933373
0.0016411
0.142695
-0.262341
-0.0884517
-0.0341823
0.0864303
-0.0767716
0.123922
0.058432
0.000276999
0.0451171
0.00897708
0.354752
0.466169
0.398653
-0.208321
-0.205717
-0.247619
0.143378
-0.87883
0.561484
0.0277851
-0.154351
0.0933885
0.0147384
-0.0693885
-0.0594993
-0.536109
-0.0733579
0.311953
-0.0314135
-0.14599
-0.154486
0.311287
-0.0154508
-0.0272736
-0.0792242
-0.183368
0.055023
0.0061189
-0.181441
-0.177951
0.0438625
0.208243
-0.146487
-0.173086
0.0517014
-0.143126
-0.00532297
0.0123283
0.0313327
-0.464253
-0.00538373
-0.0897689
0.381915
0.265643
-0.237814
0.020416
0.215309
0.0380796
0.0989108
-0.276567
0.242445
0.031438
-0.089516
0.0112658
0.9493
0.339193
0.3852
0.424144
0.191952
-0.137653
0.0849027
0.206719
-0.109218
-0.0460901
-0.0837069
0.0136049
-0.254566
-0.0882564
-0.247587
-0.661113
-0.288646
-0.155318
-0.42495
-0.00452203
-0.421424
-0.60199
0.167941
0.117826
-0.0654556
-0.163731
-0.047376
0.0018215
-0.123786
0.0172847
0.160708
-0.00905921
-0.13142
-0.117754
-0.0894927
0.205712
0.0516874
0.208114
0.408086
0.00554233
-0.285137
-0.257706
0.0774978
-0.43544
-0.259097
0.115874
-0.0758427
0.105703
0.166444
0.159565
-0.0596277
-0.436181
-0.410628
-0.316727
0.170022
0.0780917
-0.0413504
0.0893964
0.0416954
0.0984492
-0.0778833
-0.135816
0.248348
-0.293119
-0.357744
-0.0658416
-0.184313
-0.433072
0.0470372
0.164993
-0.0419813
-0.0648457
0.127743
-0.010319
0.0828317
0.0253203
-0.0125765
0.0646635
0.218824
0.014952
0.309857
0.110257
-0.0206047
-0.0706242
-0.207777
-0.233636
0.0623975
-0.326266
-0.367527
0.0510228
0.010679
-0.559546
-0.127672
-0.130942
-0.258813
-0.282828
0.101279
0.167761
0.00124642
-0.174594
-0.553672
0.368518
0.359397
-0.109391
0.108368
0.065997
-0.04469
0.146109
0.0307412
0.0511368
0.0220637
-0.0870176
-0.0149714
-0.0516097
0.118128
-0.0122334
-0.133282
0.293833
-0.146945
0.176895
-0.252711
0.268494
-0.13204
-0.00296329
-0.275273
-0.0834649
-0.083244
0.354456
0.390769
0.22854
0.194769
-0.235575
-0.222347
0.233749
-0.207157
-0.0181857
-0.000375883
-0.238408
0.0110735
-0.15629
-0.0053857
-0.438184
-0.077779
-0.219029
0.084139
0.0539583
0.103059
-0.00756364
-0.170887
0.612111
-0.143047
0.0441848
0.269518
0.255226
-0.193305
-0.113934
-0.25291
-0.511181
-0.13996
0.192374
-0.16599
0.088865
0.0853391
0.223018
0.554308
-0.190612
-0.0268307
-0.0814245
0.0316465
0.27574
0.162579
0.0660802
0.0439079
-0.197786
-0.144664
0.0278639
0.00820199
0.00992321
0.0708665
0.00144321
0.0501331
-0.187138
0.00571451
0.166262
0.0084273
-0.158678
0.0379517
0.376096
-0.0189271
-0.154914
-0.365604
-0.0560055
-0.350223
-0.547567
-0.0405157
0.203409
-0.245849
-0.0922202
-0.0252727
-0.110287
-0.0663919
0.182836
-0.348868
0.503763
0.0622404
-0.347308
-0.326664
-0.0644862
-0.0345957
-0.0821534
-0.082863
0.176269
0.087451
-0.284655
-0.0318125
0.043748
-0.556842
-0.104812
-0.194392
-0.0650488
-0.210839
0.0311094
0.0735523
-0.126637
0.0476312
0.0692624
-0.0331055
0.23525
0.19005
-0.287928
-0.18275
-0.0932603
0.0356761
-0.0917394
-0.156197
-0.467876
-0.547447
-0.22769
-0.360199
-0.113799
0.08229
-0.152108
-0.096933
0.572863
0.210755
0.193427
-0.0391423
-0.214281
0.146246
0.00615128
0.0646318
-0.0221988
0.107562
-0.121121
-0.00984204
-0.199749
-0.117236
0.0158497
0.0459602
0.100628
0.262835
-0.0728837
-0.143166
0.173993
0.54438
0.0673259
-0.149878
-0.0422607
-0.060158
0.15131
0.174964
-0.0202656
0.28829
0.135541
0.0404943
-0.0389385
-0.146309
0.0926345
0.188631
-0.235481
-0.17351
-0.334581
0.00238783
0.14648
0.177281
-0.0511182
0.0910757
-0.123126
0.123735
0.0545063
0.189512
-0.0131856
-0.118536
0.0060691
0.218526
-0.271925
-0.0455477
0.0169148
0.890973
0.233443
-0.188137
0.0849509
0.013138
0.0922133
0.268421
0.495793
-0.191457
0.00347128
0.124283
-0.167834
0.0625163
-0.302918
0.0578355
-0.13852
0.127383
-0.0556269
-0.346196
0.233083
0.05372
0.119745
-0.123111
0.293917
0.282436
-0.0287001
-0.0218411
-0.0195889
-0.219371
0.542309
0.0738969
0.621638
0.011035
-0.482879
-0.0384056
0.165273
-0.141592
0.175502
-0.107015
0.227506
0.0682321
0.340062
-0.22014
-0.173798
-0.448291
-0.393147
0.066551
0.315282
0.131755
-0.178921
-0.1634
0.288307
0.125935
-0.516076
-0.54488
-0.0437927
0.030276
0.00953938
-0.0736884
-0.334659
0.218533
0.837144
0.184947
-0.23197
-0.0517895
0.115346
0.18119
0.261528
-0.40401
0.119952
0.158992
0.196992
-0.154386
0.0666389
0.155731
0.4284
0.190639
-0.0560488
-0.0827462
0.000372883
-0.428692
-0.37274
-0.261067
0.113353
0.0660092
0.0209702
-0.145791
-0.462941
0.228613
0.0102222
-0.171402
-0.214641
-0.465362
-0.137154
-0.0392483
-0.00977292
-0.0435682
-0.0521262
-0.375785
-0.354886
-0.425416
-0.0643554
0.178135
-0.0858063
-0.0977251
0.218985
0.188609
0.110997
0.0577242
0.285045
0.176058
-0.189261
-0.263115
-0.280327
0.111142
0.356481
0.164463
0.0628111
-0.272922
0.0407165
-0.202844
-0.184687
0.0993407
0.178305
-0.0376593
0.0379607
0.00889881
-0.120573
-0.0705698
0.189552
-0.160643
-0.0136302
0.0631698
-0.0753199
-0.182385
-0.0298837
-0.116785
0.118626
0.270221
-0.129661
-0.088125
0.109739
0.198825
-0.0017968
-0.0393253
-0.286888
0.0856021
-0.148618
0.00297085
-0.0713828
-0.225686
-0.401854
0.050418
-0.0123788
0.095799
-0.0236131
-0.045055
0.0364743
0.234037
0.0375073
-0.359117
0.219503
-0.124324
0.212054
-0.0845263
-0.117625
-0.367343
0.622829
-0.183733
0.140092
-0.118421
0.0332694
-0.36819
0.0042298
0.0674086
0.108302
0.113131
0.0428602
0.416973
0.243525
0.291754
-0.0789897
0.0730382
-0.198341
-0.486109
0.111608
0.191781
0.126994
0.221989
0.0254893
0.153913
-0.131666
-0.00977883
0.0321546
-0.228898
0.0590682
-0.0883884
-0.0993283
-0.339536
0.104216
0.122878
-0.0289132
-0.166765
-0.345126
-0.138394
-0.0077737
0.142549
-0.00757746
-0.379096
-0.191063
-0.0534636
0.0600893
0.0780349
-0.176439
-0.0171568
0.0697555
0.160301
0.0695612
0.326973
0.0161521
-0.399174
-0.0933058
-0.0944023
0.0125521
0.168698
0.0839578
-0.131495
-0.353944
0.300059
0.0349513
0.106538
-0.0658683
0.292549
0.00736041
-0.0508599
-0.0547579
0.142932
0.581516
0.46403
0.0692758
0.0443656
-0.123549
0.0480404
0.0160796
0.163855
0.107489
0.0422363
-0.00564505
-0.0462126
0.0969461
0.198323
-0.397476
0.0353491
-0.0228756
-0.237535
0.074328
0.582366
0.0684211
-0.0676944
0.215881
0.228875
0.0531035
-0.407813
-0.234277
0.232931
-0.188821
-0.362208
-0.661716
0.107935
0.0274827
-0.156366
-0.529387
-0.00442706
0.31557
-0.202181
0.00373288
-0.0193902
0.0285108
0.00206981
-0.0142027
0.101762
-0.392614
-0.378698
-0.426868
-0.383447
-0.494692
0.0416304
-0.535193
-0.0575164
0.179629
-0.0368005
-0.269266
0.0505847
-0.0429159
-0.103415
0.01255
0.0120646
-0.0168085
-0.0994953
-0.242935
0.0627858
0.0572054
0.139608
-0.142459
0.168572
-0.0579141
0.156842
0.0702328
0.0380747
-0.761836
0.04334
-0.230439
-0.00503181
-0.231752
-0.0593597
0.0233665
0.398072
0.161773
-0.0770976
-0.15128
0.278276
-0.109726
0.040169
-0.01739
0.0971562
0.0430665
0.172472
0.136655
-0.271839
-0.12532
-0.0264147
-0.0393942
0.514205
0.348718
0.334301
0.456187
0.154041
0.0740671
0.324341
0.456246
0.0309706
0.0251442
-0.0429902
0.0272062
0.0562876
0.0428452
-0.0818392
-0.368055
-0.142561
-0.034382
-0.0140207
0.0166814
-0.205762
0.269147
-0.0112027
0.0190179
0.176041
0.0612972
0.164306
0.0124366
0.237074
0.245105
-0.317597
0.0269915
0.373667
-0.194236
0.0140514
-0.25779
-0.377788
0.307537
0.113488
0.139776
0.11453
0.0452141
0.0584045
0.167207
-0.369754
0.0884688
0.0068578
-0.214063
-0.410673
-0.25008
0.102075
0.0586202
0.272218
-0.28593
-0.0707969
-0.142953
0.459746
0.154145
0.164111
0.49284
0.112964
0.168895
0.00450229
0.0501555
-0.145971
0.117807
0.0865452
0.710892
-0.119139
-0.011142
0.293947
0.0499785
0.0107474
0.00703432
0.0808009
-0.124672
-0.286091
0.433592
-0.394609
-0.0461108
-0.115093
0.331014
0.21271
-0.177791
0.245786
-0.200821
-0.2492
0.0185181
-0.115161
0.150558
0.0207988
-0.0233811
0.134977
0.274475
0.0445993
-0.00385833
0.0612622
0.0682534
-0.231191
-0.138947
-0.264556
-0.11611
0.107616
-0.155085
0.0443102
-0.194328
-0.457959
-0.523464
-0.211758
-0.0775874
0.165464
-0.298588
-0.393283
-0.00141356
0.0453194
0.0963224
-0.110077
0.0405351
0.0524503
0.00837591
0.115471
-0.158016
-0.351144
-0.124203
-0.0887933
0.0185688
-0.222896
0.433606
-0.0786821
0.199015
0.249537
0.149765
-0.162725
-0.200925
-0.00385492
-0.233437
-0.0308294
0.219212
-0.0181757
-0.0783195
-0.12649
-0.821627
-0.144003
0.0270314
0.0313036
0.0966037
0.0441784
-0.331496
-0.0300986
0.0446003
0.100587
-0.0549455
-0.175482
-0.0882511
-0.109962
-0.0277011
0.0184161
-0.185371
-0.407657
-0.344851
-0.130561
-0.11016
-0.159144
-0.0847848
-0.0129686
0.0752349
-0.276567
-0.0230746
0.107373
-0.205713
0.153015
0.0990642
0.112958
0.0438475
0.0363915
0.00405559
0.289465
0.0119292
0.0514306
0.00924434
-0.393009
0.249622
-0.0369556
0.0110897
-0.232365
-0.0195429
-0.0716152
-0.00693397
0.0334846
0.0109781
-0.151547
0.217371
0.126418
0.128144
0.0642561
-0.351917
0.0465755
-0.123926
-0.188056
-0.0627935
-0.00789474
-0.20433
0.0790517
-0.249796
0.159228
0.0458812
0.536689
0.274391
0.478452
0.689676
0.250082
0.131731
0.178533
0.000276069
-0.132234
-0.42484
-0.0701088
-0.176627
0.468491
0.02766
0.50477
-0.0976699
0.254269
-0.316581
0.0338455
0.0729735
0.00344163
0.304943
0.142281
-0.115982
-0.246975
0.000854159
-0.239225
-0.256518
-0.581813
-0.542782
0.0249588
0.0815828
0.0816642
-0.135133
0.0676026
0.30713
0.126765
0.194382
-0.0425425
0.153288
0.0379425
0.212961
-0.11411
-0.321772
-0.150831
-0.127532
-0.388448
-0.177257
-0.149829
0.120171
0.00728816
-0.0269906
-0.00372419
0.0111673
0.0174605
0.0169901
0.437321
0.0467932
0.214186
0.0175287
-0.01733
0.15812
0.0391254
0.197084
0.0125553
0.117537
0.0291631
0.0386173
-0.0382667
-0.291535
-0.0270894
0.0500309
-0.0169588
0.0448846
0.840721
0.514722
0.259523
-0.0724729
0.0456118
-0.165739
0.0405353
0.329236
0.175322
-0.0861303
0.177653
0.053029
0.573227
0.618819
-0.189566
0.105389
-0.0585003
-0.157249
0.051973
0.102428
-0.296301
0.0703574
-0.0374968
-0.0701373
0.272498
0.00689758
0.122759
-0.0224031
0.0112557
-0.00910821
0.028838
-0.00167264
0.323346
-0.0606219
0.243908
-0.156282
0.234245
-0.0176095
0.145753
0.0379539
-0.0299638
0.0288785
-0.171103
0.0454923
0.123851
0.210663
0.131307
0.0831078
-0.00882449
-0.337118
0.102594
-0.058665
-0.314055
0.17833
-0.423638
0.232363
-0.174079
0.0419207
0.178247
0.166683
0.14526
0.269877
-0.311114
0.29304
-0.042
0.107215
-0.186509
0.418838
0.944905
0.174456
-0.025205
0.046398
-0.206408
0.00413781
-0.208341
-0.186858
0.0373356
0.0368519
-0.116535
0.29034
-0.1037
-0.00356556
0.0560813
-0.0176171
0.0491441
-0.0664882
-0.441726
0.165433
0.0585085
-0.0714795
-0.186166
-0.249917
0.0445521
0.394336
0.451406
-0.0154028
0.102379
0.0888642
0.156768
-0.24298
-0.176677
0.15094
-0.460185
0.436429
0.142428
-0.219069
0.300968
0.69161
-0.0364615
0.324145
-0.0425066
0.241722
-0.222454
-0.166457
-0.311662
0.0148856
0.0442301
0.110738
0.132317
-0.00520804
0.143498
-0.0282492
0.0819282
0.312843
0.000981971
-0.0978297
0.0347599
0.129766
0.013644
-0.364048
0.103315
-0.216643
-0.461582
-0.056316
0.117784
0.0171477
0.0138209
0.176551
0.15826
0.450851
0.104045
0.0398849
-0.169098
-0.0997132
-0.0640887
-0.184388
-0.22133
-0.224521
-0.0540504
0.211227
-0.2185
-0.0926736
-0.27028
0.12802
0.0541696
0.0174542
0.0843252
-0.0802502
0.232022
-0.0499095
0.15491
0.445916
0.00277602
0.377882
0.097306
-0.104859
0.0230305
0.129416
-0.0528229
0.178721
0.181004
0.0234173
0.302443
-0.0130264
-0.0576813
0.103805
-0.074679
0.0768994
-0.00055467
0.129626
-0.118794
0.10302
-0.0759632
-0.229698
-0.0577825
0.0407105
-0.0576457
0.0306504
0.020363
-0.371036
-0.298194
-0.100774
0.306604
-0.266925
0.0733011
-0.309578
-0.0213023
-0.0453191
0.231214
-0.0107067
0.107295
0.334403
-0.0188842
0.0344191
0.0583102
0.106954
0.0827199
0.0473694
-0.0169125
0.374502
-0.0634451
0.072865
-0.013808
0.856304
0.0318541
0.244505
-0.101115
-0.173456
0.00692391
-0.291979
-0.486519
0.0793112
0.175584
-0.205211
0.046733
-0.254337
-0.0304097
-0.015566
0.197642
-0.0856775
0.157485
-0.126804
0.118754
0.0251721
0.0589042
-0.152718
-0.190043
-0.46805
-0.209309
0.969944
-0.481923
0.0259993
-0.000560056
-0.360662
0.0477978
0.0420026
0.27653
0.306444
0.061934
0.219735
0.0564241
-0.000790081
-0.0932397
0.205534
0.208222
0.131214
-0.0732178
0.0635635
-0.116129
-0.127079
-0.116573
0.102522
0.0114297
0.286212
0.187742
-0.00657045
-0.227256
0.0666383
0.154316
0.38932
-0.0703744
-0.7665
0.145899
0.0468627
-0.0380505
-0.21262
0.409284
-0.0569202
-0.254818
0.0698928
0.0698017
0.216011
-0.0151053
0.0188025
0.0960732
0.155842
0.18217
-0.427613
-0.466604
-0.228833
-0.108212
-0.153616
0.126093
-0.20101
0.270703
0.29389
0.049268
-0.0625661
0.089576
-0.391897
0.321204
-0.0222371
0.259661
-0.126653
-0.190708
0.132064
0.223791
0.406032
0.279206
0.132052
-0.183736
-0.200664
-0.00696909
-0.0312209
0.329026
-0.172023
0.231688
-0.185189
-0.170016
-0.169295
0.046208
-0.134657
0.202666
-0.101828
-0.120562
0.0401952
-0.0983757
-0.0923744
-0.0117176
-0.0836463
-0.0706079
-0.175786
-0.532164
