0.118459
-0.193457
0.0118742
0.205662
0.258802
0.25042
0.288042
-0.0934817
0.340396
0.190434
0.0799345
0.135844
-0.125079
-0.0403403
-0.0961808
-0.200141
0.379569
0.297984
0.693574
0.372895
0.1733
0.0140911
0.243854
0.181742
0.0211614
0.151168
0.351136
0.100643
0.049778
-0.0317297
-0.0607658
-0.241067
0.114589
0.0857196
0.273836
0.320463
-0.266208
0.0817299
-0.0158624
-0.0408057
0.260545
-0.0119873
0.245186
0.242525
-0.0585655
0.25646
0.219998
0.193287
0.0323216
0.137003
0.145509
-0.149395
0.357356
0.268009
0.157214
0.0899783
0.105958
0.272629
0.151813
0.0965558
0.214621
-0.268112
0.0942207
-0.0543761
-0.0443576
0.0929016
0.0798007
-0.101727
-0.0751941
0.0465345
0.259339
0.134884
-0.0769996
-0.063026
0.093529
0.0758001
-0.1319
0.199478
-0.316669
-0.0124694
0.268202
-0.0237686
0.237329
0.0206247
0.0700276
0.269245
-0.21978
0.304566
0.170831
0.0933557
0.102875
0.130551
0.211901
0.143077
0.429509
0.408034
0.178916
0.108651
-0.208066
0.085874
-0.174014
0.419531
0.00521499
-0.545215
0.0764349
0.280633
0.238662
-0.240536
-0.0356431
0.210775
0.152563
0.137273
-0.104619
0.431705
0.269358
0.0839317
0.0884627
0.121559
0.219332
-0.19379
0.0190032
0.405378
0.343941
0.352389
0.428931
-0.00327753
0.0106053
0.198493
0.00234933
-0.245449
-0.383509
0.182172
0.412621
-0.0300107
-0.0835777
-0.0527997
-0.0735616
0.0764223
-0.0411988
-0.126244
-0.0887844
0.0683954
-0.261206
0.048196
0.242886
0.231586
-0.125693
-0.0756422
-0.328214
0.201901
-0.0890573
0.239197
-0.810238
-0.316266
0.0945625
-0.0654442
0.134423
-0.0284071
0.103367
0.104749
0.0688152
-0.141978
-0.114192
0.0845563
-0.369308
0.122347
0.157128
-0.316513
0.197282
-0.162699
-0.0229741
0.348793
0.0722883
0.0984043
0.194709
0.365716
0.530422
0.124149
-0.0320313
0.1385
-0.00358168
0.241307
-0.164703
-0.299842
0.115792
0.0872663
-0.172987
-0.0933249
0.264604
-0.202453
0.223204
0.00950299
0.903036
0.644629
-0.15779
0.193889
0.103117
0.0762024
-0.0139607
-0.335658
-0.666712
0.158379
0.133631
-0.527888
0.391116
-0.0923164
-0.165593
-0.0445775
0.031893
0.129703
0.251796
0.0705429
0.0554183
-0.228928
-0.158633
-0.0549343
-0.0330309
-0.08093
0.180226
-0.0317978
0.24029
0.340389
0.369833
0.33322
-0.497981
0.178263
0.065273
0.312827
0.315359
0.146014
0.0111598
-0.287726
-0.0572567
0.0890172
-0.16325
-0.152894
0.426722
-0.0106512
0.241964
0.317343
0.41194
0.14408
0.112354
-0.114753
-0.161553
0.00940053
-0.106911
0.0986712
0.0175706
0.07013
-0.194564
-0.21391
0.447618
0.0499921
-0.0578102
-0.100081
-0.0808417
0.0302222
0.00894901
-0.0245955
-0.0896844
-0.0234444
0.529157
-0.0374133
-0.0829782
0.39895
0.0432879
0.39252
0.0608687
0.213268
0.0319539
0.0821288
0.131699
0.180427
0.173395
0.181285
0.400826
0.237619
-0.216105
0.459246
-0.00396456
0.041217
0.138143
0.12803
0.274859
-0.0787255
0.0838028
0.0609664
0.133156
0.313913
-0.166464
0.186533
0.384992
0.184602
0.498014
0.136747
0.266476
-0.00338704
-0.0858861
-0.199583
-0.141634
-0.392664
0.0444355
-0.0581907
0.0176705
0.0563785
-0.0387426
0.467788
-0.0413841
0.0795805
-0.326357
-0.071374
-0.119576
-0.345108
-0.00275032
-0.0842643
-0.0473902
-0.0240295
-0.0973941
0.355298
0.34701
-0.0370741
0.199239
-0.20946
-0.0017562
0.604088
0.407831
0.312178
0.319428
0.00416972
0.283865
-0.0400474
-0.0202854
-0.00867887
0.0189799
-0.154697
0.370045
0.144651
-0.213126
0.0232608
0.15156
0.154399
-0.153046
0.0185573
0.108757
-0.118719
-0.0164701
-0.0641514
0.0864525
0.17674
0.187265
0.0779112
-0.105445
0.335792
0.245111
0.236037
0.21554
0.0624433
-0.238337
0.241331
-0.0581221
0.51892
0.371317
-0.0911676
0.111144
0.094843
-0.0462301
0.0941912
0.0754694
0.177728
-0.127522
-0.401609
-0.321783
-0.0110199
0.0596274
0.125142
0.254186
0.127091
0.213724
-0.0657037
-0.0265785
0.49786
-0.0784785
0.0455832
-0.24552
-0.0323732
0.278136
0.0331368
0.015061
-0.185177
-0.00812518
0.151145
0.00157527
-0.10735
-0.141171
0.21984
-0.0735641
-0.112446
0.0957199
0.31656
0.344336
0.0403757
0.32023
-0.0149452
-0.187494
0.0472754
0.210173
0.128047
0.300449
0.332346
-0.314066
-0.0879609
-0.216141
-0.211471
0.1542
0.172052
-0.0206485
0.0202886
0.296053
-0.104343
-0.190381
0.19642
0.018711
0.221835
0.0256477
0.237571
0.106247
-0.1833
-0.141984
-0.189259
-0.0147758
-0.305871
-0.133509
0.40823
0.33042
0.145454
-0.359025
-0.317387
0.0130455
-0.203358
0.0369431
0.0160971
0.249824
0.194533
-0.23052
0.251922
0.120153
-0.078259
0.0382861
0.0625802
-0.0294444
0.0822039
-0.132169
0.0451815
-0.294362
-0.238868
0.115273
0.140849
-0.0103326
0.0183585
0.345484
0.200701
0.369771
0.172993
-0.300928
-0.00503903
0.171829
-0.02569
-0.201029
0.0200815
0.0273209
-0.272162
0.170353
0.251656
0.0469322
0.0613809
0.141298
0.524878
0.0837679
-0.138265
-0.241273
0.321362
0.0132283
0.0354027
0.0318844
0.106224
-0.183432
0.0321809
-0.0190844
0.333057
-0.0237143
-0.0593448
-0.102478
0.106114
0.0518464
-0.0898329
-0.0240765
-0.21088
-0.0919002
-0.137443
0.0202038
0.162188
0.194522
0.227849
0.0765157
0.349109
-0.349369
0.113855
0.110033
0.416427
0.264128
0.327116
-0.0965146
0.175243
-0.0322389
0.00024892
0.0611826
-0.0559456
0.0815103
0.368149
-0.137612
-0.0444461
-0.131405
0.0334433
0.0547376
0.287574
-0.0253319
0.101643
0.305263
0.100879
-0.0315205
-0.0593564
0.34587
-0.239651
-0.138545
0.188311
0.295356
0.0659249
0.27727
-0.18375
0.0988918
-0.199559
0.114845
0.100149
-0.117102
0.175456
0.135555
-0.0237604
0.0446688
0.0331989
0.368016
0.202385
0.549488
-0.134088
-0.199913
-0.0379264
0.08254
0.254321
0.144928
0.0914388
0.13648
-0.00639802
0.099658
0.0598223
0.0631555
0.357558
0.00390495
0.00379587
0.215524
-0.0849541
0.120165
0.155769
-0.119172
0.0957746
0.0207186
0.158735
-0.165073
0.188011
0.343281
0.115205
0.0520775
-0.152264
0.0980127
0.332575
0.0368122
-0.0762481
0.039827
0.189077
-0.0712324
-0.0987555
0.0997833
0.1829
0.155483
0.0483289
0.41153
-0.0963846
-0.0478949
0.165079
0.0311335
0.00862518
0.105368
0.0558439
0.11063
0.295008
-0.0235753
0.0728441
0.00431833
1.03377
0.537346
-2.14108e-05
0.0938887
-0.216887
-0.0800569
0.14229
0.0724223
0.0353544
0.0181039
0.340662
0.108488
0.211757
-0.00879592
-0.0233652
0.128443
0.164584
-0.0852103
0.129002
0.727061
0.0356568
0.11594
0.228148
0.762048
0.0115314
-0.114149
0.343542
0.481764
-0.073356
0.21103
-0.0626633
0.0281944
0.0757211
0.115394
-0.0396196
0.218075
0.186977
0.16721
0.274938
0.136875
0.122578
0.256031
0.127316
-0.0273518
-0.111066
-0.0535257
-0.223138
0.160848
-0.0295554
0.0336091
-0.0316043
0.341254
0.0620229
0.111923
0.431873
0.0981062
0.162418
-0.0272633
0.183063
-0.0535175
-0.0491752
-0.393796
-0.264622
-0.16108
0.112129
-0.0610467
-0.0385587
0.0374967
-0.0840152
0.153165
-0.0116242
-0.496137
-0.154045
0.0210929
0.015802
0.00348873
-0.0119111
0.0621798
-0.0838389
0.0713976
0.120312
0.410455
0.0104574
-0.311639
0.00481049
-0.0186133
-0.49386
0.330316
-0.362739
0.278609
0.842641
0.397674
0.246827
0.185673
0.319175
0.18498
0.464518
-0.0279045
-0.225429
-0.235253
0.0975292
-0.110691
-0.0834039
0.188248
-0.125502
0.0928904
0.182663
-0.0831244
-0.0354737
-0.172512
0.215862
0.164784
-0.102346
-0.149873
-0.28094
0.489161
-0.00974614
0.0383668
0.16236
-0.0546109
0.0729603
-0.174907
-0.0520603
0.169982
-0.0722718
0.481728
0.00810918
-0.0393498
0.136185
-0.0126693
0.0906365
-0.36082
0.658548
0.612352
0.181712
0.100632
0.34783
0.715431
0.0198862
-0.24006
0.015173
-0.0143286
0.203713
-0.370893
0.0554166
-0.148254
0.0563744
-0.0744918
0.110224
-0.042935
0.22746
-0.0245785
-0.0633496
0.0767672
-0.0582464
0.0647597
0.231549
0.196391
0.0666702
0.114864
-0.0868925
0.127993
0.444098
-0.131529
-0.133295
0.0521882
0.07077
0.122091
-0.021747
-0.0564187
-0.00561932
0.24042
-0.0270203
-0.295495
0.330934
-0.142277
-0.00913324
-0.266309
-0.147308
0.16562
0.0156412
0.0838774
0.0707669
0.0497833
0.433984
0.668602
0.101198
0.213711
0.0857977
0.112827
0.250188
0.00617897
-0.165925
0.106588
0.0480245
-0.133738
-0.259967
0.0750827
0.413782
0.214455
0.12425
0.088679
0.198844
-0.1426
-0.296194
0.223547
0.246938
0.0996922
0.00364769
-0.341604
0.0246807
-0.23023
-0.0250967
-0.00328741
0.102594
-0.560283
-0.227089
-0.0797306
-0.10562
0.0933226
0.000737411
0.0963731
-0.248393
0.103017
-0.0935527
0.0143282
0.00228961
-0.20876
-0.0618398
-0.0148736
0.216415
0.040801
0.507839
0.251062
0.191092
0.0241757
0.00988709
-0.0353471
-0.697332
-0.0554598
0.0324019
-0.278329
-0.172489
-0.100657
0.261712
0.0473309
-0.0409345
0.290872
0.257677
0.0533356
-0.0308112
0.042502
0.216177
0.289458
1.12681
0.200653
0.0289861
-0.107481
-0.132018
0.147515
-0.0322487
0.133593
0.0868401
-0.285574
-0.0402203
-0.0970926
0.181983
0.783033
-0.141767
-0.0628987
-0.127959
0.437712
-0.00347325
0.0286672
-0.165706
0.137601
0.227507
0.19704
-0.328811
-0.11868
-0.231266
-0.0548343
0.217605
0.0175366
0.190988
-0.372968
0.277375
0.0932774
0.253834
0.0306657
-0.0458938
0.40585
0.043455
-0.0851445
0.481637
0.183463
0.324735
-0.0620398
0.148806
0.203543
0.165121
0.116494
0.13971
0.471749
0.229502
0.159877
0.126326
-0.522257
-0.0448881
0.126786
-0.0569611
-0.0165273
0.387068
-0.164131
0.154001
0.43007
0.485268
0.104011
0.074264
0.0762718
0.149841
0.0938159
0.122944
0.129561
0.690673
-0.0950992
0.0630086
0.179549
-0.00225054
-0.0651965
0.215324
0.111565
-0.0651757
0.155027
0.108426
0.293332
0.141269
0.718687
0.108422
-0.310706
-0.107639
0.0851856
-0.237818
-0.222106
0.276827
0.244444
0.343761
0.160245
-0.140286
-0.0289243
-0.0797043
0.163546
-0.0163175
0.338753
0.34157
0.0786027
-0.0533434
0.771694
0.084491
0.107251
-0.135886
0.0726116
0.0544412
0.0889227
-0.305823
-0.217043
-0.402223
0.0917655
0.109876
0.473781
-0.584875
-0.0503853
0.8701
0.472842
0.099103
0.262098
0.106821
0.260941
-0.0721949
-0.111157
0.194118
-0.1856
0.703802
0.291597
-0.0601555
0.242494
0.150223
0.132548
0.47122
-0.20951
0.078206
0.0295703
0.218473
0.097105
0.27962
0.115424
0.69296
0.582884
0.614014
0.0318784
-0.144632
-0.0257288
-0.175605
-0.163862
-0.149394
0.00826944
0.2275
0.230231
-0.0236592
0.533246
-0.0480592
-0.0708867
-0.0728132
-0.00148227
0.0313811
0.0454139
0.123936
0.421305
-0.0985598
-0.389109
-0.0449633
0.0314512
-0.0149006
0.173689
0.0765872
-0.0354786
0.288728
-0.0358253
-0.0215919
0.0885589
0.0470908
0.358917
0.14567
-0.0841059
0.141435
0.105333
-0.0335529
0.173535
-0.095111
-0.146905
-0.0768822
0.00947289
-0.186474
0.00797283
-0.0362023
-0.13913
0.329553
0.375771
0.1683
-0.0936909
0.00551617
-0.395384
-0.0529219
0.0985489
0.0139191
-0.257156
0.187992
0.0557886
0.0362699
0.372975
0.270502
0.528798
0.135697
-0.161429
-0.212034
0.324685
-0.0898107
0.0728166
0.225024
0.0675872
-0.210836
0.135044
-0.0208511
0.00090257
-0.390074
-0.530428
0.150103
0.260674
0.23031
-0.186605
0.107599
-0.0665847
-0.0950296
-0.137986
-0.000248956
-0.197112
-0.129044
-0.0621543
-0.19921
-0.074136
0.234629
0.0575673
0.00522147
-0.0392681
0.049992
0.0933549
-0.0369215
-0.180639
-0.151124
0.251464
0.42564
0.108943
0.15803
0.176004
0.130349
-0.0555287
0.0187303
0.124254
-0.275101
-0.0657756
0.062188
0.0947757
0.0747748
-0.0403383
0.421851
0.17802
0.177375
0.0152474
0.148708
0.0633156
-0.0384018
-0.0637397
0.0176435
-0.0859207
-0.113125
-0.35594
-0.0833221
0.0481283
-0.169647
0.0575661
0.0593182
0.132918
-0.0663073
0.0620097
0.0160828
0.135633
-0.265356
-0.107627
0.217427
0.204063
0.313945
0.142256
0.19156
0.0795261
-0.00632644
0.0541208
0.53957
0.00903145
0.214041
0.256502
-0.236083
0.408109
0.343674
-0.0256824
0.000202023
0.0784476
-0.0270212
0.0599775
-0.271287
-0.0603888
-0.309072
0.15673
0.0777216
0.378786
0.284593
-0.032283
-0.000568669
0.11043
0.0205403
0.0674038
0.175492
0.0347443
0.0765108
0.116859
-0.00387764
-0.0147367
0.0982256
0.346966
-0.0967578
-0.0258619
0.212522
-0.199613
-0.0935962
-0.033936
-0.016917
0.0431031
-0.0517093
0.0726355
0.278312
-0.0483975
-0.0187016
0.921551
0.329798
-0.152298
-0.0889944
0.255191
0.412343
0.674676
0.419946
0.497621
0.243471
-0.0162246
0.133485
0.352947
0.434198
-0.0402982
-0.223597
-0.0527593
0.0718789
-0.255116
0.0768063
0.615235
0.851121
0.683176
0.126303
-0.148528
0.27612
-0.18365
-0.0487164
0.333322
0.202728
0.342772
0.27595
0.0834338
-0.196357
0.482483
-0.033982
-0.160616
-0.501929
-0.0957104
0.547245
-0.202918
0.0107478
0.0964525
0.0307818
-0.141498
0.00628809
0.0626432
0.0209809
-0.152054
-0.0632007
0.158287
0.0179672
0.0161418
0.178198
-0.266622
0.156181
0.169167
0.0285699
-0.0659972
0.250896
0.441909
-0.123549
0.136678
0.912072
0.117181
0.359304
0.21869
-0.189955
0.0246952
0.0710016
0.152026
0.151039
0.0529452
0.00727156
0.324689
-0.157137
0.179458
-0.183256
0.0292823
-0.0377243
-0.0632851
0.320798
-0.0199562
0.157967
0.090777
0.252168
-0.0104839
0.129283
0.142486
-0.229551
0.148013
0.0354619
-0.175412
-0.110439
-0.0613351
-0.1492
-0.00376597
-0.125273
-0.163037
0.0672777
0.144233
0.148344
0.357477
0.212635
-0.187167
-0.301354
0.65294
0.0632082
0.0238909
0.0379668
-0.163153
0.266758
-0.335701
-0.109109
0.553877
-0.199739
-0.210602
-0.17325
-0.105305
0.230125
0.759517
-0.300465
0.204267
-0.204587
-0.0346831
0.412051
0.237744
-0.135424
-0.197276
-0.154345
0.146749
0.21267
0.263783
0.147314
-0.142801
0.216348
-0.0714998
-0.119432
0.474396
0.471443
0.0357598
-0.0464796
0.072776
0.188582
0.115544
-0.0526694
-0.278056
0.00355565
0.039193
0.399942
0.493493
0.0792494
0.0585214
0.00798639
-0.1464
0.340247
0.102958
0.136051
-0.269228
-0.038258
-0.308529
0.400239
-0.382185
-0.0553173
-0.112983
-0.109618
-0.0191719
0.103375
-0.2754
0.193176
-0.0930181
0.0125669
-0.0726814
-0.217936
0.0485231
-0.086052
0.262314
-0.459474
-0.086821
0.334434
-0.00154752
0.191698
-0.039682
-0.0409974
0.252073
0.48685
-0.229646
0.520831
0.101319
0.401938
0.372419
-0.13249
0.360852
0.0889677
-0.0021634
0.232514
0.703172
0.249182
0.734428
0.497406
0.40007
-0.0346811
0.159017
0.0509332
0.0370086
0.103536
0.468229
0.329429
-0.00642179
0.800119
-0.323641
-0.0879115
-0.585488
-0.0593372
0.286304
0.070801
-0.0363312
0.237098
0.0799892
0.0138148
0.0805638
-0.106191
-0.163824
0.310916
-0.00283437
-0.0446702
-0.0837078
0.0264268
-0.10595
0.305258
0.127167
0.119253
0.198883
-0.129187
0.000324858
-0.183075
-0.0220332
0.0228003
0.102196
-0.055417
-0.0327237
-0.0893749
0.034219
0.0446169
0.2479
-0.104269
0.109461
0.192013
0.0640538
0.339429
0.413771
1.077
0.797963
0.533864
-0.136293
0.128993
0.116723
0.386266
0.122394
-0.12847
-0.158018
-0.375959
0.146335
0.0667941
-0.193943
-0.331202
0.136275
-0.0917473
0.0938232
0.114728
-0.0477454
0.402267
0.108185
0.53453
0.150554
0.718318
0.0840739
-0.176423
0.134208
-0.0219272
0.172306
0.250438
0.211391
0.10717
-0.178764
0.45497
0.292947
-0.0418478
-0.14327
-0.239967
-0.0127234
0.010921
-0.12929
-0.18773
-0.0196355
0.70243
0.0432889
-0.274779
-0.0412264
-0.0308453
0.241235
0.315309
0.0633343
-0.193234
-0.177483
-0.152726
0.132969
0.388873
-0.172721
-0.243047
-0.138336
-0.0523701
-0.186185
-0.258865
-0.206624
-0.108468
0.0199311
-0.0259245
-0.125267
-0.0959153
0.0940933
-0.116274
0.0390314
0.316867
-0.111809
-0.053444
0.134977
0.0578308
0.162779
-0.213711
0.12308
0.395857
0.0987828
0.0321073
0.214052
-0.217012
0.304273
0.496681
-0.0981582
0.0148567
0.11895
-0.144746
0.182661
0.0344026
0.643098
0.249305
-0.100523
0.0884877
0.101376
0.174417
0.358514
-0.135366
-0.0193374
0.235464
0.0493964
0.00492577
-0.0218018
-0.0979038
0.0733056
-0.0126909
0.0333959
-0.247308
0.00178994
0.263517
0.601254
0.277758
-0.300546
0.178088
0.0264086
0.0518205
0.441071
-0.110051
0.118441
0.256709
0.0193303
0.193757
0.459963
-0.0289681
0.229234
0.0223283
-0.262476
-0.439862
0.0323582
0.0383429
0.06401
0.0621935
-0.132012
-0.421442
0.112752
-0.000767246
0.314036
-0.427554
0.119631
-0.0689519
-0.210082
0.07791
0.218031
0.303431
-0.184189
0.0689133
-0.45281
0.183794
-0.126464
0.255585
0.219272
0.151727
0.308466
0.0336141
0.00971076
-0.097773
-0.204672
-0.426286
0.0961957
-0.0667575
0.0880712
0.44528
0.444107
0.345875
-0.0364042
0.0175718
-0.00588215
0.171203
0.314962
0.141399
0.105853
-0.287611
-0.0959686
0.105533
-0.00409205
-0.275169
0.19795
0.247335
0.586877
-1.03671
-0.66261
0.045606
0.0289433
0.0736813
0.198165
0.0547028
0.0634839
-0.0733871
0.10368
-0.0051896
0.0576692
0.0460125
0.0181892
-0.124476
0.0470999
0.0506207
0.114427
-0.316495
-0.236254
0.125765
0.199794
-0.0570641
0.0890436
-0.0961613
-0.0821145
0.00698806
-0.0335641
0.0954245
-0.049587
0.0152305
0.097977
0.331331
0.0894259
0.116608
-0.194272
-0.00296868
0.191094
-0.0775273
-0.177896
0.347208
-0.0170221
-0.0658394
0.147743
-0.200505
0.213087
0.138254
-0.0478229
-0.0300561
-0.0133571
0.262857
0.214307
-0.212488
0.0309361
0.0361626
0.0619025
-0.0682752
-0.123033
0.0184294
-0.0480398
-0.289874
0.291058
-0.0164628
-0.0683584
-0.0621297
0.238467
-0.0859717
0.134316
-0.163561
-0.0222957
0.375128
0.174481
-0.00646342
-0.427822
0.10855
0.77912
0.531934
0.349481
0.0593783
0.147816
-0.0436594
0.510137
0.494299
-0.0466952
-0.112602
-0.0203009
0.00134581
-0.0953419
-0.246367
0.0293014
-0.249318
-0.307843
-0.00776531
-0.197937
0.266452
-0.0166596
0.220217
0.0658457
0.212829
0.0430052
0.154574
0.154639
0.0129251
0.211862
0.128037
0.275759
0.544366
-0.227432
0.108727
-0.357381
0.152323
-0.180339
0.245842
-0.219828
0.126112
0.185369
0.482359
0.288627
0.0170299
0.12232
-0.00361183
-0.0476415
0.216192
0.0806897
0.0627234
-0.0965732
0.182775
-0.0968964
-0.109395
0.0776906
0.149363
0.136615
-0.18264
0.378765
0.365793
-0.145498
0.151087
1.00108
-0.16988
0.0112771
0.272598
-0.14969
0.239474
-0.0827622
0.42632
0.0589857
-0.0339474
0.395555
0.196781
-0.111198
0.409554
-0.350246
-0.175909
-0.180914
-0.229482
-0.163478
-0.0364443
-0.106733
-0.176379
-0.142182
-0.00491266
-0.0167969
-0.357744
0.193329
0.301933
0.28226
-0.014606
0.139895
0.330425
-0.0101024
0.077039
0.131328
-0.248775
-0.193532
0.114726
-0.238555
0.00755641
0.257438
-0.336163
0.354345
-0.0638416
0.324489
-0.0468827
-0.146641
0.105785
0.342634
0.385928
0.134214
0.156626
0.0272241
-0.209566
0.218747
0.244931
-0.00139074
0.0781888
-0.411026
-0.108781
-0.0114591
0.268195
-0.0288804
-0.0614754
0.0692626
-0.407412
0.144001
0.0330719
0.327732
0.157963
0.141511
0.139022
-0.16202
0.0890328
0.423446
0.110289
0.105126
-0.0285259
0.0814706
-0.0628679
-0.0262213
0.157093
0.145177
0.221775
0.349259
0.181049
0.0139837
0.102113
0.177591
-0.0174821
-0.271993
0.00375711
-0.110305
-0.064259
0.0965725
0.389389
0.278506
0.159804
0.56486
0.320425
0.409891
0.200749
-0.104064
-0.107815
-0.0290384
0.0383345
-0.161863
0.0132965
-0.00407099
-0.0299585
-0.154582
0.0950526
0.0794264
0.0268936
-0.0369867
-0.143069
0.160992
0.0539431
-0.0826556
0.176131
0.226776
-0.13317
0.135667
0.287439
-0.00684551
0.374291
-0.0814496
0.0621993
0.27799
0.0539878
-0.102103
0.0405643
0.17717
0.111829
-0.0426943
0.269684
0.0452143
-0.0042331
0.202459
-0.390514
0.10739
-0.301494
0.0175971
-0.230082
-0.0771362
0.343712
-0.0450826
0.182757
0.269929
0.663444
0.0503219
0.112886
-0.0696895
-0.0260262
-0.0161833
-0.29191
0.316254
0.25121
-0.277114
0.381105
0.0107847
0.156383
-0.0582605
0.228617
0.082982
0.295573
0.0367749
-0.084793
-0.0290599
0.683492
0.0807937
-0.139506
0.182099
-0.310787
0.14866
0.31519
-0.150242
-0.341587
-0.132153
0.286266
0.381886
0.137899
-0.109839
0.36695
0.159539
0.108678
0.272893
0.0163561
0.0523508
0.301455
0.375583
0.394436
-0.00335019
-0.0336637
-0.133318
-0.0500903
0.517231
0.0775261
0.336276
-0.0559346
-0.118555
-0.0287459
0.0363045
-0.584486
-0.190257
0.0646636
0.138995
-0.120847
0.126494
0.472484
0.114007
0.319111
0.0732297
0.116124
-0.0765758
0.0846164
0.814706
-0.0401811
-0.145771
0.385735
0.139232
-0.0149594
-0.0986494
0.037638
0.248485
0.640328
-0.0709538
-0.267649
0.204039
0.28567
0.215601
-0.0518219
-0.138088
-0.050764
0.196016
0.156774
0.0154036
-0.224798
0.0866931
0.0856806
0.347249
-0.113528
0.0488341
0.322285
0.433244
-0.0432415
0.19758
-0.308487
0.197383
-0.161218
-0.0146491
0.403496
0.260939
0.47705
-0.120261
-0.00164168
0.221865
-0.0885739
-0.201705
-0.246651
-0.687306
-0.0282433
0.202991
0.0764451
0.261616
0.18023
0.00542677
0.243606
-0.0494299
-0.0800955
-0.285451
-0.448672
-0.00898435
0.12745
-0.016421
0.234933
0.426118
0.556908
0.0363332
0.169378
0.0935354
-0.0571247
0.106594
0.0359846
0.14176
0.0747639
0.245973
0.206177
0.259192
0.0479656
-0.0499373
0.153412
-0.191678
0.134531
0.0753707
-0.0928818
0.133362
-0.00721617
-0.0493522
-0.462101
0.290697
0.0547055
0.390968
0.443153
0.170874
0.0287407
0.102433
0.258316
0.195591
-0.203694
-0.0480097
-0.0340803
0.210104
0.506082
-0.00726227
0.165315
0.16047
0.278735
0.00584228
0.105437
-0.114571
-0.0871543
-0.114741
-0.18102
0.14124
0.293911
-0.0972735
0.196838
0.142021
0.0132774
0.13384
0.0478823
-0.249595
-0.222893
-0.0570948
0.0157052
0.151048
0.409588
0.0984469
-0.14179
0.168109
-0.150094
0.0844944
0.0946137
-0.0611223
0.0283756
-0.100024
0.0290367
0.076517
-0.074944
0.134
0.349044
-0.0180537
-0.488241
-0.587048
0.208235
0.35083
0.401177
0.150853
0.166986
0.107391
-0.0509595
0.0679457
0.00906699
0.211984
-0.0753113
-0.0390646
-0.142006
-0.0473736
0.0440031
-0.160715
0.315217
0.120977
0.276418
-0.0827765
0.17942
0.00544855
-0.0341027
-0.0031501
0.07982
0.121017
0.2821
0.0797582
0.0129971
0.0545251
-0.247516
-0.205023
-0.186075
-0.216201
-0.167445
0.06614
0.346756
0.0799578
-0.105843
-0.390112
0.142894
0.0830424
-0.0219238
-0.365562
0.430473
0.266889
0.287423
0.573434
-0.0340736
0.202116
0.691908
0.767067
-0.129729
0.218058
0.12704
-0.0100226
0.887616
0.262254
0.124419
0.0659018
0.054741
0.224135
-0.0130898
0.0068467
-0.0529617
0.0120695
0.100265
0.100185
-0.21583
0.0629501
0.11112
0.291223
0.0832096
0.227897
0.153217
-0.0172399
0.26805
0.282654
-0.0245881
0.0889672
-0.103548
0.189758
0.0312097
0.0640813
0.344373
0.103637
-0.0714677
0.0817015
0.422718
0.0200267
0.229321
0.0220846
0.339104
-0.000495655
0.173924
0.0422068
-0.574586
0.100161
0.2333
0.209462
-0.0469218
0.500096
0.219981
0.220601
0.12823
0.0420697
0.000416206
-0.0322061
0.211794
-0.0486494
0.0477431
0.253008
0.357102
-0.0739254
0.29453
-0.211147
0.105806
-0.043245
-0.262519
-0.151308
-0.0960763
0.045201
-0.127609
0.339268
-0.0517323
0.265059
0.0708209
-0.136814
-0.31185
0.248905
0.554993
-0.176187
0.0182422
-0.0314973
-0.170164
0.0104195
0.189864
0.186239
-0.0844669
0.191828
0.149988
-0.0226984
-0.232275
0.0742154
-0.0354516
0.51248
-0.490697
-0.302257
0.0805686
-0.103791
0.358514
0.217599
0.156488
0.264454
0.097624
0.18742
0.225435
-0.0703985
0.288272
-0.00923949
0.163328
-0.29542
0.275523
-0.22485
-0.0590516
0.211685
0.0609592
-0.16739
-0.00519249
-0.0162072
-0.398376
0.248529
0.0302564
0.274341
0.0530669
0.0238971
0.0276141
0.00260511
0.275628
0.240291
-0.177765
0.0929446
-0.0788358
-0.508421
0.305445
0.0830393
-0.218241
-0.150273
0.243194
0.28678
0.0157254
0.182696
-0.209046
0.305856
-0.168458
-0.100309
-0.00379466
0.333254
0.0420471
0.021823
-0.0932616
0.129497
0.260887
-0.0250133
-0.220387
-0.135103
5.77424e-05
0.0743742
0.0361187
-0.0640016
-0.0171363
0.0797481
-0.183639
0.181285
0.110167
0.00565725
0.0189553
-0.0216381
0.27533
-0.106176
0.056539
0.155973
0.354733
0.236312
0.1437
0.228994
-0.312473
0.0779789
-0.0208779
-0.0843886
-0.187562
0.0723538
0.0297525
0.0546695
0.298254
0.0188243
-0.013859
0.313099
0.148811
0.308726
0.206957
0.035821
-0.00684822
-0.0150699
0.165245
-0.145497
0.115184
0.314589
-0.0335526
-0.216714
0.0344029
0.0139079
0.0662475
0.00159294
-0.157888
0.0114234
0.582176
-0.0662776
0.112862
-0.209312
0.201215
0.525727
-0.0188772
0.170915
-0.316155
0.331305
0.320581
0.560843
0.412901
-0.0313721
0.201796
0.416707
0.0331147
-0.212294
0.0470902
0.766269
0.411329
0.481099
0.0432413
0.090196
-0.0507178
-0.096952
-0.153928
0.0510616
0.0028957
-0.317325
0.0161449
0.0380346
-0.0250303
0.0367876
0.248546
-0.0920654
0.0942828
-0.0231918
-0.140823
-0.0410205
0.0167796
-0.15365
0.0760986
0.0383189
-0.064494
0.164672
-0.0382734
0.0705309
0.100038
-0.075431
-0.119873
0.110012
0.150764
-0.0320603
-0.0777138
-0.122897
-0.320333
-0.176017
-0.22012
0.284782
-0.0775757
0.0145817
0.133149
-0.0668995
0.170337
0.0654033
0.185848
0.240479
0.163494
0.136323
-0.0266095
0.0865742
-0.0615054
0.294399
-0.0634023
0.104111
-0.148855
0.0297146
-0.0623359
0.314309
0.285015
0.182221
0.281187
0.198638
0.0598828
0.126762
0.177603
0.290892
-0.0708679
-0.13032
0.161055
-0.24968
0.0595335
0.053182
0.101254
0.476992
0.16393
-0.0146641
0.0998023
0.103694
-0.179278
-0.0418708
0.390633
0.0343174
0.368088
-0.0325019
-0.0628064
0.125059
0.0704288
-0.271479
-0.0606687
0.140913
0.0539085
0.0456823
0.129251
0.13027
-0.148655
0.0647155
-0.166395
-0.103349
-0.0578682
