0.138327
0.300718
0.159084
0.312713
0.00447893
-0.212189
-0.0804027
-0.172102
-0.503984
-0.00962137
0.0434349
-0.0109003
0.0291663
0.286261
-0.080167
0.425758
0.288486
0.29633
0.149454
0.0127983
-0.494525
0.206333
-0.00448842
0.0412485
-0.0958618
0.0579874
0.315784
0.183765
-0.17174
-0.36881
-0.141455
0.0366318
0.0688701
-0.140015
0.39285
-0.310314
0.052373
-0.155224
0.0523619
0.0171847
0.30142
-0.0421309
0.00141415
0.0389876
-0.142875
-0.213988
0.0356096
0.144384
0.0231672
-0.149046
-0.0614868
-0.13876
0.0137121
-0.362612
0.0592332
0.248499
0.385543
0.273584
0.0246102
-0.271085
-0.125753
0.052944
-0.0735291
0.0821596
-0.293715
-0.433446
-0.0218221
0.0411602
0.31604
0.130726
-0.0431197
0.123991
0.108663
0.0905676
0.267229
-0.0771649
0.0150839
-0.0736571
-0.173302
0.0681488
-0.00167382
-0.242071
-0.0338953
-0.0350031
-0.0278316
-0.114031
0.113038
0.251337
0.027173
0.0776622
-0.146418
-0.0905889
0.087587
-0.010529
-0.0815009
0.142617
-0.188746
-0.0895761
0.0130925
-0.0797999
-0.0507818
-0.0487615
0.189369
-0.0865571
0.435263
0.00185097
0.123911
-0.252983
0.202212
0.0403299
-0.0316704
0.299197
-0.0463364
0.206033
0.364286
-0.395204
-0.300645
-0.178444
-0.663873
-0.155072
0.111416
-0.453137
-0.130313
0.0577664
0.0356482
-0.0547049
-0.00761851
0.0038453
-0.123314
-0.183066
0.111274
0.0680786
0.0218977
0.0580662
0.236156
0.259259
-0.0796034
0.0270679
0.0552442
-0.144629
-0.50122
0.0632522
-0.332893
0.136892
0.006635
0.376002
-0.0278865
-0.195076
0.108877
0.342896
0.1011
0.30282
-0.069209
0.351901
0.0392313
0.109522
-0.567735
-0.109165
-0.180176
-0.118861
0.0730604
-0.0427891
-0.177458
-0.0630675
-0.320177
-0.0510736
-0.0167531
-0.338518
0.203416
-0.537251
-0.178724
0.236963
0.504276
-0.104978
0.0272405
0.61478
-0.157752
0.115134
-0.185574
-0.037021
-0.104829
0.353982
0.275126
0.165815
-0.0799359
-0.115666
0.363912
-0.175777
-0.205413
-0.00464137
0.611012
-0.170558
0.291372
0.204336
-0.383849
-0.186841
-0.0719719
0.00233417
0.0767075
-0.063483
0.627914
-0.0414128
-0.0458102
0.37501
0.499781
0.0228322
0.079088
0.0600426
-0.089619
0.0502556
0.717739
0.301943
0.372253
-0.204355
0.147834
-0.116682
-0.00549714
-0.0306225
-0.232171
0.389689
0.280868
0.157367
-0.0745666
-0.0391796
0.180116
0.181818
0.0816598
0.44121
-0.163719
0.126054
0.152494
0.740372
-0.098386
0.123432
-0.101917
-0.0602376
-0.162247
0.0365264
-0.174935
-0.441682
0.206283
0.323295
-0.169535
-0.306727
-0.108021
-0.0489242
0.0325379
0.106372
-0.0223724
-0.0828461
0.347371
0.410327
0.460926
0.340879
-0.0522228
0.197234
-0.246668
-0.0448586
-0.29937
0.246161
-0.554726
-0.331258
-0.0343394
0.167608
-0.0128467
0.115161
0.0586747
0.162315
0.0215953
0.066687
-0.0997517
-0.0538942
0.0660723
-0.0227942
0.03633
-0.34304
0.12461
0.0534038
-0.292443
0.277193
-0.00741209
-0.212314
-0.113149
0.00137198
-0.219996
-0.147282
-0.339061
0.125923
-0.167477
0.0318184
-0.149034
0.116689
0.819913
0.30002
0.126311
0.16577
0.269849
-0.350467
-0.700408
-0.331611
-0.0990272
0.0910578
0.211909
0.289839
0.00921346
0.254185
-0.237464
0.143327
0.187105
0.168124
0.0120025
0.140522
0.236818
0.237058
0.168172
0.0639442
0.115169
-0.0223472
0.0374669
-0.523795
0.51274
-0.0661515
-0.407762
-0.400633
0.202575
-0.594704
0.024184
0.431306
0.390246
-0.265707
0.0570528
-0.00221848
-0.0768541
0.297033
0.0901351
-0.144496
-0.0973395
-0.117197
0.114699
-0.0334983
0.143131
0.148961
0.0276087
-0.109064
0.0547341
-0.00358878
-0.0451702
0.107711
-0.110553
-0.101157
0.0964596
0.189972
0.0337939
0.0141434
0.12397
0.682534
0.0309912
0.0894958
-0.0098602
-0.082227
0.181194
-0.188717
-0.158988
0.298665
0.110791
-0.289902
-0.0806229
-0.174147
-0.278585
-0.192683
0.239363
0.354064
-0.166495
0.233617
-0.0251663
-0.0742292
0.0831826
0.37155
0.217568
0.330658
0.148025
0.12477
-0.010945
0.191597
0.150135
0.178426
0.141201
-0.0240686
0.021247
-0.263857
-0.20685
0.0119491
-0.151196
0.773074
0.371224
0.121848
0.0953799
0.0301566
0.0242001
-0.0879127
-0.226702
-0.188804
-0.273503
0.00170026
0.282502
0.530112
-0.101515
-0.158617
-0.000388939
0.24138
0.10433
-0.00583042
0.241702
0.248861
-0.126821
0.258399
0.0913251
0.0871438
-0.158224
-0.475599
0.13751
-0.173006
-0.117708
0.0330145
0.0433242
0.0151582
0.195604
0.0206567
-0.136647
-0.0264004
0.175832
-0.0234264
-0.169391
0.293692
0.149587
0.0300876
-0.659109
-0.75424
-0.174652
0.0869849
0.010843
-0.023801
-0.0982535
0.0243724
0.124359
0.169235
0.0877451
-0.0431921
-0.221576
0.105662
-0.319549
-0.00303987
-0.0525825
0.390357
-0.0426888
-0.0781524
0.107124
-0.206882
-0.32642
0.0814592
-0.416013
-0.126594
-0.197656
0.46518
0.0501027
0.29097
0.0161431
0.0327744
0.0825992
0.0187365
-0.0542762
-0.0364209
0.137511
-0.170106
-0.607032
-0.152268
-0.0664842
-0.730009
0.0987788
0.0307935
-0.321622
-0.399611
-0.33351
-0.302464
-0.0350172
0.126343
-0.454665
-0.417046
0.17249
-0.345456
0.257131
0.175972
-0.393478
0.126644
-0.147328
-0.47921
-0.0325695
0.190116
-0.16768
-0.0914399
-0.0985908
0.147504
-0.141275
-0.52829
-0.459258
-0.23801
-0.498238
0.48363
0.0939965
0.217116
-0.0790672
0.343099
-0.155224
-0.0469923
0.143995
0.189976
0.0153677
-0.0260917
-0.012384
-0.134179
0.142922
-0.137696
-0.165811
0.0470038
0.173871
-0.0167581
0.127706
-0.0221427
-0.0468071
-0.0845688
0.0687529
-0.248925
0.00758348
-0.0120099
-0.0605255
-0.126277
0.15201
-0.00773208
0.614387
-0.277863
-0.0995852
-0.0448075
0.195665
-0.0892213
0.181699
0.170664
-0.0614445
-0.198296
-0.257253
-0.0151457
-0.0118643
-0.121712
0.20422
-0.201639
0.0374484
-0.160263
-0.0160251
-0.361231
-0.100099
-0.161259
0.129395
0.225758
0.0180258
0.0450106
0.268256
0.138788
0.00127281
0.0293125
0.0644567
-0.0225219
-0.128353
-0.321395
-0.269045
0.120401
0.0450694
0.0975024
-0.31481
0.147969
0.174641
0.0879445
0.0950605
0.161843
-0.0134265
0.0681894
0.0647626
-0.0829239
0.194986
0.00102629
0.0273734
-0.367895
-0.101504
0.100021
0.1837
-0.0479468
0.2151
0.387187
0.215718
0.223042
-0.0202903
0.236115
0.135524
0.109169
0.205712
0.525624
0.0288911
0.101487
0.385734
0.434035
-0.304397
0.0750814
0.00617161
-0.0445919
-0.31105
-0.148832
-0.167288
-0.186804
0.130146
-0.21883
-0.122968
0.0597196
0.117154
-0.0163355
-0.258962
0.0127224
-0.0338794
0.156633
0.0541006
-0.0370771
0.049935
0.135013
-0.209105
-0.578191
-0.543875
-0.221795
0.217889
0.0973661
0.328204
0.273737
0.152324
-0.0440586
0.0759458
-0.0817118
-0.0399159
0.144353
0.464051
0.326145
-0.0983481
-0.0743049
0.0529534
-0.250355
0.00919996
0.231304
-0.0603099
-0.237916
-0.25396
0.0520722
-0.190857
0.0417461
-0.209853
0.0353636
0.0972461
-0.0136136
-0.0122967
-0.225527
0.0780566
-0.0956277
0.313936
-0.239409
0.112498
-0.0436841
-0.286656
0.238789
0.172025
-0.00511217
-0.0618931
-0.54296
0.0274354
0.00381055
-0.0852639
-0.094254
0.0811633
-0.293391
-0.363092
-0.397839
-0.221905
0.0649869
0.182585
0.467734
0.143412
0.0303774
-0.15546
0.0184214
-0.00156895
-0.501392
-0.600639
-0.150419
0.138028
-0.281674
0.0651042
-0.183466
-0.117653
-0.376958
-0.304303
-0.572996
0.25991
0.468965
-0.0446388
0.12117
-0.108488
0.368564
-0.0229332
0.17821
0.574982
-0.204381
0.128626
-0.165044
0.533832
0.0558842
-0.0349113
-0.255561
0.0813006
0.0911309
-0.38391
0.0453678
-0.00277365
0.0844436
-0.12082
0.0411058
0.121555
-0.0216505
-0.0382685
-0.0164394
0.367862
-0.0209356
-0.0916482
-0.174296
0.20898
-0.0653801
-0.018791
-0.0789873
-0.164692
0.453702
0.0387715
0.171131
-0.168544
0.175327
0.158201
0.0108245
-0.0468241
-0.290084
-0.346964
0.199279
0.000627322
0.033131
0.0491737
0.0527374
-0.100053
0.166546
-0.0682607
0.0845951
0.0732559
-0.367712
-0.212798
0.0677547
0.0388325
0.0245858
-0.241386
0.0212506
0.177314
0.0638029
0.115425
0.00744343
0.00820524
-0.330919
-0.22
-0.0984033
-0.0244722
-0.0110302
-0.12945
-0.000228428
0.0303525
0.249131
0.083512
0.169862
-0.1475
-0.20256
-0.115083
-0.179428
-0.559303
-0.253729
0.00464517
-0.0406639
0.0635661
-0.117383
-0.0328128
-0.0386263
0.0270254
0.000683393
0.44449
0.275719
0.0239675
0.0528465
0.0391286
-0.868912
-0.0581506
-0.0672931
0.0765795
-0.220735
-0.412303
0.299039
0.214154
0.358392
0.0538621
-0.156582
-0.136395
-0.123294
-0.0284892
-0.0310076
-0.521497
0.56317
-0.0173763
0.213254
-0.0260029
-0.174655
-0.193968
-0.0092385
-0.00494307
-0.0341513
0.0181035
0.13118
0.235226
-0.0475541
0.056729
0.0692614
-0.283458
-0.00709524
0.447317
-0.188622
0.0659069
-0.0730779
-0.340921
0.293823
-0.294063
-0.125639
0.33059
0.558715
0.10647
0.021182
-0.0925861
0.131119
-0.0517351
-0.0384982
0.159374
0.392724
0.354846
-0.175922
-0.0748688
-0.241924
0.230274
-0.303744
0.22957
0.316743
0.200802
-0.0846183
0.0112066
0.108669
-0.000670561
-0.0343794
0.310486
0.12948
-0.0751633
0.014423
-0.176527
-0.507816
-0.239323
-0.0963259
0.0924361
-0.185101
-0.179443
-0.0797393
0.0971804
0.0293876
0.16491
-0.0244884
-0.108545
-0.268836
0.037179
-0.285112
-0.0227134
0.178797
-0.0709952
-0.0784766
0.308853
0.0436124
0.0322042
0.0611099
-0.0122905
0.120918
0.384513
-0.110948
-0.33906
-0.219685
0.0698646
-0.214877
0.484246
-0.367174
-0.00841271
0.107885
-0.185858
0.0744182
0.202527
0.120907
0.0534093
-0.187177
0.180189
0.0328005
0.0116354
0.0139409
0.252989
0.212123
-0.0757503
0.139971
0.216604
0.207643
0.148115
0.37079
0.170521
0.102284
-0.0782665
-0.258708
-0.0152879
-0.650705
0.04848
0.411134
0.184882
-0.058923
-0.145624
0.0928947
-0.305988
0.227652
-0.10444
0.0262739
-0.314805
0.160214
0.275096
0.158481
0.201595
0.540414
0.0553349
-0.341374
0.218406
0.0110902
0.260011
-0.0393663
-0.0885235
-0.122634
-0.057928
-0.203888
0.0341008
-0.0614601
-0.280318
0.162878
0.0233372
-0.209336
-0.243466
0.328328
-0.173894
0.050061
0.0905308
-0.187748
-0.471374
0.323566
0.0208521
0.066049
0.149456
0.166282
-0.265449
-0.0157328
-0.110393
0.0488221
0.190701
-0.169018
0.26992
-0.0537763
0.131028
0.0715513
-0.104127
0.241735
0.224247
0.217723
-0.185653
0.274821
-0.164508
0.208612
-0.0194851
-0.109242
-0.152061
-0.00117829
-0.267757
-0.16551
-0.0541115
0.227885
0.168023
0.245301
-0.00833742
-0.23617
-0.330996
-0.169462
0.139843
0.178669
-0.0613939
0.114752
0.276889
0.130501
-0.320639
0.625077
-0.425824
0.0851431
-0.00134817
-0.268478
-0.0442179
0.00672935
0.255035
-0.297298
0.0283327
-0.135915
-0.595241
0.304287
-0.236759
-0.437308
-0.172942
-0.0930658
0.180138
0.196613
-0.0413138
-0.035206
0.00992404
0.0813575
0.0569074
-0.130571
0.122745
-0.0874759
0.112222
-0.155606
-0.0299773
0.155505
0.225365
0.380691
-0.0948173
-0.377778
0.0673495
0.0966236
0.0984369
-0.396739
0.00942505
-0.13927
0.174526
-0.578887
-0.566266
-0.610368
0.0457072
-0.144365
-0.330394
0.0743388
0.238749
0.00935272
-0.0978825
0.330923
0.166211
-0.187716
-0.443424
-0.0929122
0.163639
-0.102798
0.0668187
-0.274463
0.107881
-0.126126
-0.197405
-0.0686954
-0.397748
0.169038
0.608289
-0.217134
0.0938256
-0.179984
0.134412
0.17533
0.169279
0.224013
0.238398
-0.0122608
0.245395
0.398515
0.0233079
0.262727
0.158374
-0.229094
-0.176953
-0.0432355
-0.0876997
-0.0950432
-0.172741
-0.210979
0.0492536
0.0564461
0.223093
-0.0869072
0.0853997
0.199853
0.146076
0.251367
-0.361857
-0.0252234
0.237354
0.248543
0.0637309
-0.104041
0.153942
0.117143
0.0141764
0.0737969
0.200256
0.0650041
0.373767
0.103119
0.19268
0.141076
-0.208677
-0.207646
-0.249865
-0.0381364
-0.0198594
-0.21473
-0.238178
-0.000524652
0.00645528
-0.0220013
-0.151512
0.0529324
-0.122689
-0.0556318
0.201285
0.374162
0.142713
0.119888
-0.184599
0.182813
-0.154667
0.443727
0.279908
0.112493
-0.326223
0.244716
0.130341
-0.115246
-0.154081
0.16927
-0.314563
0.191217
-0.100069
-0.283288
0.355664
0.115498
0.164601
0.189282
0.349374
0.0212222
0.266777
0.335323
-0.141426
-0.103895
-0.386332
-0.121827
-0.0819349
0.0598207
-0.113053
-0.273742
0.171222
-0.0254853
-0.217572
-0.00706494
-0.0227005
-0.152206
-0.194816
-0.272873
0.0330347
-0.146686
0.417297
0.0290887
0.0304537
-0.196971
0.0892509
-0.0997504
-0.0201609
-0.165263
-0.123769
0.0148506
0.315015
0.337096
0.162546
0.0141599
-0.241682
-0.257075
-0.10582
-0.262799
0.752315
0.616249
0.369631
0.169622
-0.366071
-0.274836
0.0108259
-0.132863
-0.0370107
-0.0427059
-0.571539
0.0200613
-0.067949
0.0927791
-0.543641
0.134758
0.182845
-0.276123
-0.0343962
0.121901
-0.014063
0.0147207
-0.116622
-0.3066
0.00834066
0.236711
0.0993503
0.0587065
-0.0289023
-0.0971788
0.208085
0.741172
-0.102992
-0.0683804
0.0272853
-0.0573158
-0.158571
-0.140518
0.0521991
-0.370415
-0.117528
0.028587
-0.228388
0.195735
0.24965
0.0278299
0.231794
0.558476
-0.139674
0.21382
-0.0325451
-0.206443
-0.0583063
0.0105978
0.816729
0.0591162
-0.251023
-0.292506
0.162953
0.197002
0.302847
-0.430718
0.0470891
0.109713
0.11099
-0.192742
-0.29323
-0.314117
-0.0652636
-0.250697
0.02686
0.257812
0.217968
-0.0435728
0.305411
0.079792
-0.00126191
-0.0989174
-0.0358025
0.00341646
0.062668
0.141873
0.466691
0.280983
-0.061959
0.0508576
-0.35094
-0.0447173
-0.214059
0.121525
-0.0874493
-0.185983
-0.510451
-0.230532
-0.387372
-0.239609
0.176841
-0.0256023
-0.0389338
-0.167707
-0.202268
-0.018312
0.0871255
-0.594422
-0.44706
-0.172969
0.0443122
0.00811124
0.0598265
0.125343
-0.147372
-0.255355
-0.227585
0.0535974
-0.441195
0.0450957
-0.0401416
-0.306735
-0.714244
-0.207721
-0.263572
0.520446
0.151202
0.212131
0.102039
0.121109
-0.659355
0.0375638
0.135984
0.363856
0.203398
0.120877
0.232151
-0.0572824
-0.221665
-0.171792
0.16949
-0.0049087
-0.129926
-0.0870536
-0.00225093
0.204117
-0.101822
-0.0322497
0.110164
0.117467
0.0397626
-0.196526
0.138507
-0.0279686
-0.190597
0.234776
0.18412
-0.136335
-0.157111
0.102364
-0.341183
0.398452
0.0213601
-0.0492201
-0.16291
-0.188099
-0.095919
0.424233
0.0754494
-0.157995
-0.0120737
-0.0106638
-0.0749349
-0.220292
-0.111514
0.319202
-0.36335
0.333227
0.003142
0.0657234
0.362991
0.425234
-0.222197
-0.180786
-0.096517
-0.235523
-0.10852
-0.19275
0.216411
0.0366471
-0.00127206
-0.0886067
-0.10703
-0.360288
-0.536625
-0.768254
-0.127053
-0.254771
-0.248647
-0.466333
-0.0101273
-0.266516
0.072048
0.166007
-0.248888
0.163953
0.00635569
-0.32824
0.33794
0.0465177
0.104562
0.0269524
-0.0578687
-0.138059
0.0137645
-0.310318
-0.115757
0.171024
-0.110215
-0.235891
0.103137
-0.135847
0.123455
-0.0990733
0.103811
0.0479363
0.0399647
0.0917128
0.171236
0.065584
-0.00671552
-0.036814
-0.0469465
0.0150613
0.202443
0.451357
0.231039
0.0933269
0.159875
0.0131562
-0.0176563
-0.233851
0.267549
0.0281419
-0.0728674
-0.447567
-0.488292
-0.948434
0.0996696
0.251984
-0.0766254
0.269457
0.0479188
0.584019
0.0384807
0.0835983
0.0517501
0.518932
0.398083
0.34705
0.557609
-0.00930856
0.267021
-0.00145846
-0.152284
-0.0160725
-0.162642
-0.223353
0.459192
0.482313
0.395439
0.244124
-0.0490541
-0.210388
-0.125146
0.0148387
-0.189558
0.0488886
0.019388
-0.0619868
7.2769e-06
-0.109053
-0.0560649
-0.241913
-0.496616
-0.124012
0.08872
0.175001
0.229116
0.211653
0.0694669
-0.517784
0.498906
0.276707
0.313292
-0.220443
0.100074
0.259966
-0.187107
0.0278041
0.00895754
-0.191667
0.113847
0.0347201
0.0811591
-0.144274
-0.0145523
-0.0947478
-0.0159626
0.376357
-0.0615134
0.314023
-0.302738
0.145883
-0.0522006
0.162565
0.00174388
0.0338319
-0.0358854
-0.329684
-0.126816
-0.0798419
-0.190067
0.0271056
0.154556
-0.263802
0.0288925
0.0395664
-0.285095
-0.222611
-0.262394
0.151275
-0.110889
-0.236366
-0.0881673
0.00823356
-0.0031114
-0.0712915
0.117495
0.384911
-0.0304984
-0.128635
-0.192777
-0.159503
0.17913
0.38677
0.055717
-0.283534
-0.268167
0.0103576
0.173433
0.175958
0.0508947
-0.122082
0.0989071
-0.0400028
0.150317
0.094846
-0.0340371
-0.284121
0.494219
0.192263
-0.321082
-0.379487
-0.0304963
0.663632
-0.378512
0.33711
0.357422
-0.193872
-0.0172067
-0.0321022
-0.171257
-0.24541
0.0810454
0.0841467
0.037975
0.0619784
0.031208
0.0825573
-0.018789
-0.0439629
-0.257858
-0.473284
0.191776
0.0396874
0.135355
-0.135697
0.115844
-0.134624
-0.159537
-0.0597762
0.23843
0.822451
0.335848
0.578516
0.11304
0.110939
0.314054
0.0369599
0.260742
0.144112
0.169402
-0.195444
-0.169731
-0.0668476
0.0464024
-0.0141068
0.269943
-0.121274
0.00201993
0.0958958
0.109019
0.563619
0.0649867
0.054754
-0.0797629
0.166324
0.29809
-0.241483
0.345486
0.125357
-0.00674039
-0.0851639
0.0434351
-0.0872728
-0.0863541
-0.0500213
-0.00280776
0.514048
0.34561
0.134714
-0.207385
-0.24692
-0.14161
-0.0204063
0.111721
0.091755
-0.0109132
0.0501979
-0.12238
0.285786
0.0300759
0.084252
0.0811935
0.316078
0.0541384
-0.371485
-0.059771
-0.0954553
0.0987024
0.0602566
-0.210885
0.0515646
-0.222826
0.146087
0.0440513
-0.109108
-0.046421
0.206892
0.363069
0.195439
-0.0952924
-0.097193
-0.19763
-0.248128
-0.236328
0.040953
0.249475
0.0161764
0.280171
0.01254
0.352172
-0.131512
-0.0790137
-0.0833813
-0.245175
0.135702
0.41118
-0.0218831
0.0639637
-0.204233
0.184953
-0.0201559
-0.101299
0.134449
-0.0271284
-0.175283
0.202786
-0.230942
-0.495557
0.69008
-0.266371
0.250937
-0.131081
-0.0950818
-0.107256
0.131958
0.168471
-0.155732
-0.17986
-0.201456
-0.0984511
-0.243088
0.199264
-0.126619
-0.428868
0.147934
0.233983
-0.0942834
-0.150378
-0.17181
0.0440853
0.281646
0.0760155
0.110961
-0.172851
0.174046
0.0131752
-0.141023
-0.111144
-0.173229
-0.112142
-0.18246
-0.0105217
-0.142032
-0.12147
0.233774
-0.151394
0.0794774
-0.288992
-0.0478685
0.0219798
0.0566844
0.188629
0.111672
0.687854
0.0328848
0.068184
0.310243
0.577564
-0.168705
-0.242801
-0.0351622
-0.305022
0.333269
0.110528
0.11673
-0.171858
-0.206529
-0.0239456
-0.00242418
-0.452654
0.0221019
-0.105659
0.373568
0.329615
-0.133016
0.194075
-0.0583149
-0.05506
-0.446138
-0.0497291
-0.0946928
-0.0389612
0.240754
0.051137
0.040382
-0.0540269
0.219208
-0.240701
-0.338118
-0.164361
-0.350145
0.05118
-0.284987
0.0793088
-0.0915346
-0.0516818
-0.0843197
-0.144664
-0.00400341
-0.0476139
0.598939
0.000690881
-0.0147804
-0.0490179
-0.14367
-0.0880272
0.0363293
0.0110513
-0.0698987
-0.140497
-0.103067
-0.121888
-0.397101
0.0561767
0.202747
0.629922
-0.0450467
-0.0554543
0.0109155
-0.110341
-0.132142
0.0309629
0.000358234
-0.102398
-0.229148
0.0401089
0.237522
0.309056
0.252489
0.209868
-0.0236762
0.18665
0.0834182
-0.00823353
0.0269577
-0.0545304
-0.16916
0.801512
-0.0389857
0.139244
-0.0217275
0.0527412
-0.122968
-0.136127
-0.0409226
-0.141951
-0.00706166
0.408077
0.114283
-0.0337028
-0.0619988
0.36731
-0.152556
0.228231
-0.074883
0.0451108
0.202459
-0.310243
0.147863
-0.158866
-0.102308
0.297919
0.167116
-0.209785
-0.087979
-0.0285276
-0.280342
-0.140445
-0.0671255
0.225086
-0.0288494
-0.13109
-0.0386588
0.134026
-0.249219
-0.272388
-0.227511
0.120692
-0.298005
-0.742401
-0.233356
0.124641
0.236336
-0.0731338
0.325595
0.218475
0.241639
0.00952408
-0.0661584
0.286706
0.101777
0.135556
0.0141566
0.0863646
-0.0886807
-0.030601
0.120705
0.116575
-0.052689
0.128667
-0.122729
-0.290175
0.0387677
-0.317613
-0.135876
-0.227944
0.255737
-0.185619
-0.794327
-0.172537
-0.355381
-0.0958573
-0.0183582
-0.00759166
0.260041
0.00443074
0.185536
0.0661425
-0.0186751
0.447656
0.0183911
-0.154252
0.690675
0.305496
0.0550931
-0.27393
0.510225
-0.101784
0.0585337
-0.0371578
-0.154846
-0.0556548
-0.569551
-0.607151
-0.0771615
0.125607
-0.170634
0.0214774
0.312332
0.441915
0.138561
-0.570366
-0.00482751
0.0792392
-0.39554
-0.19251
0.0515633
-0.0124109
0.381034
0.0829076
-0.0483466
-0.238687
-0.350724
-0.431496
-0.204297
-0.23267
-0.394567
0.00364935
-0.054099
0.0648299
0.189884
-0.105921
0.310394
-0.0126206
0.185554
-0.0686854
0.510957
-0.0639382
-0.0202814
0.30683
0.127262
0.152484
0.00474377
-0.26612
0.161212
-0.239161
-0.0234814
0.119773
-0.0943626
0.196193
0.25054
-0.0203217
-0.169222
-0.043467
0.270696
0.442414
-0.231238
-0.140873
-0.204598
-0.0191772
0.242217
0.114555
0.367148
0.141873
-0.0646268
-0.0419244
-0.32801
0.115822
0.10897
0.527797
-0.062253
0.314689
0.245039
0.563392
-0.142007
0.0890549
0.0710016
0.0696877
-0.0362829
0.127355
-0.0673031
0.0467613
0.105921
0.414046
0.0396003
0.216361
-0.071486
-0.137954
-0.132458
-0.0706006
0.122315
0.0145057
0.0111443
0.439438
-0.252406
0.228442
0.0038425
-0.281133
0.0581745
0.00146729
-0.0419306
-0.143821
-0.0452216
0.130613
0.140202
-0.0957079
-0.379049
-0.697228
-0.214688
-0.0229013
-0.0180824
-0.110618
0.0586071
-0.722667
-0.0576037
0.0312638
-0.0987105
0.263674
0.173405
-0.0658411
0.662777
0.0454708
-0.176459
0.0117443
0.300924
0.513798
-0.0894135
-0.0317386
-0.0503614
0.333821
0.377809
0.157012
-0.0133654
0.13703
0.0854716
-0.382948
0.176427
0.0329241
-0.322976
0.121082
0.100778
-0.129035
-0.204496
0.0011526
-0.0918616
-0.188442
0.0358937
-0.0842179
0.120102
0.050458
0.0978399
-0.137402
-0.174513
-0.00479684
0.141327
0.407267
0.111973
-0.0790945
0.0452541
-0.059241
-0.369657
-0.16916
-0.129736
0.350947
0.0253103
-0.0416802
-0.135662
-0.0553503
-0.246834
-0.0908157
0.235595
-0.0364668
-0.0183958
0.163321
-0.0304491
0.162287
-0.0690807
0.110365
-0.0497823
-0.180051
-0.00331957
-0.0734631
-0.38635
0.0499161
-0.0941217
0.146516
0.11758
0.338251
-0.220036
-0.382788
-0.419079
-0.078962
-0.0418801
-0.124527
0.37926
0.530815
-0.0190325
0.120639
-0.0639661
0.412548
0.201055
-0.0752404
-0.171416
0.257535
0.298924
0.191972
-0.321651
0.160349
0.0571853
-0.178862
-0.0605713
-0.392146
-0.136363
0.0745846
0.0260604
-0.142736
0.0751748
-0.00409015
0.475668
0.435876
0.22223
-0.155882
0.0506311
0.0946561
-0.33165
0.0698246
-0.0886806
0.0443053
0.125262
-0.061963
0.0736478
0.00387476
0.0703785
-0.225853
0.354709
-0.105419
-0.267722
0.0280076
-0.0110459
-0.108214
-0.0875878
0.477552
-0.0623048
0.0148715
-0.491106
-0.303396
-0.217306
0.148599
0.0305266
0.275608
-0.0210284
0.069462
0.11406
0.238391
-0.175898
0.103481
0.247641
-0.0838248
0.00344229
0.179912
0.101948
-0.0975054
0.322879
-0.152807
-0.302306
-0.333175
-0.136097
0.285211
0.0522326
-0.0518705
-0.00651296
0.248359
0.206966
0.237699
-0.0659501
0.224187
0.4293
0.000358121
0.179008
0.30806
-0.117393
0.304273
0.122666
-0.0285138
0.185772
0.0179466
-0.188725
0.0833189
-0.360144
0.206519
-0.314179
0.00136618
0.144997
-0.0274612
-0.0234751
0.212264
-0.238979
0.31571
0.454225
0.101408
0.0508146
-0.0259605
0.164951
-0.0436154
0.132468
-0.0876272
0.297432
0.0592304
0.128609
0.52964
0.124824
-0.216916
0.0628473
0.120132
-0.320414
-0.0873768
0.0911496
0.30253
-0.155077
0.508932
0.0294302
0.115628
-0.212702
-0.213316
0.105773
-0.155134
-0.145734
-0.0181527
0.0890728
-0.05352
0.136052
0.033954
-0.112545
-0.234232
0.121815
0.218881
-0.0375933
0.0521491
-0.0589361
0.323774
0.224394
-0.131139
-0.285461
-0.395825
-0.409834
0.058165
0.0761835
-0.172604
0.448998
-0.0102079
-0.259709
-0.372616
0.00160068
0.174171
0.281903
0.336402
-0.0307177
0.207091
0.108362
-0.569699
-0.0872814
-0.172565
-0.109289
0.166293
0.0699002
-0.0294416
0.315311
-0.143676
-0.0060817
-0.336814
0.0922922
0.0570457
0.0948885
-0.0844371
0.193476
0.383767
0.0584927
0.0808546
0.123118
-0.113704
0.120101
0.273978
0.189576
-0.105138
-0.265841
-0.325087
0.204499
-0.140993
0.362501
0.249977
0.0463468
-0.287788
0.144238
0.0957607
0.0535862
-0.298762
-0.140333
-0.0280113
-0.116786
-0.0382873
0.121293
-0.113243
0.481486
-0.115236
0.333199
-0.418358
-0.0882487
-0.0832391
0.101998
-0.109046
-0.0633959
0.200492
-0.17081
-0.395782
-0.0218478
-0.434937
0.0315049
0.0992092
-0.202427
-0.04658
-0.0614355
-0.337515
-0.0225212
-0.0899968
0.135238
-0.0770737
-0.090763
-0.114504
0.207565
-0.125875
0.304224
0.0958297
-0.0440125
0.0279956
0.0445529
0.0293422
0.358384
-0.0191362
0.0809041
0.0168296
0.266909
-0.114635
0.10918
0.341496
0.530546
0.238917
0.752345
0.016496
0.684718
0.503534
-0.277649
0.0589091
-0.0253283
0.0664972
0.124418
0.37415
0.0521539
0.316714
0.0404866
-0.015451
0.166937
0.273464
0.193272
-0.129627
-0.515664
-0.185058
0.128879
-0.0284812
-0.0912408
0.188409
-0.213986
-0.00345893
-0.0239351
-0.0329955
-0.129575
-0.168904
0.0464878
0.139255
0.448913
0.150081
0.369026
0.219375
0.112466
-0.0836405
0.018556
0.626863
-0.0916002
0.00555992
0.0667645
0.0561852
0.420612
-0.118056
-0.152964
-0.0316787
0.0323793
0.466585
0.179826
0.294496
0.359235
0.547651
0.195838
-0.44724
-0.0947132
0.0946534
-0.00182029
0.0902459
0.344745
-0.121896
0.0534886
-0.0461483
-0.0828469
-0.0179515
-0.0391344
-0.105348
-0.066758
0.031696
0.308553
-0.0656003
-0.467495
-0.0200236
-0.136872
0.202815
-0.561695
-0.144308
-0.0891965
-0.065929
-0.0943256
-0.266093
0.218264
0.177692
0.0847639
0.137136
-0.0901316
0.225345
0.104022
-0.0746234
-0.0210928
0.461987
0.125235
0.141213
0.343182
-0.121664
0.0122348
0.14012
-0.23908
-0.0891849
0.184372
0.00588835
0.103195
-0.0199157
0.0730723
-0.0683473
0.0683283
-0.191415
0.206615
-0.163066
-0.308611
0.075515
0.179621
0.0919331
0.130081
0.0978778
0.369305
-0.0373137
0.00310599
-0.0292192
0.0718303
-0.223815
-0.247835
-0.124281
-0.186395
-0.41826
-0.185279
-0.246971
-0.10741
0.0577651
0.235879
-0.143329
-0.251973
-0.0066524
-0.000301138
-0.0363355
0.136949
-0.0160044
-0.186186
