0.103034
0.168963
-0.237424
-0.189963
-0.136847
-0.218812
-0.0763541
-0.485676
0.0495179
0.0508388
0.0381129
0.138075
0.14434
0.0821326
0.0793816
-0.269643
0.194786
0.00348643
-0.328474
0.15061
-0.0586693
0.377325
-0.0480105
0.357832
-0.0967004
0.00182675
0.0667002
0.177181
-0.322193
0.0335462
0.222225
-0.0900735
-0.246645
0.0324815
0.134968
0.148697
0.0856361
-0.144467
0.0606826
-0.00586153
0.642845
-0.0205534
-0.122523
0.0945996
0.22718
0.453878
0.1225
-0.0775018
-0.0903434
-0.0533775
-0.0130281
-0.113936
-0.0146685
-0.308355
0.164802
-0.0764952
0.0153023
-0.183423
0.180134
-0.102831
-0.0797532
-0.156848
0.0899281
-0.0567251
-0.392817
-0.434951
-0.0437565
0.0291917
0.186498
0.0846296
0.257835
0.184818
-0.0128312
0.158704
0.18562
0.0289053
-0.0725484
-0.031711
-0.0879528
-0.0280431
-0.0674626
0.260462
0.300361
-0.0754668
-0.021464
0.0885886
-0.243808
0.128923
-0.119239
0.0382088
-0.075147
-1.01849
-0.0661821
0.621311
-0.149171
-0.239425
-0.064578
-0.0528767
0.0262848
0.00542495
-0.0648348
0.054571
0.316447
-0.563642
0.120181
-0.367899
0.155192
0.124426
-0.0243949
0.195297
0.0415621
0.167528
0.238287
-0.264741
-0.0480707
-0.0137693
-0.266679
-0.184964
-0.0625252
0.89158
0.404882
-0.15159
-0.288181
0.029026
0.13667
0.160174
0.0680355
-0.106839
0.0304158
0.139616
-0.329609
0.208313
-0.127604
-0.399916
0.0148322
0.147455
-0.0395504
0.160558
0.195388
0.0346971
-0.211556
-0.0503053
0.0384546
0.370297
0.0381263
0.267428
-0.191059
-0.323113
-0.00688798
-0.0201902
0.0394971
-0.0704814
-0.154592
-0.00716693
-0.322429
0.304785
-0.364164
-0.157816
-0.317544
-0.273637
0.0555788
-0.0518225
-0.260685
-0.157897
-0.00168412
-0.0466991
0.0169477
-0.136613
-0.169649
-0.535546
0.239478
-0.26837
0.177757
-0.386731
0.134625
0.849986
-0.326789
0.102056
-0.271576
0.030362
-0.241712
0.188945
0.173923
0.138337
0.0441719
0.103679
-0.193505
0.240176
0.433384
-0.044944
0.186176
0.0902307
0.0960096
0.679919
-0.191242
-0.0879275
-0.131172
-0.0157977
-0.0083697
0.180498
0.178322
-0.123627
-0.229855
-0.0642217
0.306697
-0.283786
0.243513
0.0161788
-0.114942
0.191162
0.433922
-0.116093
-0.828153
-0.36383
-0.319027
0.00118226
0.0107836
-0.137553
-0.295432
0.112393
0.125116
0.135294
-0.373682
-0.0588035
0.176937
0.552967
0.010816
0.0713425
0.140512
0.0259348
-0.0249348
-0.154852
-0.176792
-0.0250279
-0.148649
-0.156745
0.206315
0.0121428
0.302391
0.137339
0.0217886
-0.375326
-0.130108
-0.28856
-0.0474291
0.0833369
-0.194855
0.0487301
0.265646
-0.142725
0.17882
0.206976
0.188627
0.305149
0.11275
-0.0689541
0.158804
-0.11539
-0.355683
-0.427722
-0.137751
-0.327289
0.106246
0.543627
-0.114499
0.0755597
-0.143943
0.172859
-0.0525707
-0.187253
-0.0070327
-0.0349442
-0.121052
-0.181878
-0.0754241
0.0403766
0.0771174
0.483709
-0.34254
-0.0800135
0.137677
-0.195172
-0.0661258
-0.0257572
-0.171686
-0.106151
-0.125578
-0.0880403
0.427661
-0.327702
-0.0495651
0.378493
0.402295
0.12025
0.422051
0.0617381
-0.127275
-0.243408
-0.45193
-0.373749
0.100966
-0.212549
-0.0953405
0.136387
0.012708
-0.0377116
0.243456
0.330059
0.39802
0.00701834
0.488684
-0.0523067
0.00284642
0.527087
0.132983
-0.0328962
-0.0475417
-0.0589912
0.103632
-0.146179
0.153729
-0.0548465
-0.468062
-0.218691
0.102054
-0.592183
-0.0441961
0.198689
-0.182507
-0.0442293
0.0346264
0.0747568
0.252609
-0.174064
0.0842732
-0.158941
0.119246
0.122612
-0.318009
0.202473
0.265162
-0.0720854
-0.0913692
0.115021
0.104901
0.237051
-0.0278238
-0.0120569
0.184361
-0.163204
0.135176
0.600499
-0.0546278
0.0611127
0.163402
0.459737
0.501176
-0.00121632
0.482511
0.0919474
0.0860608
0.122402
0.113918
-0.282322
-0.263421
-0.240621
0.00242235
-0.109307
-0.0152245
-0.390897
-0.140106
0.124925
-0.0724752
0.0749801
-0.246986
-0.192209
-0.0558513
0.0621801
0.330666
-0.124441
0.165057
-0.0433556
0.147768
0.251301
0.0908605
-0.0241979
-0.170712
-0.16528
-0.0105558
-0.0617126
0.0203008
0.207718
0.0705857
0.639135
0.276496
0.147027
0.0289072
0.0266608
0.163724
-0.0686299
-0.409594
-0.0508798
0.0185914
-0.0446517
-0.116441
0.218887
-0.342106
-0.204105
-0.497412
-0.219764
-0.48278
-0.0656096
-0.136782
0.0868926
0.331314
0.317066
0.101966
-0.148914
-0.236949
-0.235288
0.134027
0.00336724
0.406282
0.0884988
-0.218531
0.0585972
0.155553
-0.00203071
-0.099616
0.137609
0.11719
-0.00413228
0.270457
0.26637
0.888169
0.291111
-0.137412
0.40492
-0.00167399
-0.0229259
-0.152194
0.0357478
-0.377815
-0.0761543
-0.0276678
-0.0985902
0.0433526
0.128036
0.387926
0.0884661
-0.0149729
-0.104278
0.0477903
0.410563
0.139817
-0.214023
0.263722
0.0112837
-0.252966
-0.416425
-0.493841
0.112966
0.224082
0.311317
0.367085
0.249664
0.0137324
-0.0203635
0.160137
-0.04552
-0.0478836
-0.249741
-0.238904
-0.0513696
-0.622265
0.0713073
0.624746
0.816591
0.0575084
0.2605
-0.542265
-0.916874
-0.145222
0.164802
-0.037764
-0.127502
-0.976875
-0.043284
0.0450949
-0.212579
0.225874
0.110036
-0.569908
-0.103004
0.0965144
0.663013
0.185192
0.379461
-0.167517
0.0844305
-0.167461
0.260163
0.240566
-0.40678
-0.375877
-0.383355
-0.576538
0.206149
0.068457
-0.0540401
-0.0771033
0.316642
-0.0982243
-0.14639
0.0420803
0.00975823
-0.117989
-0.247315
0.0415255
-0.0450135
0.342914
-0.0316788
-0.310631
-0.118838
0.138883
-0.0203858
0.201305
0.0520216
-0.0609552
-0.0361442
-0.0472458
0.26631
0.159367
-0.111338
0.239289
0.0479027
-0.233482
0.196831
0.296485
0.232774
0.292989
-0.0880771
0.229443
0.024562
-0.0705668
-0.146805
0.0766487
-0.392379
-0.0782195
-0.0858216
0.0574616
0.481073
0.545983
-0.174631
-0.141175
-0.096438
-0.155706
-0.198702
0.0710028
0.128206
-0.0716875
0.286359
0.0555419
0.0802428
0.105232
-0.244444
-0.0563227
0.0464713
-0.0973645
0.297818
-0.319548
-0.147857
-0.321439
0.142076
0.0396438
0.276624
0.121262
-0.113801
-0.0133432
-0.0569
-0.0984693
0.0569351
-0.0761029
-0.017966
0.112527
0.31627
0.247505
-0.216097
0.163835
-0.112779
-0.237644
-0.103158
0.0874095
0.139474
0.550256
0.291567
0.138096
0.261669
-0.0128498
-0.29728
0.309673
0.0381461
0.193183
0.344325
0.354989
-0.0459167
0.316881
-0.0299718
-0.134573
-0.0509399
0.0979394
-0.247555
-0.0995396
-0.012959
-0.0493804
0.145791
0.0473522
-0.0672701
-0.217595
0.0758486
-0.0648919
-0.342587
-0.356898
0.0432874
-0.00637346
-0.00151161
0.272962
-0.0974053
-0.182358
0.0494993
-0.567859
-0.601035
-0.419736
-0.199496
-0.189786
0.274587
0.516663
0.0268706
0.165927
-0.0388934
0.0256779
-0.402719
0.0763664
0.176975
0.401917
0.380233
0.0695519
-0.105526
-0.108863
-0.30772
0.0268648
0.248218
0.00431874
-0.16302
-0.147174
0.141633
0.0140119
-0.0175034
-0.0440495
0.281271
0.0193691
0.118884
-0.0967898
-0.0837744
-0.129469
-0.418071
-0.125761
-0.218712
-0.129645
-0.291763
-0.366425
-0.073416
0.212532
-0.113163
-0.118215
-0.387696
-0.378941
-0.111473
-0.202608
0.00680082
-0.0190892
-0.600206
-0.422987
-0.535227
0.00530333
0.097471
0.28546
0.0248369
-0.113573
-0.0518094
0.192287
-0.0165827
-0.0262151
-0.244731
-0.269187
-0.153626
-0.0482371
0.167846
0.102071
-0.42415
-0.17776
-0.15364
-0.2163
-0.0495115
0.0895474
0.5789
0.0596766
-0.11876
-0.150227
0.142278
-0.162036
-0.157738
-0.0917231
-0.25241
-0.179905
0.380521
-0.218916
-0.095464
0.0426691
-0.521051
0.174205
-0.249705
-0.0802844
-0.109556
0.0696337
0.168934
0.296793
-0.12711
-0.363503
0.14058
-0.14968
0.0403061
0.472654
-0.0552521
0.0289081
-0.397054
0.0048866
-0.238627
-0.00875973
-0.267894
0.157925
-0.122994
0.144824
-0.275387
0.152338
-0.131032
0.0218932
-0.0705563
-0.273159
-0.968332
-0.0139651
-0.0965641
0.0376953
0.0979116
0.133161
-0.00747302
-0.0221
-0.299798
-0.00768242
0.117101
0.0129833
-0.337158
-0.0182967
-0.290035
-0.88238
-0.02646
-0.171963
-0.095251
-0.505553
0.147076
-0.16633
0.0891612
0.0636143
-0.0659861
0.10183
-0.0758847
-0.0773097
-0.0771419
-0.0342819
-0.0144303
0.0248603
0.129953
0.208036
0.350994
0.185345
-0.0722111
0.106142
0.0778869
-0.107106
-0.0351964
0.0822578
-0.0357967
-0.406829
0.142269
-0.231649
0.373438
0.00693389
0.0339587
0.278029
-0.149767
-0.127763
-0.264514
-0.134793
-0.51799
0.0411973
-0.0434121
-0.0664324
0.0706184
-0.503486
-0.0634038
-0.147313
0.519452
0.224799
-0.0881453
-0.190732
0.0651342
-0.324489
-0.257181
-0.332355
0.670864
0.0767906
0.0119215
0.133449
-0.532191
-0.418993
0.0955123
0.0081845
-0.0381544
-0.167476
0.192679
0.164952
-0.257702
-0.146285
0.291225
-0.126275
0.248811
0.0658361
-0.0730397
-0.192685
-0.31192
-0.00954362
0.311562
-0.0564705
0.0506402
0.222211
0.582596
0.237305
-0.00156356
-0.145691
-0.220682
-0.116341
-0.16668
0.0198916
0.0305037
-0.234261
0.579617
0.174228
-0.103177
0.0311734
0.00182886
0.201534
0.28342
0.389554
-0.0616622
0.0010635
-0.224106
-0.0688696
0.121732
-0.148128
-0.112125
-0.303073
-0.159849
-0.476862
-0.124999
-0.10488
-0.126325
0.0171732
-0.0952403
0.132174
-0.213337
-0.135878
0.248324
0.117405
0.128162
-0.0675888
-0.407015
-0.17181
-0.235205
-0.0490048
0.223474
0.023807
0.0126436
0.162536
0.0645495
0.0417301
-0.139962
-0.0205431
-0.0151135
0.503971
-0.126146
-0.103884
-0.310232
0.0345205
-0.00336336
0.18228
-0.214827
-0.0875021
0.069864
0.221085
0.0848335
0.404367
0.193207
0.092011
0.153925
-0.13362
0.0520872
-0.0265637
-0.0333774
0.584129
0.292802
-0.343542
0.272921
0.10828
0.609038
0.285367
0.117172
-0.293292
-0.173795
-0.166516
-0.00685239
-0.081253
0.28543
0.334558
0.583763
0.412528
0.0479533
-0.424347
-0.0358498
-0.25138
0.267219
0.0604368
-0.196596
-0.32214
0.224801
0.0417714
-0.0619402
-0.215844
0.468144
-0.100189
0.0111659
-0.147641
0.191598
0.101811
0.125723
-0.114518
0.0682978
-0.0837764
-0.162391
0.00571672
-0.0648543
0.101744
-0.0461743
0.234335
-0.0563661
-0.156169
0.127425
0.0178872
0.112736
0.0148992
-0.174375
-0.143006
0.091506
0.0152609
0.311361
0.039237
0.141567
-0.231683
0.0103198
-0.0636173
0.422753
-0.0723463
0.122697
-0.00882447
-0.0250099
0.0545497
0.313837
-0.176365
0.158679
-0.163324
-0.241433
-0.350337
-0.285527
-0.20572
0.230106
-0.00395175
-0.24407
-0.300058
0.0535298
-0.0237273
-0.182973
-0.0544677
0.109047
0.330456
-0.334049
0.224965
-0.207093
0.041655
-0.190181
0.0947498
0.453847
-0.45055
-0.0614639
0.174488
-0.302745
-0.470931
-0.0952952
0.124196
0.0359409
0.548447
-0.138993
-0.0047147
0.125511
0.158153
0.107947
0.131055
-0.16067
-0.137233
0.057624
-0.177037
-0.456038
-0.255933
0.100636
-0.130421
-0.0418126
-0.0131224
-0.0894154
0.0744988
0.0580452
0.253668
-0.172214
0.165683
0.262265
0.226541
0.00201702
-0.155591
0.0911076
0.175371
0.0718829
-0.158354
-0.0399544
-0.0504661
-0.108052
-0.114454
-0.0352509
-0.0135547
-0.178878
0.16056
-0.749875
-0.0979136
-0.248512
-0.0556934
0.127869
-0.372255
0.529812
0.168997
-0.0901164
0.119601
0.00372214
-0.0525037
-0.192933
-0.230614
-0.465261
0.115722
-0.12525
-0.336666
-0.149086
0.0965245
-0.0865896
-0.101268
-0.106643
-0.212957
0.56986
0.151703
-0.102051
-0.0100247
-0.12167
-0.0437199
0.173503
0.487081
-0.173203
-0.236811
0.0505027
-0.121417
-0.120815
-0.314657
-0.131093
-0.272846
-0.118623
0.199259
-0.0238297
-0.106092
0.0545631
0.146961
0.135403
0.141207
-0.172245
-0.0444918
0.0363124
0.0894162
0.232429
0.447906
0.293247
0.435195
0.185615
0.327528
0.134634
0.0805372
-0.11009
0.00626473
-0.0735293
-0.183691
-0.183324
0.491237
0.0211279
0.0668752
0.211252
0.0822199
0.114355
0.100282
-0.116053
0.0362331
-0.166285
-0.148664
-0.13373
-0.258989
0.0903764
0.00949529
-0.224505
0.103153
-0.101757
-0.189317
-0.214004
0.0961803
-0.122861
0.0788528
0.155087
-0.0356309
0.0080018
0.138128
0.0622436
0.222772
0.0174056
0.176998
0.143719
-0.0788943
0.13371
0.115306
0.0492222
0.213127
0.292777
0.00919207
0.0232268
0.155092
-0.0119286
0.23099
0.0999852
-0.248006
0.204526
0.178162
-0.0399174
-0.121806
-0.364034
-0.0797599
0.14554
0.0547944
0.0316068
-0.11862
-0.166601
-0.41376
-0.00290325
-0.0839703
-0.0175471
0.197676
-0.000635582
-0.329928
-0.0992942
-0.0523944
0.200222
0.00977814
0.0134161
0.136986
-0.151625
0.209017
0.0157484
-0.160765
-0.162979
-0.00492364
-0.0337817
0.0237168
0.0392233
0.184707
-0.000380543
-0.166652
-0.516433
-0.229934
-0.050868
0.441854
0.172454
0.482925
0.221453
-0.194366
-0.133368
-0.0471885
-0.0212972
0.252616
-0.0210629
-0.105389
0.143037
-0.479555
-0.124436
-0.498163
-0.0316524
-0.295047
-0.228224
0.196009
0.0200692
-0.0981824
-0.105507
-0.21171
-0.436057
0.0421948
0.233581
0.0387626
0.0532007
-0.0290324
-0.209704
-0.17128
0.12956
-0.057962
0.0249598
-0.028938
-0.109651
-0.0862677
-0.0619979
-0.106538
0.025429
0.0444814
0.0682561
-0.130222
0.078922
0.444806
0.103823
0.00608633
0.271402
-0.142849
0.00252959
-0.00640963
-0.461272
-0.0852844
-0.20951
-0.262717
0.176884
-0.186659
0.0446241
0.318074
0.321134
-0.102506
-0.389285
0.0262795
0.0781416
0.0622595
-0.312113
-0.125122
-0.455983
-0.0248725
-0.0526472
-0.00492966
-0.0411218
-0.00780583
0.38039
0.103462
0.00421479
-0.0229236
0.0826851
-0.0618762
-0.00261413
-0.096458
0.172533
0.1734
0.255325
0.0397995
0.245854
-0.0108763
-0.0161584
-0.0300346
0.0841947
-0.019347
-0.241875
-0.225143
0.273727
-0.130985
-0.402678
0.0995696
0.0643642
0.0713627
-0.12429
0.0685511
-0.00137544
-0.390275
-0.433642
-0.526426
-0.177027
-0.12683
-0.505257
-0.0180208
-0.0139984
-0.098628
-0.165058
0.165988
-0.206981
-0.233841
-0.298269
-0.0030224
0.0215008
-0.376484
-0.106939
0.0911301
0.156573
0.137849
-0.248312
-0.0693746
0.189756
-0.414079
-0.0842312
0.113912
0.175741
0.0276891
0.0353118
0.150559
-0.240661
-0.0908261
-0.316306
-0.138186
-0.0911007
-0.309502
0.388485
-0.0375115
-0.416941
0.498473
0.136254
0.118869
0.159861
-0.00785668
-0.0572195
-0.0289025
-0.0877354
-0.138917
0.0482193
0.261884
-0.173633
0.149302
0.186085
0.167114
0.387243
-0.0348934
0.231748
-0.232903
-0.252456
0.0849427
0.414347
0.0291967
-0.0273954
0.0677823
-0.0785878
-0.1098
-0.129353
0.122795
0.295683
-0.212666
0.0387189
0.0176181
-0.0862139
0.172272
0.329982
-0.154342
-0.193265
-0.0380439
0.146365
-0.400333
-0.0940407
-0.169098
-0.34007
-0.0577667
0.110403
-0.0849599
0.137579
0.393233
-0.155465
-0.570042
0.132787
-0.1766
-0.185716
-0.031977
-0.18004
-0.0759543
-0.143966
-0.182256
-0.0785675
-0.0732858
-0.102685
0.634898
0.0820704
0.175189
-0.235257
0.0461061
0.0859971
-0.0782586
-0.0541781
-0.165089
0.215375
-0.0145181
-0.0321939
0.148491
-0.204068
0.0713399
-0.0974671
0.16226
-0.0468903
0.24798
0.0481594
0.508972
-0.0680287
0.0529688
-0.052861
-0.0305864
0.0282957
0.104107
-0.237599
0.146697
0.204721
0.197414
-0.00439643
-0.224621
0.116784
0.396358
-0.0698353
-0.188224
-0.597955
-0.381353
0.310061
0.620793
-0.043588
0.15611
0.211373
0.418001
0.652842
0.185515
0.0677742
0.222151
-0.0209061
0.0128005
0.0399762
-0.180642
-0.284183
-0.032873
0.191334
-0.0176215
-0.151939
-0.115268
-0.263483
0.329518
-0.0153875
0.208095
0.174439
-0.0914487
0.0792095
0.149297
-0.00963347
-0.0608905
-0.149783
-0.0995438
0.00793272
0.357534
0.109731
0.0625
-0.21823
-0.822015
0.247557
0.223723
0.25396
0.04917
-0.00193772
-0.140038
-0.071919
0.240924
0.109513
0.345538
-0.288175
0.189979
-0.14334
0.661866
0.0124925
-0.121301
-0.264953
0.216265
0.18142
-0.00870121
0.200237
-0.0479803
0.304544
0.0380919
0.215159
-0.0901071
0.19309
0.173303
0.113784
-0.116589
-0.318012
-0.0179437
0.146459
-0.117565
-0.864544
-0.208338
-0.0103766
-0.231051
-0.125858
-0.0104133
-0.0351977
-0.0933816
-0.0538545
-0.125372
-0.190001
0.281725
-0.134954
-0.00689353
0.145007
0.333227
0.0182766
0.179951
-0.149807
0.405786
0.176226
0.328583
0.0992657
-0.241147
0.00514261
0.131429
0.36848
0.312307
-0.199532
-0.0774243
0.111525
0.507159
-0.0355677
-0.0317469
0.137736
-0.336067
-0.147391
-0.0535405
-0.339419
-0.0101231
-0.127426
0.452356
0.218414
-0.271388
-0.276719
-0.0552335
0.196751
-0.0197185
0.122968
0.133493
-0.473546
0.0329494
0.151051
0.111053
0.288518
-0.110115
0.0592017
0.1642
0.0257712
0.191102
0.0387347
-0.0123658
-0.223211
-0.129876
-0.0418629
-0.337841
0.010908
0.0340645
-0.14625
-0.0302707
-0.129381
-0.345667
0.116544
0.0416547
0.44724
0.0383453
-0.10258
0.22326
-0.152552
0.382947
-0.251072
-0.0992569
0.0969982
0.0356971
0.123066
-0.167267
-0.0854468
0.540155
-0.368656
-0.149829
-0.0187115
0.332922
-0.531813
0.19777
0.494887
0.248828
0.140226
0.292673
0.180795
0.0570142
-0.149421
-0.153177
-0.0927271
-0.0273384
-0.140345
-0.0913178
-0.409646
-0.0687884
-0.057422
-0.00207734
0.466387
-0.297628
-0.126733
-0.0716723
-0.076133
-0.035293
0.249243
0.222298
-0.0961236
0.103719
0.267006
0.00238028
0.333667
-0.00710634
0.16728
-0.109711
0.280941
0.218644
-0.390855
-0.368815
-0.0218627
0.0620533
0.101186
-0.135069
0.270164
0.0397092
0.0381595
0.0346458
-0.0126796
-0.0117186
-0.146072
0.17773
0.191181
0.0123831
-0.192377
-0.449559
0.217498
0.145156
0.112555
-0.0220312
0.240863
0.48405
-0.16952
-0.176827
-0.147738
0.0772422
0.0752229
0.215003
0.257485
-0.157542
-0.00128742
-0.0451982
0.140386
0.285168
0.182835
-0.132286
0.122063
0.258497
0.0631936
0.0418802
-0.015029
-0.527885
0.131007
0.00737136
0.0191688
-0.413178
-0.0940017
0.254723
0.319574
0.388018
-0.0722655
-0.0790798
0.0976787
-0.242307
0.07153
0.000515963
0.031804
-0.438592
0.196827
0.125438
-0.0631603
-0.127714
-0.374279
0.0840841
0.354562
0.0841688
0.0940101
-0.209233
0.0412136
-0.017342
-0.232689
-0.138096
-0.0642821
-0.301848
-0.12372
-0.0626558
-0.128783
-0.267952
-0.0750673
-0.0308068
0.0347632
-0.194834
0.104982
0.0169546
-0.0653973
0.0256547
0.105386
0.477998
0.259226
0.287727
0.132822
0.311456
0.055736
-0.0674989
-0.030918
-0.412267
0.030047
0.172624
-0.0106992
-0.0146901
-0.116359
-0.1196
-0.0698551
-0.106251
0.170587
0.218564
0.435456
0.619502
-0.0448615
0.215593
-0.333297
-0.118793
-0.166121
-0.0722557
0.111958
-0.188565
-0.137964
-0.114817
-0.0745028
-0.187141
0.175285
-0.301441
-0.174576
0.0106377
0.0857788
-0.147151
-0.0245035
0.205712
-0.148113
-0.000484585
0.0495557
-0.111652
-0.0401041
0.0964166
0.201439
0.0225282
-0.00966951
0.00477464
-0.0591245
-0.117419
0.168412
-0.058146
-0.0480976
-0.13719
-0.197349
-0.082416
-0.339047
0.032251
-0.384571
0.334232
-0.0226073
0.372166
0.292096
0.538824
0.0359272
0.0279371
-0.0393128
0.0316931
-0.172267
0.0628004
0.366437
0.214612
0.216849
0.536785
0.292738
-0.0637962
-0.0300521
-0.0784997
-0.22781
-0.208746
-0.0995169
0.603222
0.380832
0.123495
-0.341675
0.180456
0.0210685
-0.179855
-0.0191565
-0.132177
-0.101816
0.380628
-0.148557
0.0794551
0.0475239
0.192155
0.172298
0.503322
0.23366
0.656622
0.186407
-0.0173735
-0.300968
-0.0258423
0.0411529
-0.452853
-0.121293
-0.12305
-0.0619846
-0.028597
0.365116
-0.276692
-0.268026
-0.280032
-0.0850588
-0.536342
0.0344993
0.0335627
-0.150223
-0.274245
0.0376014
-0.0379887
-0.148711
-0.0719989
-0.0906229
-0.00560969
0.205851
-0.0203181
0.0594575
0.196726
0.153347
-0.00544349
-0.0198825
0.240819
0.169628
0.0154908
0.0202005
-0.0614869
-0.239326
-0.107243
0.150562
0.360158
0.402706
0.147746
-0.0605591
-0.18968
-0.148181
-0.0925603
-0.137535
-0.214245
0.0869572
-0.12207
-0.802464
-0.290987
0.167391
-0.0439019
0.0439176
-0.0837142
-0.173433
0.0778727
-0.0490228
0.131879
0.54101
0.271212
-0.0542697
-0.135448
0.407986
0.0579752
0.179482
0.0996847
0.385085
-0.168339
0.246397
-0.022439
-0.0255775
-0.110517
0.0435983
-0.598316
0.0641176
-0.413736
-0.179468
0.153201
0.352883
0.0419915
0.0144135
-0.452514
0.00901785
-0.0149207
-0.528478
-0.251206
0.0967013
0.00392314
0.321413
-0.138621
-0.333087
-0.321465
-0.378131
-0.0571674
0.490863
0.367467
-0.580045
-0.0485889
-0.23087
-0.0533193
0.486905
0.342625
0.28839
0.0711998
0.0987261
0.0957251
-0.0740198
-0.0573423
0.149457
-0.185048
-0.120139
-0.0105539
-0.0986
-0.175278
-0.101897
-0.20787
-0.104038
0.0931208
0.259386
0.777157
-0.225467
0.293391
-0.0672642
-0.21084
0.0689986
0.278165
-0.164699
-0.567612
-0.194103
-0.110826
0.0615409
0.0949039
0.0949997
0.01721
-0.255276
-0.243467
-0.195661
-0.104997
0.0988111
0.643055
0.159514
0.133716
-0.326181
0.04299
-0.0785393
0.0335961
0.0164974
0.178987
0.695269
0.158586
-0.198896
0.122016
0.388704
0.249492
0.0563185
0.147676
-0.155401
-0.0905077
0.018135
0.180248
0.395585
-0.00214156
-0.223256
-0.163695
0.126338
-0.0227242
-0.0753326
-0.181156
-0.0423871
-0.25727
0.0452237
0.0620034
0.18279
0.0265082
0.303254
-0.026335
-0.214657
-0.214408
0.0831711
-0.179316
-0.0562861
-0.170904
-0.0221258
-0.39702
-0.200367
0.145601
0.0850859
0.328402
0.234408
-0.26589
0.0365463
-0.124941
0.110523
0.577654
0.415816
0.762961
-0.000361057
0.111175
-0.218198
-0.396631
0.129662
0.147216
-0.122268
-0.139211
0.0299996
-0.128433
-0.13001
-0.165286
-0.170668
-0.605997
0.0227818
-0.0834563
-0.0175844
0.101649
-0.0150518
0.00898465
-0.151711
-0.0246333
-0.121996
-0.0455278
0.234052
-0.245838
-0.196324
-0.113411
-0.0394797
-0.284386
-0.602027
-0.0554304
0.0363994
-0.0858743
-0.381629
-0.0626656
0.149707
0.679607
0.573865
0.396445
0.00770509
0.146053
-0.036192
-0.108648
-0.155262
0.0168104
0.132782
0.0689227
0.119671
0.241287
-0.0568548
0.0903256
0.0601307
0.0650781
-0.305249
-0.183052
-0.0632549
-0.0824086
-0.0800834
-0.160295
0.0349854
0.0641081
0.271078
-0.551732
-0.208156
-0.0147201
0.00902166
-0.103494
0.173009
0.148152
-0.122536
0.0307944
-0.0353845
0.376412
0.0960659
-0.0960091
-0.173408
0.126041
0.0200332
0.165978
-0.295422
-0.0362967
0.419784
-0.105922
0.0552624
-0.188705
-0.00694088
-0.0750091
0.0407855
0.0219335
0.00462092
-0.315958
-0.224618
0.275707
-0.0970682
-0.277114
0.146324
0.0135237
-0.00342666
0.0767977
-0.148873
-0.0532871
0.165946
-0.0875266
0.187624
-0.0946973
0.241448
0.194959
-0.189794
0.00947733
-0.0878542
-0.0175523
0.107147
-0.34504
0.0741009
0.37693
0.106643
0.107777
-0.0745262
-0.118745
-0.0965902
-0.13599
-0.100439
0.142762
-0.092584
0.135097
0.661827
0.234381
-0.604084
0.317365
0.721062
0.0194815
-0.485989
0.216478
0.0223356
-0.0111964
0.570463
0.171057
-0.185014
-0.347264
-0.0614688
0.181617
0.0522148
0.0944973
0.00267912
-0.324981
0.180799
-0.0560117
-0.0955514
0.0579393
-0.0206732
0.0400483
0.266185
0.336402
-0.618221
0.34835
0.333872
0.0717534
0.303979
0.149529
-0.385618
0.15377
-0.138454
-0.0267484
-0.240167
0.073376
0.0946493
0.12886
-0.20843
0.132072
0.0802996
0.182247
0.216003
0.0188265
0.104136
-0.301982
0.0797339
-0.115298
0.468977
-0.145995
-0.181629
0.0580311
0.0170534
0.367775
-0.0186246
0.489166
0.149609
-0.308582
-0.068609
-0.0133257
0.467818
0.140605
0.131467
0.0978015
0.22692
0.256693
0.344059
0.0120721
-0.0746394
0.160667
-0.00172395
0.0709325
0.280282
-0.0669049
0.0921223
-0.0329228
0.0511265
-0.485307
-0.185973
0.0725193
-0.274376
-0.25939
-0.0425851
0.0743811
-0.0810111
-0.0590463
-0.329837
-0.25021
-0.543734
0.0758782
0.126187
-0.141641
-0.0712956
0.0865484
0.0118736
-0.637443
0.0719971
0.178517
0.213737
0.0234955
-0.292095
0.164324
0.0640118
-0.760629
-0.216323
-0.210859
0.10916
-0.189799
0.0159017
-0.00643751
-0.315808
-0.0546782
-0.0920512
0.0521198
-0.182194
0.180389
0.0691238
-0.0649941
0.0332071
0.0807517
0.0943122
0.0140834
-0.0319335
-0.00600761
-0.068895
0.343528
0.0394772
0.00262295
0.323488
0.0477371
0.143385
-0.0609454
0.169181
0.0646396
-0.0079353
-0.045064
-0.00855759
-0.125818
-0.196731
-0.0034499
-0.325181
-0.00343164
-0.102929
0.0201284
-0.0694215
0.0934496
-0.046671
0.0812828
0.0399298
0.0738428
0.644008
0.355047
-0.0201969
-0.101119
-0.189467
0.0573221
-0.061838
-0.418904
-0.0800838
-0.0349682
-0.0360483
-0.111786
-0.166855
-0.0616562
-0.157636
-0.270266
-0.160992
-0.198295
0.229524
-0.14196
0.00307064
0.107497
0.155594
-0.0581699
0.036346
0.0587597
-0.117126
0.0390433
-0.178056
0.258013
0.19487
-0.173221
-0.0529297
-0.281444
-0.117439
-0.223011
-0.0326573
0.121957
0.513528
0.169746
0.38343
0.394018
-0.0523362
0.655577
-0.46132
0.03997
0.102943
-0.136313
-0.0749347
-0.2739
-0.105977
-0.119435
-0.0381006
0.100729
0.447746
0.138118
0.0528072
-0.0450562
-0.834405
-0.177495
-0.18484
-0.161342
0.125299
0.149385
-0.121481
-0.314294
-0.198886
-0.217819
-0.0830475
0.107376
0.166218
0.53869
0.22573
-0.116299
0.101348
0.0290012
-0.195341
-0.570578
-0.525166
-0.0758414
0.113645
-0.0941083
0.195325
-0.0180244
0.276615
0.56088
-0.249069
0.130805
0.0654762
0.296293
0.0108615
0.0544321
0.360343
0.0177633
0.113122
-0.400852
-0.266429
-0.00803991
0.229506
0.144874
0.361262
-0.0481734
-0.0679278
0.00584385
-0.217813
-0.100222
-0.0102648
-0.139428
-0.35123
0.00931461
0.242819
0.0403346
-0.692236
-0.0892122
-0.150058
-0.0905702
-0.00185841
0.0315774
-0.366991
-0.285182
-0.134022
-0.306955
0.271227
-0.085844
0.080297
0.098224
-0.0622458
0.130654
-0.136723
-0.0748406
0.113149
0.20848
0.039279
0.377811
0.639933
0.0535691
0.213261
0.213572
0.157014
0.193155
0.176593
0.103126
0.0332293
0.0368887
-0.0595901
0.372214
-0.285196
-0.131229
0.125137
-0.261179
-0.236799
-0.0385379
0.0917321
0.21988
0.132591
-0.0121982
-0.281735
-0.0644075
-0.054757
0.0331813
-0.141211
-0.210286
-0.0786974
-0.191086
0.0565904
-0.33265
-0.0118419
-0.0301719
-0.21768
0.0209569
-0.10635
-0.184837
0.137451
-0.11317
0.0529371
0.0631012
-0.0676914
-0.0461678
-0.157056
