0.385353
-0.0833313
0.220844
0.188985
0.164961
-0.14146
0.108909
0.13319
0.257795
0.73005
-0.0306323
0.047721
0.137691
0.0267398
0.0679086
-0.287597
-0.155507
0.0681829
-0.776668
-0.138837
-0.0911229
0.107075
0.0876434
-0.101513
-0.14338
0.0273859
-0.0172068
0.237576
-0.0649922
-0.0536592
0.26733
0.28461
-0.7641
-0.133808
0.128715
0.139552
0.0979549
-0.0877418
-0.0298922
-0.109397
-0.230952
0.073172
0.00712821
-0.136551
0.136684
-0.124254
0.398903
0.245896
0.253603
0.195723
-0.00855368
0.144922
0.0312686
0.146231
0.131676
0.00660053
0.0433674
0.28544
0.0823826
0.127034
0.0437117
0.199651
0.000339876
-0.0392665
0.259874
0.132719
0.0228193
0.17955
0.035864
-0.0595209
-0.132479
-0.306091
-0.0368353
0.38475
0.111311
0.205574
-0.0361255
0.133099
-0.395208
-0.0918304
0.00487716
-0.613947
-0.37209
0.109614
-0.164387
-0.449463
0.134556
0.578766
0.698906
0.290196
-0.206443
-0.0602767
0.0272556
0.277862
-0.344319
-0.148669
-0.0556307
-0.144839
0.222146
-0.265936
-0.0635578
0.118786
0.161078
-0.460723
0.0287321
0.226156
0.131693
0.136127
-0.288938
0.244198
-0.277851
-0.182216
0.0821841
-0.437049
0.026868
0.0947483
0.425881
0.185686
-0.208862
-0.0372557
0.196563
-0.148671
-0.407197
0.23852
0.459472
0.168236
0.123112
0.215018
-0.106826
0.0295
-0.160128
0.135221
0.149547
0.0146603
0.379113
0.0767859
0.0128219
-0.00222305
0.105017
-0.166749
0.214062
-0.123692
0.326581
-0.0343696
0.00881998
-0.382258
0.303534
-0.531339
-0.116889
-0.302693
0.0161146
-0.0666762
0.541362
0.112741
0.128
0.209218
-0.463108
0.0630913
0.0846393
-0.138011
-0.00704966
0.257482
0.151223
0.00384268
-0.0876436
0.00209896
0.052111
0.109354
0.57257
-0.259227
0.198396
-0.0175159
-0.189506
0.029318
-0.121165
-0.230625
-0.588973
-0.0622587
0.112668
0.156934
0.0246056
0.518317
0.243655
0.0334293
-0.0159386
0.381794
0.415988
-0.000850848
0.387471
0.00465062
0.0114733
-0.0257178
0.336094
-0.182313
-0.11616
0.502361
0.0910649
0.0291871
0.151597
-0.0763377
-0.0566562
0.167394
0.171942
-0.0895418
-0.17678
0.162456
0.319551
-0.0959101
0.191528
-0.665664
0.0575021
0.287163
0.611456
0.557136
0.0489025
-0.00949319
0.00553351
0.0562803
-0.17645
0.0423114
-0.363886
-0.37004
0.191201
0.286238
-0.512246
0.171145
-0.120803
-0.149967
0.124432
0.0448133
-0.0723073
-0.0219186
-0.192755
0.138411
0.307587
0.0695343
0.165835
0.226493
-0.110919
-0.452131
0.386536
0.179032
0.336507
-0.0263422
-0.13883
-0.228997
-0.152542
0.0728309
0.128284
-0.0314232
-0.42208
0.12602
0.217189
0.0878333
-0.212218
0.372598
-0.182138
-0.141173
-0.0304024
-0.0613263
-0.221211
-0.0113527
-0.192042
-0.237499
-0.0138524
-0.769278
-0.324385
-0.204774
0.0691266
0.0350387
0.0449297
0.139828
0.105179
0.0361442
-0.123795
-0.24969
-0.0102868
-0.429346
-0.241908
-0.00336293
-0.142356
-0.1609
0.040401
-0.164179
-0.131118
-0.169866
-0.0993029
0.214373
0.0992498
0.0397306
0.289251
0.137012
0.242074
0.0876249
-0.0894868
0.266674
-0.0683739
-0.171112
-0.333029
-0.0443571
-0.27674
0.318038
0.138579
0.0954718
-0.0521967
0.221881
-0.0636863
-0.46244
0.433055
-0.208273
-0.752198
-0.0253714
-0.182151
-0.365013
-0.00941042
-0.315835
-0.0817443
-0.103036
-0.0120709
0.519769
-0.150175
0.0251338
0.0698245
-0.0538559
-0.382068
-0.296379
-0.139158
0.0556301
0.133521
0.0548262
-0.104153
0.191004
-0.0547732
0.0208302
0.122652
-0.13571
-0.257803
-0.429778
0.0527162
0.0289058
-0.228018
-0.0673811
0.0853721
0.110208
0.152949
-0.0189823
-0.15834
0.230745
-0.14601
0.00750237
-0.0578447
-0.0826438
-0.0471882
-0.108731
0.320048
0.75026
0.267985
0.0777604
-0.502735
0.0947479
0.0768658
0.116711
0.236562
-0.00462194
-0.0471227
-0.154418
-0.027658
-0.186171
-0.0336755
-0.194568
-0.0447478
-0.246861
0.274414
-0.0211993
-0.279763
-0.261662
0.0183641
0.201076
0.711472
0.198161
0.16751
-0.0671536
0.0711209
-0.171872
0.104402
0.0128191
0.169048
0.0682296
0.0437197
-0.0272353
-0.0360446
-0.0430962
0.243529
-0.0627005
0.216805
-0.0913793
-0.0783619
0.0693988
-0.0223476
0.292416
-0.0415941
0.255688
0.224533
-0.0582006
-0.385444
-0.230915
-0.166777
-0.0349066
0.0191937
0.173597
0.280445
0.0211879
-0.257014
-0.0269021
0.152266
-0.404193
-0.0605414
0.32966
0.116144
0.412967
0.272562
0.556078
0.28241
0.0562847
0.156262
0.244801
0.496517
0.0835752
-0.0496876
-0.242126
-0.0913993
-0.344682
-0.350692
-0.227693
0.137908
-0.475697
-0.692335
-0.440027
0.204687
-0.19914
0.024631
-0.0147705
-0.206253
0.0753415
-0.0610156
-0.0644802
-0.0446669
-0.000727524
-0.0924997
-0.144416
0.0256207
0.037243
0.0690964
-0.420582
-0.0449707
0.186759
0.05838
-0.000502478
-0.309099
0.263623
-0.416576
0.00869235
-0.181031
-0.268288
-0.0307913
0.0383712
-0.0989205
0.431038
0.144063
-0.0485912
-0.241908
0.111693
0.0157463
0.0448054
-0.444978
-0.115775
0.499718
0.30625
-0.0507118
-0.147953
0.221477
-0.239103
0.0485473
0.0292731
-0.00843764
-0.300099
0.603697
-0.0867541
-0.0094153
0.00175805
-0.0393277
-0.00552918
-0.0663871
0.126286
0.0941791
0.0234978
-0.109472
-0.0700381
-0.160972
0.12001
-0.0386445
-0.0308046
-0.208427
-0.0273435
0.0840769
-0.232465
-0.635781
-0.0796553
-0.133012
0.0891912
-0.315126
0.0810765
-0.188354
-0.308064
0.511221
0.0682271
-0.0157273
0.0299937
0.0269616
0.0722809
-0.0253004
-0.0925115
0.179317
-0.101928
0.116344
-0.0577305
0.348852
-0.00281216
0.130823
0.138748
0.229334
0.270691
0.0388463
-0.375595
0.225877
0.0121582
0.0228397
0.0190655
0.10457
0.128551
0.518715
0.174647
-0.00467152
-0.141237
0.322299
0.132501
0.136379
0.377414
-0.267225
-0.118868
-0.178734
0.35976
0.247949
-0.025549
0.0209168
0.399696
-0.135349
0.0210269
-0.0987123
-0.128568
-0.0327306
0.0126858
0.3678
0.266018
-0.208733
0.0985977
-0.265671
-0.063974
-0.350702
-0.120825
0.0497495
-0.138094
-0.327178
0.295532
0.0508396
0.0749362
-0.0781454
0.029046
0.345318
-0.0881688
0.091934
-0.111752
-0.0564486
0.0933095
-0.00357346
-0.0387157
-0.451193
-0.219359
0.09568
-0.324895
0.125444
0.270736
-0.000803114
0.0166234
0.178316
-0.269586
-0.269422
-0.0887519
-0.0731691
0.200243
0.0616985
0.0329761
-0.080058
-0.111238
0.179592
-0.0921982
0.302893
0.106733
-0.468191
0.123922
0.0379925
-0.18579
0.052223
0.487097
-0.0417154
-0.0666148
0.0178079
0.184791
0.021044
0.349681
-0.0951401
0.0547848
-0.221514
0.0125297
-0.281793
-0.206664
0.413525
0.0674844
0.0304054
-0.18566
0.350604
0.11439
-0.197051
0.181915
-0.0238393
0.115555
-0.265312
0.110688
-0.00666473
0.52792
0.487292
0.147514
0.0467546
0.0738727
-0.165907
-0.0199012
0.0265691
-0.0551645
0.0512477
0.213105
-0.0269477
-0.306209
0.0132833
0.0739263
0.442183
0.0550466
-0.144371
-0.377404
-0.183699
0.178889
0.202835
0.0616129
0.0515064
0.108814
0.130232
0.144024
-0.115551
-0.458265
-0.552466
-0.0961092
-0.176425
-0.419728
0.149513
-0.205563
0.279078
-0.461534
-0.159609
-0.00159042
-0.0261395
0.028169
0.0206182
-0.276743
-0.0783959
-0.128379
-0.200786
-0.227686
-0.0588059
-0.217145
-0.36912
0.146087
-0.153468
-0.118284
-0.0277639
-0.11517
-0.333183
-0.349307
-0.286244
0.0751081
-0.122108
-0.0693779
0.21363
0.32693
0.100556
0.103333
-0.127011
-0.259151
0.0615296
0.064851
0.218051
0.075416
-0.0235231
0.535546
0.389044
-0.138331
0.061103
0.251656
0.612592
-0.347035
0.177195
-0.448011
-0.0814414
0.174864
-0.138369
-0.0719669
0.00136404
0.108224
0.068885
-0.109889
-0.161102
-0.0342476
-0.0216226
0.00808595
-0.0407899
0.0298717
0.0635664
0.114112
-0.0664461
-0.00577971
0.0210854
0.132167
0.50174
0.421625
-0.179556
0.167674
0.488612
0.138381
-0.238373
0.0348566
-0.154751
-0.0656333
0.226852
-0.192783
0.116876
0.0363114
0.162861
-0.0904645
0.513763
-0.00134907
0.332635
0.157877
-0.0958079
-0.0818457
-0.0588864
-0.211998
-0.142083
0.365092
0.0676498
-0.240357
0.0155232
-0.317559
0.0435156
0.15327
0.00759367
-0.215494
-0.348667
-0.043539
-0.185817
-0.0667073
-0.0281693
0.00233495
-0.0898483
0.0168351
-0.272337
-0.159508
-0.0908786
-0.156654
0.150881
-0.0623201
0.40394
0.0772581
0.0142215
0.244188
0.0300434
0.0220199
-0.0359176
-0.367746
0.575709
0.375021
0.0584179
-0.137614
0.262199
0.0451662
-0.256784
0.490993
-0.646484
0.038951
0.0179638
-0.0923135
0.154059
0.486097
0.1103
0.264189
0.0312558
0.678695
0.135661
0.0441573
0.105539
0.0313113
0.0451829
-0.0629932
0.0266773
0.108486
0.082865
-0.0459216
-0.140957
-0.0954615
-0.072168
-0.0257833
-0.203929
-0.202102
-0.339153
0.238276
0.00265574
0.0865356
0.132064
-0.169599
-0.400329
-0.221218
0.0209611
0.041407
0.312977
-0.231523
-0.0376494
-0.0552445
0.0296107
0.127579
-0.423168
0.0186398
-0.0952403
-0.00523597
-0.175608
-0.359371
0.0858461
-0.226438
0.0484432
0.697414
0.213574
-0.0300535
0.163553
-0.255207
-0.405946
-0.0753475
0.419575
-0.115422
0.0142823
-0.0289762
0.134694
0.111413
0.500499
-0.0196872
0.185984
-0.181845
0.116043
-0.305884
-0.630085
0.167415
-0.35818
-0.229429
0.0735173
0.0784453
-0.0163568
0.222525
-0.0346857
-0.145699
0.215793
-0.101089
-0.176116
-0.102493
0.35592
0.0131614
-0.0593935
-0.144896
0.410573
-0.0963483
-0.0633805
-0.378199
-0.0462128
0.0268067
-0.290495
0.00573661
0.0143344
-0.139855
0.0797343
-0.323503
-0.0717236
0.188129
-0.04617
-0.208206
0.16054
0.0198904
0.115197
0.152873
0.134511
0.0754051
0.269413
0.0599483
0.057751
0.0546767
0.441257
0.146959
-0.159236
-0.0842224
-0.0831317
-0.106994
-0.391778
0.105338
-0.0878146
0.0611526
0.0756038
0.301766
0.0135892
0.0932797
-0.15216
0.112378
-0.0905284
0.0551211
-0.187812
-0.0248628
0.213146
0.328119
0.0534941
-0.00158029
0.000321779
-0.127335
0.187454
0.191786
0.493669
0.154883
0.0433431
-0.298201
-0.0408063
0.0242552
0.143685
-0.00570508
0.131324
-0.0286877
0.318073
0.0569799
0.0650792
0.0324365
0.295211
-0.409593
-0.0912001
0.130613
0.0689545
0.125142
0.10887
0.0118149
0.049892
0.0552662
0.307635
-0.195153
-0.327581
-0.616176
-0.207087
0.171205
-0.00803015
-0.12326
0.0276565
0.188041
-0.149911
0.181152
0.175264
0.0308942
-0.0374495
-0.119995
0.194626
-0.394523
0.300716
0.063662
-0.0419292
0.112824
0.475934
0.0250053
-0.0600713
0.318821
0.373572
-0.00422456
0.0592241
0.0302448
0.0639285
-0.0534213
-0.107588
0.17195
-0.210434
-0.937269
0.221871
-0.00649109
-0.0952046
-0.0832315
0.42195
-0.0672999
-0.14067
0.0925462
0.284184
-0.457464
0.188704
0.00236944
0.354359
-0.141081
0.0449511
0.0189613
0.276709
-0.202807
-0.229418
0.0191117
0.164254
-0.133655
-0.163735
-0.13412
-0.106461
-0.107593
0.0644297
0.0391086
0.020827
0.0150116
-0.00994246
-0.0313946
-0.373934
-0.0220569
0.076707
-0.100337
0.196452
-0.0918866
0.510844
0.173267
-0.0895279
-0.113649
-0.16267
0.0449005
-0.00433394
0.00446651
-0.0876994
0.132079
0.137543
0.0716441
-0.0707524
-0.458352
-0.104158
0.233357
-0.146426
0.101386
0.594723
0.666416
0.136505
0.0286911
-0.19642
-0.232864
-0.313688
0.202112
-0.057864
0.313921
0.0357016
-0.0295526
0.251045
0.0491404
0.0402683
0.0373285
0.0553965
0.0886432
0.0580376
0.489162
0.0867192
0.139746
0.178239
-0.186741
0.0477669
-0.173053
-0.22528
-0.186333
-0.370267
-0.402881
-0.222803
0.23578
-0.494084
-0.24108
-0.314043
-0.233527
0.202962
0.315316
-0.119656
-0.0540797
0.00400697
0.263408
0.0501067
0.00116947
-0.108442
0.440335
-0.090153
0.0880654
0.331758
0.23269
-0.149569
0.0929725
-0.120747
0.151342
-0.00298569
-0.0146477
0.00323122
0.298311
-0.129234
0.0738384
-0.266438
0.112778
-0.0851066
-0.21042
-0.052625
0.368489
-0.199144
-0.0147907
0.127656
-0.21892
-0.567365
-0.0637417
0.207055
-0.0702309
0.185704
-0.142626
0.0798223
-0.331111
0.0191051
0.0373174
-0.0496846
-0.301473
0.00809689
-0.495571
0.359822
0.258477
0.190177
-0.205385
0.238086
0.122268
-0.0318205
-0.435424
-0.156047
-0.0200154
0.212525
0.00727045
-0.105379
0.0189212
-0.0238858
-0.128975
-0.288099
-0.328007
-0.146341
-0.153534
0.000555989
-0.0975528
0.217643
0.19156
-0.294825
0.117656
0.368103
-0.0291471
-0.0686057
0.0143254
-0.159988
0.0106774
0.0574725
-0.24157
-0.163007
0.0317113
0.081162
-0.110454
-0.206587
0.141697
0.0470202
-0.210498
-0.139654
-0.070559
-0.113358
0.0378886
-0.0631718
-0.0980716
-0.198262
0.0419109
0.0763005
0.102563
-0.181646
0.465631
0.177134
0.22524
-0.00199767
0.328805
0.0766865
-0.0918954
-0.270853
-0.159907
-0.162144
0.150441
0.140883
-0.103673
0.0921907
0.100448
0.0187273
0.187556
0.909954
0.11263
0.49387
0.508245
0.449419
0.287322
-0.159017
-0.362439
-0.0276426
-0.130256
-0.0711073
0.0722598
0.650856
0.623773
0.0688645
0.0746713
0.0440193
-0.0136557
-0.0931956
-0.146091
0.0248368
0.0962502
-0.268913
-0.192768
-0.0275428
0.0780201
0.34875
0.170196
0.0556791
-0.0168794
0.142523
0.0367457
-0.280115
-0.159946
0.0292377
0.149724
-0.305761
0.441319
0.0133234
-0.0965616
0.0682938
-0.377907
0.0691473
-0.07351
0.23466
-0.222932
0.0860858
0.482081
0.336593
0.0376844
0.0818556
0.122765
-0.00129929
-0.0649557
0.239227
0.118631
-0.303263
-0.317312
0.0833789
-0.0128009
-0.0184162
-0.782069
-0.299629
-0.0223599
-0.000692354
-0.00115866
-0.0749985
0.199642
-0.0350491
-0.00516406
-0.143261
0.00337315
0.285743
0.0941478
0.208239
-0.035332
0.360724
-0.0456236
-0.0103095
-0.104547
0.0881921
-0.0877072
0.165574
-0.0836805
-0.0468538
-0.111252
-0.0421813
-0.130543
0.518492
0.279468
-0.427661
0.554379
-0.301329
-0.147605
-0.162645
0.00481221
-0.100492
-0.258376
0.0641447
-0.0829618
0.0747173
0.0489055
0.310625
-0.00432103
-0.00440099
0.00122162
0.127539
-0.00367607
-0.0657101
-0.39182
0.31657
0.455295
-0.389566
-0.380365
-0.0784813
-0.0115398
0.160246
0.105388
-0.0616135
-0.26453
-0.212444
-0.212741
-0.0433823
-0.183977
0.00376738
0.173416
0.215362
0.00286064
0.0431626
0.231723
0.0211054
-0.163669
-0.320171
0.064929
-0.0673177
0.0519364
-0.0711183
-0.116429
0.0424419
-0.182758
-0.00498143
0.386691
0.127866
0.0745574
0.159847
0.129952
-0.11059
0.18691
-0.126785
0.133439
-0.00461806
0.289097
0.058689
-0.142236
-0.0418268
0.166007
0.0928998
0.0476971
0.102733
-0.0739813
0.0683097
0.340372
0.0992255
-0.291449
-0.0132273
0.072225
-0.0634907
-0.140945
-0.117841
-0.305707
-0.0362903
-0.217962
0.0084017
-0.183445
0.0191726
-0.0204913
-0.0563202
0.123068
0.0630361
0.124137
-0.27008
0.267307
0.293993
0.0826989
0.0889596
0.248563
0.00611497
0.104294
0.207166
-0.149839
0.428853
-0.0431419
-0.0457103
0.121296
0.110398
0.176969
-0.209778
-0.413565
0.0302395
-0.351491
0.060579
0.341317
0.0745243
-0.0647602
0.0199148
-0.0986769
0.00980547
0.168567
0.0196746
0.0412863
0.21194
-0.156758
0.307148
0.0883416
0.0908326
-0.126539
0.0144926
0.265749
0.00677883
-0.0854446
0.167057
0.0299582
0.0883057
-0.05499
-0.130276
-0.00750304
-0.0387328
0.00675634
0.19915
-0.0516544
-0.144799
0.116065
-0.262087
-0.518446
0.0217384
-0.239569
0.0681016
0.0833775
0.238765
0.35641
0.0284776
-0.0618222
-0.0459503
0.355014
-0.209678
-0.282277
-0.0347009
-0.438848
-0.0232141
-0.0835409
-0.138526
-0.149556
0.0432771
0.218099
0.256104
0.616686
0.247376
0.355621
-0.115211
-0.250141
-0.0396175
0.00831965
0.112279
0.38682
0.147397
-0.0416711
0.136102
0.188498
-0.0176362
-0.103676
0.0529841
-0.469499
-0.219785
-0.047799
0.0666489
-0.162858
-0.306125
-0.0421173
-0.330832
-0.033694
0.224542
-0.0672655
0.224092
0.186991
-0.345298
0.0729174
-0.245091
0.143302
0.0466346
0.316775
-0.0220009
0.110225
-0.0533401
0.187046
-0.227306
-0.310465
-0.115771
-0.153071
-0.271492
0.0651727
0.11225
-0.504684
-0.240936
0.0275673
-0.0891069
0.140526
-0.0400375
0.189839
-0.0688355
0.388624
-0.0768993
0.077456
0.0669927
-0.0649117
-0.15952
-0.0497313
0.00170063
0.0684298
-0.259691
-0.0140781
0.220456
0.18457
0.114289
0.00351034
0.0926708
0.319136
-0.0266378
-0.525047
-0.0080284
-0.163132
0.0758196
-0.0649222
-0.0846125
-0.308137
-0.147344
0.0787874
0.760025
0.451692
-0.0537993
-0.0867094
0.00538213
0.172614
-0.136628
0.420424
-0.13436
-0.338255
-0.23419
-0.102789
0.0519968
-0.234322
-0.0522624
0.533365
-0.270061
0.0244205
0.146336
0.529012
0.0293115
0.245546
0.0333717
0.0160137
0.17687
0.137999
-0.0461993
0.411831
0.0810737
0.140515
-0.133128
0.362503
-0.346168
-0.430748
-0.0869787
-0.0243835
-0.166831
0.0230487
-0.209281
0.0693757
0.0105811
0.0746358
0.0868632
0.261087
0.307567
-0.013455
0.17582
0.221107
-0.48892
0.255495
0.563471
0.0258859
0.0106162
-0.54652
-0.0349479
-0.438069
-0.720997
-0.509495
-0.0824942
-0.457138
-0.119682
-0.155758
0.525682
-0.240145
0.234271
0.182493
-0.383123
-0.105655
0.0443571
-0.0395716
0.0294614
0.0585077
0.213395
0.336588
0.369197
0.202026
-0.272535
-0.326565
0.0221014
0.351247
0.139212
-0.000987368
0.0140945
-0.259963
0.223569
0.170859
-0.0692374
-0.0407033
-0.112324
0.0432981
-0.275628
0.0232989
0.000852002
-0.168613
-0.0467842
-0.146264
-0.0235314
-0.275475
-0.26067
0.183739
0.220658
-0.0938812
-0.0648306
0.0157603
-0.0463065
0.273419
-0.244024
0.254561
0.0867547
0.018485
-0.0316597
-0.0154454
0.0547942
-0.237573
0.247632
-0.117546
-0.137945
0.238084
0.0807956
0.264544
0.0741278
-0.19257
0.174794
0.30647
-0.00645632
-0.101928
-0.496053
-0.0324479
-0.0826395
0.0980285
-0.00443178
0.0357527
-0.122788
-0.0861638
-0.0118967
-0.165243
-0.145454
0.199937
-0.216731
-0.248399
-0.175534
-0.0429363
0.232149
-0.0800293
-0.212719
-0.0901435
-0.437787
0.307056
0.0349336
0.0475254
-0.0113107
-0.126626
-0.303259
0.0819677
0.0395623
0.0365827
0.183421
-0.176009
-0.0150028
-0.119498
-0.382549
0.0596371
0.194735
0.0753796
0.00742269
-0.196462
0.0613455
0.214208
-0.0530163
-0.103062
0.151871
0.324362
0.212611
0.262241
-0.0841403
0.399438
0.201915
-0.0929006
-0.239366
0.058896
-0.0992447
0.110906
0.121574
-0.0101362
0.330362
-0.444548
-0.635996
0.0812051
-0.446092
0.0616693
-0.2165
-0.0421042
-0.102776
-0.132401
-0.4947
0.0847438
-0.0016433
0.0243389
0.0422577
0.111431
0.0513782
0.0754465
0.199694
0.271393
0.481558
-0.0890214
0.486148
-0.165091
-0.33991
-0.140524
-0.107845
0.00951097
0.549755
-0.296577
-0.318284
0.109363
-0.0297454
0.0687027
0.0110047
0.0460585
0.169641
-0.131381
0.0335325
-0.238392
0.152557
-0.125504
-0.110127
-0.108395
0.0642579
0.00538268
0.718677
0.0814165
-0.17068
0.0135754
0.097924
0.224202
0.0754224
-0.00583697
-0.082951
-0.476896
-0.164393
-0.0786728
-0.0550556
0.00617975
0.0154506
0.128854
0.0390983
0.140975
0.427243
0.123794
0.114447
0.050414
0.26563
0.0531563
-0.286335
0.00149353
0.219518
-0.371922
0.223666
0.0597056
-0.165169
0.156536
-0.0786416
0.0867976
-0.329283
-0.159008
-0.0310196
0.0188906
-0.143899
-0.110462
0.111359
0.043699
-0.208229
0.392287
0.676072
-0.0425044
0.136661
0.264922
-0.12076
-0.0101984
0.139805
-0.165389
-0.207541
-0.307517
-0.173705
0.136921
0.652133
0.0956837
0.235051
0.190369
0.190214
0.173218
-0.177709
0.0937783
0.0628566
0.348196
0.028035
0.088344
-0.248892
-0.0995333
0.128584
0.141642
0.208739
0.089441
0.230742
-0.125925
-0.120483
-0.117177
-0.166027
0.0199963
-0.0947741
-0.447285
0.316128
0.163356
0.0234821
0.00277216
0.213721
-0.0356094
-0.276286
-0.340243
-0.0768597
0.000494398
0.0289744
-0.0852999
-0.121853
-0.0397239
0.00588107
-0.145115
-0.0485378
0.0591809
0.164529
0.509939
0.232482
-0.145703
-0.00551688
-0.413077
-0.000571717
0.122342
-0.220553
-0.228308
-0.249773
-0.0156433
0.188883
0.0107595
0.174669
0.151665
0.14144
-0.196016
-0.419365
-0.332858
-0.161744
-0.0259129
-0.0870495
-0.00324459
0.179804
-0.624796
-0.0347814
0.117306
0.371302
0.0239432
-0.107488
-0.434727
0.248389
-0.0378887
-0.131119
-0.146014
0.0704347
0.361468
-0.218862
0.0538706
0.128904
0.128113
-0.207607
-0.188758
0.368071
-0.219262
-0.0139917
0.322096
0.101732
0.146514
-0.0597059
-0.193145
0.0918541
0.167705
0.0202477
0.375453
0.0314246
-0.00676083
-0.300592
-0.31572
-0.156597
0.0870697
-0.046316
-0.221468
0.123061
0.155061
0.61512
-0.17589
-0.312642
-0.316403
-0.0698076
-0.0829723
-0.0335537
-0.119264
0.00101618
-0.649676
0.159139
-0.0226319
-0.0182933
-0.209381
-0.385382
-0.172559
-0.483446
0.0728266
-0.0185011
-0.0070923
0.17194
0.429333
0.330128
0.288668
-0.114666
0.226314
0.0482036
0.144709
-0.260843
0.165631
-0.0365304
0.326432
-0.088546
0.0348181
0.029374
0.0599986
0.14912
0.0330874
0.360157
0.370295
-0.0529402
-0.15169
-0.0565598
-0.09454
0.0824013
0.120762
-0.20207
0.218342
-0.158001
-0.0419297
0.1595
0.0952295
-0.113349
-0.0750173
0.467772
-0.0265263
0.0380528
0.102291
-0.00247723
-0.0322699
-0.121693
-0.346784
-0.303119
0.00556885
0.282103
0.110396
0.427195
-0.141237
-0.0784843
0.244547
0.123161
0.210108
-0.0309048
-0.102846
-0.0356244
0.109499
-0.148171
0.0930237
0.179958
0.0736825
-0.59951
0.151947
0.0485857
0.113567
0.0525101
-0.0174735
0.262196
-0.276119
-0.102794
-0.367771
-0.555831
-0.202438
-0.51343
-0.059275
0.0846552
0.161327
0.102165
0.652232
-0.173689
0.346465
0.280403
-0.0355865
-0.308367
-0.401179
-0.12944
0.150247
-0.019147
0.436401
-0.0422471
-0.280105
-0.147391
0.0333054
-0.176886
0.202193
0.0332453
-0.128987
0.00227063
0.0512212
-0.0350514
0.140051
-0.303172
-0.0139321
-0.068238
-1.12112
-0.0815119
0.156724
-0.131528
0.0875999
-0.118719
-0.0146309
0.234065
-0.367739
-0.123991
0.00380056
-0.387318
0.0215361
0.244675
0.0911813
0.0155969
0.0163942
0.00627083
-0.0328135
-0.0522439
0.140802
0.0764686
0.0974759
-0.0728056
-0.0411339
-0.0504261
0.056491
-0.399171
-0.388855
0.058566
-0.354394
-0.00696369
0.0751567
0.670483
-0.627046
0.00970496
0.505634
-0.107732
0.0742054
-0.114952
0.0860676
0.0862451
-0.10613
-0.00875249
-0.0333722
-0.204712
-0.311191
0.0977486
-0.17571
-0.0477786
-0.544393
-0.106646
-0.268694
-0.016079
0.316054
0.220429
-0.0410887
-0.068439
0.169519
0.253867
-0.119438
0.182443
0.423001
0.338332
0.155356
-0.356062
0.0247361
-0.0410488
-0.198016
-0.305199
-0.0266327
0.105536
0.237383
0.112586
0.120104
0.0390995
0.335006
-0.0759421
-0.244591
-0.261642
-0.27098
0.0487562
-0.0822676
0.12285
-0.179808
0.0200394
0.0172682
0.0306031
-0.146201
0.206483
0.125562
0.685364
0.00909746
0.127837
0.173245
0.537823
-0.0250036
0.249752
0.17869
-0.165682
-0.438252
0.0874705
0.22079
-0.0736041
-0.0681302
0.218368
-0.197105
0.126573
-0.438855
-0.323478
-0.329699
0.179798
0.042973
-0.0679835
-0.0583458
0.0910043
-0.245647
-0.162596
-0.106084
0.235344
-0.0250512
0.069149
0.341315
0.415361
0.460485
-0.0547099
0.0654672
0.130162
0.0194871
0.0919696
0.415208
0.196947
-0.69131
-0.499065
-0.0916177
0.0219591
-0.131446
-0.0739039
-0.364488
-0.0765756
0.120289
0.0412126
0.0131972
0.0519363
-0.161851
-0.0638401
-0.348506
0.00595055
0.448222
-0.24378
-0.217411
0.183208
-0.0160519
-0.00083843
0.0510565
0.0218588
-0.501675
-0.187737
-0.126961
-0.260158
-0.143685
0.0427103
-0.0377484
0.13414
0.00766222
0.262563
-0.263124
-0.117371
0.0145813
0.102838
-0.00742174
-0.26566
0.415235
-0.206573
-0.0689718
-0.085159
-0.0715416
-0.0897917
-0.0256928
-0.176048
0.151546
0.195327
0.397027
-0.00685502
0.00972055
0.328709
0.258871
-0.110922
0.151391
-0.150112
0.241869
-0.24756
0.582369
0.343668
-0.129299
-0.31766
-0.119024
-0.205468
-0.23036
0.333077
0.0677335
-0.202113
0.140971
0.290585
0.181595
0.172472
-0.0117439
-0.0383656
-0.444764
-0.288464
-0.149919
0.0733227
-0.0212469
0.0555699
0.014469
-2.26177e-05
0.219641
-0.18377
0.00127448
-0.202087
-0.0883422
0.046162
0.681355
-0.135939
0.199604
-0.184494
-0.0715878
-0.0207362
-0.0695241
-0.180751
-0.711936
-0.0989895
-0.00682027
0.217457
0.0168175
0.395767
-0.243208
0.111168
0.492869
-0.085349
-0.053191
0.73697
0.16441
-0.158693
0.0681025
-0.145677
0.0737508
0.465051
0.0135506
-0.41583
-0.336448
-0.122593
-0.085869
-0.0608534
-0.5866
-0.0649671
-0.488094
-0.157185
0.0894685
-0.329434
0.043955
0.0576937
-0.0170163
0.299036
-0.125134
0.477152
-0.0201849
-0.0488039
-0.48968
0.0603589
-0.179285
-0.0718175
-0.0553639
0.124977
0.461326
0.183837
-0.0431642
-0.0973852
0.0664521
-0.251821
-0.0257624
0.01462
-0.321452
-0.0640277
0.0757077
0.108793
0.345
0.0940175
-0.184867
0.202913
0.365182
0.504018
-0.0899323
-0.0384388
0.175162
-0.0205246
0.00857899
-0.0721417
0.284998
0.222709
0.26866
0.0209253
0.10611
0.0280073
0.0733036
0.389236
-0.460046
-0.0274631
-0.551788
-0.470014
-0.0777991
0.152019
0.197521
0.325364
-0.283935
-0.399205
-0.154337
-0.0681689
-0.277549
0.124378
0.273758
0.139303
0.241549
-0.206816
-0.353342
0.174768
0.268464
0.538269
0.190985
0.148464
0.0376549
-0.114736
-0.271135
0.0953606
-0.101205
0.381375
0.126223
-0.122245
0.039618
0.890618
-0.117184
-0.0138524
0.157228
-0.394471
0.207243
-0.0235657
-0.136799
0.0510829
0.238328
0.0714865
0.603086
0.0288207
0.0394832
0.0284663
0.0738403
0.207036
-0.0106991
0.11037
0.0843949
-0.048372
-0.229471
-0.0398218
0.172456
-0.0371985
0.00186811
-0.0418536
-0.341997
-0.476417
-0.0341635
-0.135842
0.115939
0.240342
-0.168908
0.117744
0.182761
-0.106049
-0.0331456
-0.139491
-0.0393956
-0.011165
0.15464
0.38413
0.0577141
0.155071
-0.414716
-0.0154891
0.375908
0.48784
-0.0453954
-0.0713577
-0.0951654
0.248686
0.0251684
0.109351
0.0383848
-0.0263527
0.251578
0.131297
0.431749
0.199774
-0.233313
0.0200224
0.0475984
0.306441
-0.0883805
-0.00684662
0.144206
-0.174419
-0.257384
-0.0103599
-0.272257
-0.0851201
0.692322
0.113421
-0.235486
-0.131416
-0.121049
0.0692637
-0.0353928
-0.0863738
-0.378633
0.131858
-0.128179
0.137218
0.0894107
-0.133338
-0.281753
0.107607
0.217552
