0.241251
0.0442201
0.317066
0.082931
-0.311987
-0.159242
-0.112968
-0.383568
-0.404233
0.216682
0.226833
-0.0641894
0.00167625
0.139248
-0.107607
0.38065
0.409958
0.226789
0.844221
0.23966
-0.0868323
0.134345
-0.108718
0.152828
0.0203573
0.106022
-0.307183
-0.0334167
0.0148029
0.018438
-0.126699
-0.277469
0.270603
0.100907
0.32596
-0.33204
0.0603592
0.0802399
0.294247
-0.184279
0.493733
0.0103039
-0.215352
-0.171683
0.239618
-0.221984
0.226684
-0.362172
-0.0980193
-0.0713371
-0.223766
-0.139327
0.195923
-0.0230089
-0.0624155
-0.139188
0.130279
0.325269
0.0833528
-0.172495
-0.0580507
0.407912
-0.223247
0.0897038
-0.305276
-0.104847
-0.0439331
0.26299
0.106721
0.203792
-0.215826
0.292791
0.0104753
-0.0554283
-0.272259
-0.0119526
-0.150447
-0.00149308
-0.283057
-0.0698186
-0.158011
-0.292489
0.0819148
-0.0671347
-0.106377
0.212131
0.153519
-0.0273703
-0.00193311
0.38433
-0.0602283
0.130792
-0.121179
0.00510091
0.130358
0.0165573
-0.102822
-0.113599
-0.0863913
-0.110025
-0.164197
-0.300309
-0.0258721
0.525724
0.261409
-0.0915025
-0.0497058
-0.378512
0.514936
0.103283
0.0156399
-0.0931595
0.148826
0.0128237
-0.271233
0.189561
0.0275522
-0.185303
-0.297624
-0.0448439
0.172588
-0.118626
-0.0652347
-0.119787
-0.0163574
-0.085145
-0.0351264
0.0532581
-0.0447927
-0.132161
0.0199064
-0.378039
-0.0483016
-0.26546
-0.173926
0.0445276
0.0110371
-0.239168
0.209315
-0.0271588
0.164136
0.210154
0.0268457
-0.163878
-0.186855
0.431042
0.0114342
-0.187497
0.0809025
-0.252527
0.12264
0.211094
-0.208008
0.0249257
-0.208838
-0.000409495
-0.247674
-0.124681
-0.291699
-0.127506
-0.144548
-0.262676
-0.000251793
-0.0579057
-0.481667
0.0223906
-0.0924594
-0.0722831
0.225283
0.0731823
-0.264162
-0.0296187
-0.522237
-0.0483581
-0.0709609
-0.275097
-0.267327
0.242041
0.1273
0.315759
-0.262446
0.315257
0.477086
0.233507
-0.221344
-0.0297961
-0.177754
0.0813745
-0.0477931
-0.310693
0.481708
0.0553783
0.525209
-0.285479
-0.323724
-0.493754
0.195248
-0.000495309
-0.152249
0.231326
0.0894976
-0.146124
-0.1149
0.214425
0.668966
0.212859
0.1947
0.159051
-0.147477
-0.219816
0.491289
0.083063
-0.595177
-0.0132756
0.0227708
0.0128387
0.0358677
-0.0427496
-0.0322261
0.0798079
0.186673
-0.196585
-0.131742
0.240884
-0.340584
-0.0717834
0.0384334
0.283921
-0.539044
-0.161282
0.240523
0.72286
0.18424
-0.141707
-0.00261314
-0.0330197
-0.0827983
0.0773552
0.428648
-0.634368
0.225618
-0.223867
0.0819002
0.112711
-0.103076
-0.0462087
0.0462131
-0.0158086
0.0927597
0.0402177
0.0391031
0.0533123
0.0326652
-0.0960614
-0.0215756
0.0642082
0.112574
0.0391653
-0.0789861
-0.176908
-0.204398
-0.120212
-0.262435
0.0349934
-0.355006
-0.114765
0.0340908
-0.474953
-0.00289072
-0.184895
-0.055277
-0.233059
-0.111114
-0.207409
0.0892202
-0.343413
-0.27622
-0.117571
-0.325975
0.114812
0.120092
-0.0501107
-0.260033
0.0740147
0.0638781
0.0548474
-0.130808
0.180401
0.0382378
0.362741
-0.193906
0.115651
-0.0752667
0.224704
0.145647
-0.0493322
0.108346
-0.229916
-0.400689
0.155537
-0.00632948
0.18907
0.134208
-0.0716818
0.0559802
0.356899
-0.694614
0.055898
0.297792
-0.0981935
-0.0171442
0.746163
0.181753
-0.155539
0.237551
-0.0144402
-0.102293
0.0859039
-0.0253709
-0.093269
0.217475
0.0234128
-0.109641
0.0203154
0.122074
-0.0224743
0.200605
0.257012
0.024294
-0.256129
-0.299059
0.0497388
-0.00202032
0.0149708
0.00157947
0.287643
-0.174745
0.602155
0.172011
0.120683
-0.0775591
0.393179
0.11773
-0.0499117
-0.205856
-0.268716
-0.026449
-0.0677818
-0.0343324
-0.19153
0.0378076
-0.0383255
0.0474419
0.216235
-0.0637741
0.338157
0.0196561
0.000755866
0.0698741
0.0584181
-0.0892754
-0.207181
0.0801315
0.341698
-0.307055
-0.0952198
-0.134083
-0.231746
0.0217523
-0.0781955
-0.195272
0.254241
0.123998
-0.0508856
0.120677
0.0410153
-0.121637
0.204718
-0.159532
0.129666
0.209384
0.118173
-0.0356453
0.282117
0.0741599
0.0280662
0.0443092
-0.172359
0.0102455
-0.00728443
0.354109
-0.000379927
-0.0186685
0.302371
0.116079
-0.11397
-0.0123921
-0.0458309
0.0788527
0.170737
-0.0824607
0.127987
-0.147853
0.0405042
-0.31386
0.123287
-0.181659
0.141049
0.289348
-0.0154633
0.103187
-0.0256371
0.356268
0.398592
-0.567122
0.0127204
0.0669281
0.0941044
-0.0698169
0.0104939
0.23477
-0.0154557
0.122133
-0.0317452
-0.086924
-0.197124
-0.0641123
0.181029
0.106159
-0.165345
0.149969
-0.440679
0.421448
0.182407
0.0792194
-0.329975
-0.520982
-0.132582
-0.0032746
-0.0453799
0.201298
-0.0221008
0.040894
0.116545
0.0781645
0.0266831
-0.00256412
-0.121204
-0.246754
-0.107424
-0.221885
-0.011307
-0.184607
-0.0847885
-0.00534691
-0.243298
0.0523705
-0.00519378
0.25095
0.0987843
-0.199067
-0.0803205
-0.301556
-0.0470513
-0.0215236
0.212355
0.255674
-0.00202286
-0.153038
-0.0238439
-0.130819
-0.172835
-0.238714
0.0442343
-0.381678
-0.157579
-0.519566
0.00477113
-0.0313274
0.0250574
-0.242624
-0.0848741
-0.144506
-0.0455016
-0.00848945
0.00458399
-0.385925
-0.0836796
0.0894443
0.027287
0.403388
0.131599
-0.40838
-0.0989787
0.150396
-0.393431
-0.188339
0.0515359
-0.0792227
-0.315956
-0.181165
-0.202857
-0.207791
-0.238754
-0.198993
-0.252103
-0.460543
0.076425
-0.206405
0.0460387
0.416103
0.396538
-0.252137
-0.192644
-0.090189
0.140602
0.0426537
0.228743
0.0125747
-0.213595
-0.0728055
-0.0467816
0.231716
0.127355
-0.282032
0.0681064
0.00308215
-0.00339967
-0.0211142
-0.111139
-0.229958
-0.0511351
0.0207858
0.0488634
0.10931
-0.0621215
-0.12633
0.0644983
0.128513
-0.0375097
-0.280593
-0.0124834
-0.0471436
-0.0360228
0.025455
0.128692
0.00681808
-0.266743
-0.0244458
-0.208753
-0.312211
0.0572903
0.371123
0.0202802
-0.282746
-0.0846217
-0.0838984
-0.740608
0.093635
-0.157747
0.0844589
0.0729048
0.028498
0.0242309
-0.25901
0.356913
0.0837821
0.0304554
-0.0672949
0.143309
-0.0675712
-0.123729
0.388101
-0.0714431
-0.0199477
-0.00463475
0.0670532
0.17602
0.166414
0.0902743
0.0974168
0.130446
-0.0359298
-0.22731
-0.0457429
-0.289521
0.0692955
0.203337
-0.0170644
0.341955
-0.0833917
0.115187
0.0949472
-0.136617
-0.023084
-0.00654455
0.00107366
-0.097363
-0.0819697
-0.00254072
0.259269
-0.276049
0.2087
0.634759
0.40076
0.118202
0.605205
0.0953208
-0.098651
-0.162232
-0.0213439
-0.286066
-0.0522494
0.00180451
-0.143976
-0.0164414
0.0827066
-0.158424
-0.261961
0.424926
-0.407433
0.0171233
0.137901
-0.147355
0.277924
-0.00531004
0.0357184
0.0213138
-0.133899
0.244291
-0.0327586
-0.832803
-0.244247
0.0112322
0.374021
-0.059667
0.0999845
0.199494
0.282683
0.114686
0.127166
-0.0177431
0.0480154
0.0618886
0.262565
0.0156214
-0.121083
-0.0596661
0.0632866
-0.175854
-0.0876842
0.297019
-0.00127742
0.0645376
-0.428482
-0.0900295
-0.171712
-0.162771
0.580616
0.00639745
0.0190156
0.139015
0.0710867
0.114235
-0.0866481
-0.0541857
0.210645
-0.115126
-0.177907
-0.113039
-0.317648
0.113549
0.00769267
-0.247805
-0.207308
-0.187072
-0.335801
0.0389402
0.0328529
-0.0318655
0.014398
-0.108314
-0.0459195
-0.711413
0.022173
0.265853
0.210384
0.305912
-0.111519
0.0139329
-0.132442
0.162412
-0.16165
-0.313585
-0.376358
-0.169674
0.402991
-0.187988
-0.441517
0.385411
0.232472
-0.661697
0.204617
0.180852
-0.0214523
0.299395
0.0421857
0.0820906
0.15935
0.0532715
0.148123
-0.0566511
0.0455506
-0.124943
-0.011375
0.167165
-0.0280535
0.438932
0.00430167
0.240378
0.0574279
-0.105147
-0.0918585
0.00446741
0.0762042
-0.127447
-0.12731
-0.0315413
-0.287694
-0.261772
-0.156305
0.145411
-0.31602
0.0125955
-0.0625087
-0.245324
0.00964029
0.0353191
0.0844099
-0.403285
0.115595
0.0863229
0.0311438
0.240447
0.410055
0.254339
0.16138
-0.10703
-0.10441
-0.481202
-0.585957
0.177409
-0.104861
0.276206
0.231615
0.0681319
0.193244
0.0592319
-0.300588
0.178911
-0.0823735
-0.331708
-0.0029972
0.191858
-0.353107
0.362965
1.18011e-05
-0.285574
-0.0155545
-0.140077
-0.0957739
-0.0555405
-0.0646696
-0.00493602
-0.168533
-0.197147
-0.23214
-0.0782674
-0.236477
0.0286564
0.107608
0.324809
-0.0263246
0.0784141
0.154849
0.312697
0.0478991
-0.0609036
-0.0642868
-0.0424051
0.0752898
0.029092
-0.176568
0.357718
-0.159545
-0.0674201
-0.234628
-0.229341
0.295724
-0.0253605
0.14878
-0.100629
0.312186
-0.27836
0.322406
-0.308974
0.087106
-0.0333847
-0.0846064
0.158781
0.176478
0.414372
0.232171
-0.195179
0.130187
0.0486811
-0.160185
0.00678737
-0.311485
0.492019
0.118663
-0.048139
-0.103027
0.0329341
0.0207087
-0.152787
0.107201
0.024854
0.452524
0.0714137
0.0893988
0.122531
0.142389
-0.16071
-0.032569
-0.0179036
0.242902
-0.0447386
-0.169533
0.123186
-0.0437541
-0.0189714
-0.446624
-0.077497
0.57054
-0.0126493
0.326731
0.0280779
-0.174284
0.330255
0.0244433
0.731661
0.353237
0.260203
0.402807
-0.172871
0.0223815
-0.091553
0.183103
0.170765
-0.152747
0.667277
0.259703
0.138789
-0.0460533
-0.214582
-0.0557861
0.0800753
-0.213612
0.363746
0.134652
-0.0340621
-0.0681123
-0.270994
-0.416306
0.17147
0.0373029
-0.219175
-0.111946
-0.092319
-0.0160635
-0.161056
0.0408174
0.167869
-0.136418
-0.166269
-0.0456407
-0.388792
0.0511724
0.143863
-0.0884135
0.0339971
0.0431015
-0.0723388
-0.0495016
-0.180584
0.109932
-0.106012
0.278009
0.105528
0.0188322
-0.0761977
0.0888672
-0.143049
-0.130296
0.0429931
-0.00166236
-0.0196501
-0.413188
0.304208
0.302713
0.260882
-0.211895
-0.295486
-0.244417
0.0712546
0.0186896
0.00896778
-0.251683
0.187208
0.252233
-0.0330148
-0.0504534
0.0636513
0.131886
0.10647
0.110188
-0.109152
-0.142911
0.153964
-0.0565823
-0.866004
-0.00311215
0.858448
0.0662307
-0.0855563
0.0818132
0.0577046
0.200531
-0.117589
-0.1768
-0.378055
-0.0976962
0.0722877
0.0870393
0.105022
-0.0118601
0.187519
-0.0190569
0.0507309
0.236119
0.147718
0.265413
0.362048
-0.0161583
-0.12324
-0.15575
-0.283027
-0.266606
0.0307948
0.127364
0.298297
0.0407627
-0.0921105
-0.214595
0.0232935
-0.000953554
-0.0805469
-0.0103446
-0.0359509
-0.223905
-0.0114099
0.0209891
0.290586
0.155968
0.154199
-0.367293
-0.0543859
-0.0698972
-0.259025
0.204162
0.108921
0.447139
-0.0899427
0.111793
0.537979
-0.280451
0.0345196
-0.0872849
-0.192949
-0.129038
-0.264752
-0.312135
0.0970929
0.0096484
-0.222398
0.12266
-0.101561
0.122055
0.0452184
-0.0332511
0.0768221
0.184496
0.451293
0.662117
-0.203773
0.148211
-0.0710786
-0.149487
-0.0772232
-0.000784759
0.0307021
-0.034164
0.254463
0.155511
0.384143
-0.386454
0.174695
0.243346
-0.116877
-0.157493
-0.101949
0.0616042
-0.272807
0.0562112
-0.0235642
-0.858268
0.120272
-0.142705
-0.146154
0.0323695
-0.0586242
0.174767
0.17692
0.0366409
-0.0482314
0.0214518
-0.153318
-0.464122
-0.125647
0.134783
-0.173702
0.10005
-0.0239781
0.377511
-0.0477405
0.279595
0.190245
0.0916551
-0.250531
0.272129
0.340402
-0.00252456
0.146163
-0.161812
0.0264163
-0.269539
0.353843
-0.0587329
-0.326826
-0.158264
0.00590547
-0.397707
0.37132
0.0873743
0.133902
-0.0148812
0.149952
0.54
0.225536
-0.197534
-0.111101
0.0842979
-0.00644007
0.0141807
0.017156
0.0852579
-0.291853
0.166817
-0.09073
-0.00221218
0.0764913
0.319223
-0.0512983
-0.110874
-0.0929502
-0.143413
-0.0830716
-0.274775
0.0480813
0.145001
0.132508
0.249935
0.579675
0.157017
-0.0362909
-0.203058
-0.0274278
-0.177416
0.284384
-0.174744
-0.0142807
-0.0199722
0.0537762
0.0274485
0.0618739
-0.0752198
-0.00544599
-0.0267301
-0.0482156
-0.0731683
0.204764
-0.103581
-0.0443522
-0.209304
0.110478
0.153181
-0.411622
0.145456
-0.270469
-0.28402
0.175948
0.610373
0.0523571
0.0465291
-0.143749
0.1083
-0.0914903
-0.0988367
-0.0579911
-0.197659
0.0908255
0.226686
-0.217506
-0.22301
0.296273
0.232246
0.0296954
0.0653484
0.0334023
-0.465583
-0.0867107
0.20084
0.180239
-0.121084
-0.603742
-0.272312
-0.160284
0.542494
0.51077
0.00473701
-0.105399
-0.387657
0.275664
-0.053124
-0.205146
-0.143346
0.0246321
-0.0462023
0.113515
0.0303083
-0.0598878
0.359581
0.148146
0.140126
0.130313
0.105875
0.000359114
0.251238
0.171382
-0.0530703
0.0394065
-0.158168
0.24926
0.0446186
0.080492
-0.207764
0.126532
0.367301
-0.111963
0.0061189
-0.0112278
-0.182069
-0.108535
-0.180199
-0.0445994
-0.115557
0.2349
-0.0339053
-0.045171
0.0142003
-0.169328
0.00376608
-0.216349
0.11725
0.13503
-0.111263
0.182794
0.375888
0.128285
-0.175416
0.0119767
0.290443
-0.059856
0.211377
-0.0118064
-0.110443
0.374198
0.34464
0.270347
0.179391
-0.176161
-0.076315
0.540301
-0.0174531
0.195117
0.340184
0.183863
0.0758635
0.516578
0.358019
0.274344
0.289267
-0.176934
-0.142805
0.116752
0.0761826
-0.042721
0.273741
0.110624
-0.0680193
0.129597
0.0690513
-0.0677262
0.0616942
0.309373
0.0749444
0.388303
0.131679
-0.0479414
0.00349366
0.00120674
-0.168143
-0.100906
0.11756
-0.0587425
-0.0333156
-0.0335651
-0.268492
-0.159884
-0.000442473
-0.206212
0.262928
0.077872
-0.222491
0.138704
0.0790883
-0.818276
-0.0281347
0.0621071
0.524052
0.100874
0.072183
-0.177584
0.154868
0.19984
0.390357
-0.327761
0.174756
-0.295649
-0.12241
-0.176996
-0.229901
-0.248923
0.20944
0.538464
-0.0616954
0.29326
0.26511
0.0602908
0.0255467
0.103529
-0.0281776
0.168371
-0.0806913
-0.0111572
-0.0305848
-0.185254
0.0286473
0.0102128
-0.196836
-0.182032
-0.404396
0.0173348
-0.0256393
-0.156733
0.00348971
-0.0367587
-0.0858608
-0.0860164
-0.352719
-0.085185
0.0177198
0.0192252
-0.468916
-0.195641
-0.22694
-0.450294
-0.406618
-0.432734
-0.108839
-0.168607
-0.1597
-0.363818
0.0962225
0.0763546
-0.146738
0.0733902
-0.170851
0.0485119
-0.354229
0.0622037
0.227245
-0.0573199
-0.0430968
-0.211018
-0.100671
0.501006
0.0607867
0.178197
0.0122919
-0.0880963
-0.173605
0.209666
-0.222517
0.119387
0.144074
0.0700769
0.0980219
0.155237
0.102162
0.156996
-0.0985683
0.0190204
-0.335121
-0.14883
0.101035
0.120896
-0.0607375
0.0475135
-0.0257732
-0.110795
-0.178
-0.200326
-0.0148738
-0.217707
-0.664225
0.241464
-0.0438692
-0.486449
-0.105029
0.187977
-0.217311
-0.0649222
-0.147104
-0.00593234
0.0738362
-0.137124
0.132516
0.577916
0.0998572
-0.192386
-0.0483519
-0.0926427
0.128612
0.0390207
-0.0122261
-0.173381
-0.129457
0.11113
0.018816
-0.0203075
0.325079
0.0760422
0.140938
-0.658482
-0.19504
-0.582199
-0.126005
0.195241
-0.103963
-0.175767
-0.0149652
0.184884
0.161346
-0.1301
-0.153883
-0.438841
-0.277505
-0.047265
0.0133057
-0.619679
0.0606775
-0.24499
-0.200026
0.159025
-0.303367
0.303506
0.430147
0.291579
0.145981
-0.0869138
0.0511062
-0.0321275
0.128097
0.0425623
-0.012128
-0.332385
-0.462199
0.213629
-0.421516
0.308517
0.089696
-0.133489
0.0483104
0.0573196
0.350839
-0.188665
0.0153484
-0.101775
0.0805886
-0.200812
-0.0354047
0.0296664
-0.0388673
0.0482442
0.103551
0.39052
0.176504
-0.0545279
0.0948363
-0.168446
0.00289788
-0.400983
0.279456
0.108191
0.0401543
0.250052
-0.115737
-0.266305
-0.729705
0.14954
-0.576673
0.00386312
0.151962
0.372518
-0.0433333
0.0368292
0.378449
0.238163
0.620449
0.7042
0.113597
-0.189561
-0.0840027
0.0631067
-0.0679844
-0.178702
-0.147149
0.0514445
0.675836
0.147922
0.0661704
0.360562
-0.0204353
-0.160179
-0.337966
-0.0557343
0.373814
-0.0355062
-0.00226978
-0.0686749
-0.241113
-0.0101589
-0.12455
-0.4715
-0.190339
-0.0587134
-0.165862
0.0678451
-0.249291
0.550205
-0.0785827
-0.329291
-0.208052
0.0648642
0.244608
0.0143635
0.243886
0.229429
0.0666524
0.0332187
0.0567361
-0.149253
0.092187
0.450941
0.139034
0.0238672
0.0884942
0.127448
-0.0301106
0.312192
0.00163045
-0.13187
-0.395627
-0.0326444
0.0161187
0.155528
-0.0496774
0.0538207
-0.0861886
-0.206919
-0.036908
-0.0052583
-0.115164
-0.156742
0.0756254
-0.139143
-0.264266
0.329199
0.24707
-0.221636
-0.0491785
-0.52131
-0.471348
0.595904
-0.00326719
0.100076
-0.0409532
0.0137056
-0.0470382
-0.189986
-0.550223
-0.499577
-0.079009
-0.128996
0.202768
0.194365
-0.15008
0.280931
-0.413955
-0.107532
-0.0486634
-0.169251
-0.00627193
-0.338537
-0.21008
-0.0574408
0.13501
0.0519749
0.00775126
0.0423748
-0.164544
0.171191
0.0234693
0.0636097
-0.281021
0.53863
-0.123618
0.348983
0.246707
-0.204837
0.104594
-0.359495
-0.0721682
-0.267504
-0.232212
0.0488733
-0.221856
0.751226
0.141255
-0.01653
-0.152666
0.125781
-0.0854891
0.484804
0.133416
-0.0326183
0.0601275
0.181123
0.0539184
-0.203276
0.020151
0.0820405
0.103713
0.469894
0.166919
0.718117
0.412488
0.340154
-0.195864
0.022709
-0.0257455
-0.0285614
0.199423
0.0471554
-0.110193
0.219609
-0.0459091
-0.233084
0.1192
-0.333964
-0.0697263
-0.0668619
0.197756
0.679306
-0.19185
0.209824
-0.261964
-0.025426
0.119083
0.327837
0.428529
-0.238455
0.0986527
-0.0761089
0.165753
0.186389
-0.222468
0.0298919
0.182667
0.471227
-0.0350309
0.274668
-0.0567899
-0.150757
0.289047
0.299292
-0.0283364
0.112185
-0.0343325
-0.00533835
0.00190405
0.21145
0.0429256
-0.028318
-0.0823538
0.167031
-0.0948883
0.0640571
-0.165888
0.012287
0.102729
0.173635
0.0653684
-0.543178
-0.0966579
0.167172
0.224425
-0.19833
-0.140338
0.39024
0.168734
-0.0767244
0.00664198
0.0306668
-0.0684898
-0.228045
0.048273
0.140821
-0.00357163
-0.086896
-0.28803
-0.182952
0.0180599
0.135678
-0.0875346
0.100971
-0.14224
0.0287852
0.136445
-0.202812
-0.131148
0.00710341
0.0343303
-0.0509097
-0.189574
0.161443
-0.0112296
0.00332628
-0.0374285
0.265927
0.0685302
-0.141075
-0.321795
-0.160563
-0.0435909
0.0284484
-0.0922183
0.0200849
-0.11574
0.147451
-0.0527011
-0.164314
-0.0833954
-0.143145
0.0151312
0.166606
-0.125737
-0.0195896
0.216296
-0.0410226
-0.296063
0.145494
0.15213
-0.152946
-0.136142
-0.0144924
0.111695
0.167653
-0.24592
-0.545513
0.483109
-0.285988
0.0489391
0.0271794
0.0188673
0.500253
-0.111398
0.122704
0.4201
0.0293003
-0.121138
0.0762102
-0.0268023
-0.412832
-0.627289
0.21508
0.272395
0.196119
0.162358
0.124791
0.109233
-0.266346
-0.160831
-0.072154
-0.275679
-0.0539892
-0.142771
-0.067363
0.227488
-0.242918
-0.0369072
0.150964
0.4091
-0.142441
-0.157221
0.104877
0.077747
0.109957
-0.162104
-0.0301651
0.116739
-0.370531
0.422586
-0.0717333
-0.0317658
0.101358
-0.519387
-0.389345
-0.338557
0.1801
0.257098
0.239753
0.0789976
-0.0427482
0.0236254
0.20158
0.32939
-0.0222941
0.0280174
-0.371996
0.088275
0.255645
0.12802
0.280023
-0.0565461
0.103784
-0.0576902
-0.0351509
0.0461606
-0.08983
-0.0380043
-0.376461
-0.104417
-0.374095
0.0804035
-0.284194
0.153259
0.279322
0.690914
0.227369
0.25783
-0.290495
-0.0966491
-0.14759
0.0275449
-0.088252
-0.0295358
0.0806228
0.563427
0.221445
0.172063
0.0283606
0.289244
-0.144777
-0.0529739
0.0750093
0.146584
-0.153141
-0.167751
-0.193812
0.783871
-0.0352662
-0.0376933
0.0684818
0.426602
-0.0468701
-0.137096
0.140246
-0.000160327
-0.0227462
0.478623
-0.422187
-0.103837
0.177315
0.336789
0.102062
-0.148938
-0.161071
0.191806
0.209515
-0.0667988
0.0428073
0.235624
-0.0343398
0.262195
0.0898944
-0.1176
-0.26843
-0.0630719
-0.0359378
0.121231
-0.119871
0.188653
-0.0386534
0.0962969
-0.119741
-0.00387421
-0.0479881
-0.0810702
0.103213
0.0366535
-0.199929
-0.132041
-0.0760739
0.144653
0.0817232
0.12392
-0.0270455
0.132247
-0.29931
-0.0889743
-0.0616107
0.264183
0.248269
-0.22728
0.0143509
0.307779
-0.0945315
-0.0604249
-0.0732412
-0.0563356
-0.216412
0.671331
-0.149028
-0.176733
0.0499531
-0.285495
-0.258418
-0.0456817
0.115559
-0.116713
-0.321432
-0.538549
-0.400511
0.0765598
-0.0561086
-0.0908815
0.316566
0.416913
0.0765289
0.0284852
0.442059
0.0562606
0.0842761
0.1323
0.388376
0.350522
0.171096
0.0951085
0.321973
-0.191649
0.0892346
-0.00776863
-0.159923
-0.218399
-0.553351
-0.29585
-0.233326
0.0684029
0.141079
0.323968
0.288539
0.156725
-0.318511
-0.109847
-0.1048
-0.101947
-0.487097
0.0920522
-0.0448668
0.00131116
0.220265
0.0933343
0.00659654
-0.0918087
8.07377e-05
0.0172178
-0.35214
-0.274756
-0.12448
0.0824373
-0.138958
-0.169962
-0.400439
-0.0397413
0.375458
0.285441
0.156116
0.158656
0.239125
-0.131499
0.159627
0.298864
0.138994
0.10307
-0.2174
-0.279502
-0.15235
-0.158821
0.206303
0.138369
0.171967
0.471293
0.059115
-0.0689296
-0.0251856
0.173291
-0.157888
-0.0605959
-0.000310046
-0.0399068
0.165181
0.0846112
0.230427
0.13099
0.460257
-0.0644997
0.253768
-0.119031
-0.30735
-0.0829255
0.108145
0.563813
0.0581622
0.0490963
0.125113
0.298425
-0.146721
-0.0386446
-0.0987382
-0.00304846
-0.0948195
-0.30481
-0.541893
-0.0620548
0.126671
0.158823
-0.155186
-0.0300273
0.0456852
-0.0973438
-0.0895337
0.00426403
-0.313535
-0.0560551
0.0878958
0.111621
-0.32258
0.17068
0.0270005
0.282498
0.352838
-0.288028
-0.273708
-0.0351941
-0.268897
0.0920086
-0.102821
0.0774204
-0.164669
-0.278406
-0.0682274
-0.185836
-0.0130144
0.134588
0.0334425
-0.427592
-0.548742
0.133665
-0.0101594
0.277991
0.0400622
-0.062891
0.527604
0.220229
0.507073
0.157682
-0.0690991
0.238972
0.355429
-0.107142
0.260809
0.367386
-0.0370128
-0.0991136
0.427316
0.255357
0.0880187
-0.247699
-0.0861874
-0.190595
-0.208178
0.635278
0.6361
-0.0745159
0.204269
0.198563
0.270223
-0.0781806
-0.0126278
-0.104984
0.159155
0.0348076
0.385852
-0.142929
0.214431
-0.477026
-0.196536
-0.0276352
0.640392
-0.12294
0.160986
-0.0520159
-0.414499
-0.315803
-0.584259
-0.0668187
-0.125751
0.38758
-0.0416045
-0.275969
-0.0445444
-0.141719
-0.108765
-0.0577346
-0.160084
0.126992
-0.0756726
-0.109589
-0.153855
0.148083
-0.274737
0.0554359
0.0963059
-0.0599857
0.311034
0.0451074
0.0441252
0.258445
0.0303334
0.195369
-0.0350876
0.1089
-0.382893
-0.0986784
-0.1479
-0.196998
0.15151
0.251097
0.0295963
-0.0265425
-0.121342
0.135933
0.40669
-0.112087
0.102666
0.293044
-0.0336752
0.121879
-0.92389
-0.350512
0.0344326
-0.0313952
-0.118905
0.0115794
-0.0711939
0.0440915
-0.0972634
-0.164086
0.0263619
-0.140217
0.588315
0.291809
-0.13066
-0.116237
0.171887
0.0962905
0.235656
-0.0585441
-0.0544262
0.0506444
0.00334698
-0.0123208
0.341205
-0.246894
0.0618015
0.222212
0.0613895
0.0908647
-0.199909
-0.00767456
-0.0714903
0.134335
-0.184272
0.17685
0.196599
-0.0280406
-0.186229
-0.218893
-0.0773998
-0.341418
-0.173884
0.19965
0.0502063
0.297125
-0.134892
-0.204733
0.187254
0.362422
0.058314
-0.247512
0.0164392
0.166802
-0.0644924
-0.227428
-0.069622
-0.171132
-0.359771
-0.332604
-0.0883046
0.0598354
-0.00853179
-0.113846
0.0279382
-0.00705234
0.120409
-0.0586952
-0.098083
-0.183924
0.193546
0.128016
0.0996374
0.0897667
0.0404569
0.468014
0.519303
0.142179
0.0371341
-0.171416
0.109782
-0.237352
-0.113629
0.0357476
-0.16486
-0.0417227
0.0610015
0.0257902
0.170667
0.066334
0.127451
-0.149913
0.292972
0.0059017
-0.0100095
0.0526948
0.0562949
-0.0829382
0.366385
0.129568
0.0992992
-0.174511
-0.0254868
-0.0606963
0.0355607
-0.150674
0.0616897
-0.0430025
0.156266
-0.172274
-0.139522
0.109573
0.156164
0.412825
0.201286
-0.0793302
-0.140766
0.250318
-0.000929074
-0.0136922
0.295707
-0.0322698
0.151808
0.0262914
0.203378
-0.0334285
-0.107375
-0.217669
0.28592
0.487781
0.269658
-0.00371873
-0.191708
-0.148949
0.207169
-0.231565
-0.237112
-0.313549
-0.443867
0.209224
0.212957
0.134427
-0.0523398
-0.412048
-0.153639
0.377863
0.0126124
0.46907
0.271161
0.114009
0.160717
0.126524
0.389735
0.373962
-0.32139
-0.254157
-0.164383
0.180069
-0.392836
0.219942
0.277218
-0.10825
0.043317
-0.314711
0.535599
0.0284638
0.0308243
-0.112059
0.101329
0.243377
-0.0353253
-0.0679975
-0.534608
0.153831
0.294952
0.624365
-0.119021
-0.181085
-0.252775
-0.0650016
0.0241327
-0.0479971
0.211753
0.22601
0.234282
0.301385
0.53007
-0.031811
0.145507
-0.420045
-0.00450494
-0.124198
0.0343289
0.222503
0.0588846
-0.0118142
0.277991
0.147987
0.1477
-0.344494
-0.309296
0.0141851
0.14104
-0.188548
-0.304331
0.0815189
-0.327094
-0.236126
0.125938
-0.0667182
0.062692
0.168943
-0.0850296
-0.455464
-0.077818
-0.344614
-0.0877263
-0.209424
0.195092
-0.0779941
-0.0679492
-0.061319
0.0149743
-0.0943261
0.3185
0.0904501
-0.0283574
0.464076
0.116488
0.173035
-0.227831
0.133881
-0.0163937
0.215814
-0.0048666
-0.206048
0.098829
0.158043
0.511256
0.306173
0.685404
0.409267
0.561191
0.158366
-0.183943
0.159428
0.0611586
0.23799
0.0187931
0.0181482
0.102865
-0.070524
-0.0513688
0.148391
0.124287
0.167129
-0.0763856
-0.0716199
-0.219353
0.231914
0.266859
-0.403755
0.199179
0.271477
-0.0575862
0.153719
-0.0591054
-0.0732382
0.0492116
0.475241
-0.000452068
0.363996
0.398029
0.0804454
0.0438861
-0.121269
0.00769635
0.24152
0.0827479
0.537264
0.0968021
-0.0991427
-0.0930261
-0.115382
0.514776
-0.253
-0.190058
0.0752472
0.0343095
0.0271781
-0.148204
-0.181674
0.177774
0.224055
-0.117063
-0.31222
0.153446
0.0119391
-0.311841
0.165336
-0.116455
0.0845361
-0.117334
0.115885
0.0862113
-0.0953282
0.0374252
-0.0274861
0.19026
0.51641
0.350439
-0.126597
-0.234486
-0.103262
-0.186863
0.140003
-0.225645
-0.216547
-0.0777737
-0.143919
0.20722
0.170427
-0.0493658
0.104313
0.116294
0.160972
-0.0486176
0.113641
-0.429293
0.0195598
-0.0553883
0.255747
0.00198914
0.0765205
0.134295
0.0515208
0.0674318
-0.490674
-0.140718
0.0979061
-0.00681966
0.103244
0.0494252
0.174654
0.0742395
-0.044513
-0.109748
-0.161153
0.0462791
0.121229
0.121094
0.393413
0.0492729
0.118943
-0.0803397
-0.0540453
0.0344245
-0.312927
0.413975
-0.0496694
0.380649
0.22609
-0.35949
-0.218781
-0.231065
-0.581646
-0.0148446
-0.127037
-0.00381833
0.006664
0.00925149
0.227545
-0.0391949
0.0459701
-0.0385365
-0.388142
-0.0518857
-0.142056
0.607103
