0.36919
0.0907631
0.0689486
0.442729
0.305539
-0.0195932
0.167279
-0.336161
0.0794709
0.380461
-0.0168993
0.0291132
-0.0186706
-0.0272795
-0.233676
-0.558711
-0.219522
-0.014413
-0.334087
0.113439
-0.0972831
0.272265
-0.24234
-0.0879377
-0.0316042
0.0474516
-0.060997
0.0696351
0.106697
-0.0743422
0.0990245
-0.0504119
0.0046336
-0.0253631
0.187665
0.0281473
-0.0144899
-0.0942599
-0.120203
0.0482423
0.22663
-0.123792
0.16904
0.0273144
0.249438
0.0193798
0.56326
0.024899
0.0768253
0.132183
-0.153559
0.107385
0.071702
-0.0361822
-0.33725
-0.120268
0.193757
0.195968
0.225581
0.00825662
-0.0488634
-0.0953748
-0.113162
-0.0505026
0.164513
-0.312544
-0.077076
0.464632
-0.162693
0.127847
0.236153
-0.000717855
-0.149758
-0.124761
0.0419831
0.0107256
-0.0315736
-0.164099
-0.372296
-0.0567635
0.14276
0.180559
0.673345
0.0280465
-0.0130333
0.369133
-0.242772
0.507027
0.406826
0.195126
-0.629489
-0.69086
0.0297635
0.505588
0.0597631
-0.155015
0.186849
0.0811262
0.493839
0.273253
0.0474278
0.061714
0.0319986
-0.206895
-0.283171
-0.256622
0.55212
0.0403082
0.0866944
-0.238704
0.223053
0.0488817
-0.105158
0.158382
0.224925
-0.113532
-0.380902
-0.0440591
0.0493114
-0.459413
-0.0345898
0.0350358
-0.0232183
-0.0788041
0.55403
0.0158612
-0.111272
0.247721
-0.0321226
0.285376
-0.0158332
-0.479184
-0.0688732
0.0411722
-0.239643
-0.118234
-0.0143029
0.0511138
0.119155
0.0975359
0.0925959
-0.153821
0.094684
0.0363001
0.350986
0.0524696
0.136479
0.230837
0.225866
-0.0498141
0.0347457
-0.0925483
-0.324176
0.0776561
0.113903
0.0274791
-0.0403808
0.0532168
0.281093
-0.361976
-0.0215557
0.119207
0.0318377
0.114911
0.605287
0.108908
-0.0542121
0.0359538
0.172388
0.208002
0.231199
0.301649
0.158233
0.291672
-0.34617
-0.21834
-0.777761
0.157284
0.14688
0.596105
0.103826
-0.267625
0.1426
0.191445
0.0732376
0.151312
0.322062
-0.28262
0.598082
0.250845
0.782961
0.0623752
-0.170826
-0.501405
0.0754227
0.340001
0.0834796
0.0164109
-0.171861
0.233367
0.00730028
-0.25748
0.0178662
-0.0808159
-0.107826
0.305824
0.0723477
-0.0258291
0.0277966
-0.538631
-0.0909988
-0.557116
-0.722436
-0.13426
0.189501
0.0953599
0.0113838
-0.0174042
-0.247909
-0.000862171
0.125176
0.445417
-0.0115719
-0.0197036
0.276982
0.344505
0.0104427
-0.253145
-0.275345
-0.260086
0.111486
-0.134515
0.153303
-0.23337
0.0305492
-0.169773
-0.137504
0.096208
0.192779
0.686258
0.0827973
-0.039352
-0.00626878
0.159398
-0.0196742
-0.0788838
-0.273914
0.0344006
-0.190876
0.19045
0.196713
0.355839
0.683974
0.249002
0.137251
-0.118304
-0.0324296
-0.0695976
0.164357
0.0134378
0.126842
-0.317167
-0.487052
-0.0828839
0.0585895
0.197998
0.218013
-0.034763
0.0152841
0.267858
0.103101
-0.00502382
-0.0183151
-0.0588597
-0.0845803
0.270403
0.0961898
-0.165097
-0.000778511
0.0829177
-0.10704
0.0326416
-0.00766429
0.124363
-0.180621
0.00362499
0.184539
-0.239764
0.804544
0.0821711
-0.552174
-0.217433
-0.481337
-0.165658
-0.0848425
0.0799577
0.0931151
-0.0243161
-0.411821
0.0139946
0.145645
-0.184631
0.050199
0.242221
0.177379
0.0391591
0.51476
0.222616
0.451986
0.274938
0.508717
0.116202
0.158519
-0.0620339
0.0365422
-0.0276575
0.0953326
0.00124126
0.0518126
-0.757382
-0.00797655
0.036487
0.29908
0.302093
0.203724
0.617854
-0.0209937
-0.472053
-0.158436
0.11317
0.293283
0.0241339
0.0447681
0.0290649
-0.159214
0.196583
0.150146
0.540237
-0.13227
0.0419806
-0.374737
-0.0995329
0.0337424
-0.0438722
0.14784
-0.0309361
0.0624513
0.245687
0.0639697
-0.0698585
-0.312999
-0.75788
0.088209
0.00479527
-0.0154641
-0.123758
0.0872535
0.0483658
0.270133
-0.0445385
-0.0593515
-0.0510901
-0.0729698
0.127953
0.365425
-0.222366
0.124069
-0.111655
-0.0646318
-0.650184
0.0103311
0.483606
0.283234
0.283417
-0.2457
-0.049915
0.119093
0.15529
0.267909
-0.0839034
0.040619
-0.373651
-0.105524
0.431583
0.0625711
-0.342073
0.158095
0.264981
0.0399752
0.0150094
0.230504
-0.129905
0.24241
-0.0375755
-0.0401136
-0.162994
-0.145265
-0.0722108
0.0569547
0.117744
0.0841844
0.109014
-0.0900853
0.0210877
-0.154482
-0.123185
-0.128303
0.0137766
-0.264253
-0.125115
-0.196457
-0.0959178
-0.0419374
0.0508288
-0.222135
-0.278934
0.0340002
0.10467
0.0119334
-0.22345
-0.29829
0.142479
-0.191563
-0.0666096
-0.295599
0.142705
0.164598
0.249671
0.0206132
-0.288733
0.0769779
-0.0722929
0.270006
0.0390088
-0.256995
0.0298701
-0.0197142
0.463733
0.0304897
-0.102158
-0.158055
0.0968924
-0.0485039
0.0219089
0.0199858
-0.106399
0.0601579
0.179444
-0.55295
0.0376422
0.0682146
0.019948
-0.0282033
0.186499
-0.083853
0.495813
-0.168454
-0.165955
-0.214724
-0.0501006
-0.199542
0.0691274
0.51937
0.621523
-0.000299095
0.0419722
0.0920462
-0.03458
0.270351
-0.0331644
0.211665
0.105352
-0.485449
-0.1242
-0.558301
0.205888
0.151761
0.122388
0.266468
-0.00642754
-0.319331
0.542239
-0.0187141
0.00259342
-0.051673
-0.261523
0.571353
-0.0708359
-0.0266818
0.146665
0.336643
0.301519
0.0483152
-0.17677
-0.0897698
-0.0121853
-0.00196042
0.167291
-0.169
0.0165567
-0.0212729
0.200118
0.158462
0.525414
-0.0869974
-0.044574
0.049401
0.123896
0.285854
0.254944
0.326697
-0.321592
0.0663033
0.0862351
-0.192124
0.086618
-0.193529
-0.0702983
0.0610592
-0.00313884
-0.305807
0.0435616
0.504367
-0.138922
0.0986774
-0.0965863
0.125487
-0.0893218
0.0550417
-0.0697668
0.0167982
-0.00670375
0.131073
0.165256
0.0845266
0.222798
-0.224667
0.0438946
-0.182853
0.0675514
0.254878
-0.0219729
-0.246721
0.0140313
0.261384
-0.00807984
-0.0585881
-0.116405
-0.163679
-0.127692
-0.365414
0.350883
0.0550317
0.162481
0.236266
-0.023619
-0.029639
0.0378751
-0.0350807
-0.0766433
-0.0602656
0.0355413
0.076993
0.064954
-0.0936935
0.0169649
-0.0725873
0.0557944
-0.0928624
-0.0901651
0.061868
0.259504
0.287473
-0.614093
-0.140763
-0.241781
0.0209303
0.0745432
0.2414
0.0284626
0.056135
-0.177231
0.0420334
0.0269067
0.0180134
-0.13846
-0.0730823
-0.110291
0.439497
0.400203
0.103196
-0.0139517
-0.0527905
-0.0263769
-0.308722
-0.238136
0.054324
0.115389
-0.235203
-0.257893
0.00395948
0.03504
-0.107711
-0.162125
0.0347277
0.0968985
-0.154306
-0.197951
0.0704891
0.145641
0.153133
0.0501168
0.187074
0.388707
-0.124035
-0.289709
-0.0488424
0.0184438
0.144032
0.0108507
0.391289
0.28988
0.458088
0.0607072
0.114314
0.276375
0.128823
0.000544053
-0.0771539
0.117661
-0.499613
0.0333535
0.246508
-0.123816
-0.142126
0.110724
0.181497
-0.127887
0.178429
-0.282019
-0.12309
-0.0660242
-0.0435771
-0.0198932
0.340192
0.422585
-0.238155
0.00396145
-0.0719051
-0.00983131
0.0683085
-0.243984
-0.0230177
-0.0919937
-0.00627756
-0.0402502
0.107303
-0.277202
-0.551325
-0.021291
-0.0716458
-0.0145446
0.0305665
0.0584561
0.0486421
-0.0333545
0.0730404
0.206003
0.389411
-0.37251
-0.262431
0.569709
0.245899
0.291819
0.0478608
-0.06226
0.849226
0.190989
0.130861
-0.012861
0.0250617
0.140291
0.113682
0.144609
-0.0277822
-0.157818
0.0741033
0.15943
0.302214
-0.100626
0.113303
-0.0247847
-0.0259326
0.201282
0.011025
-0.252828
0.16392
0.11786
0.431118
-0.0665075
-0.133663
-0.274041
0.157478
-0.125226
-0.424046
-0.127382
0.49601
-0.125342
-0.143579
-0.37725
0.0978813
-0.103469
0.0101766
0.078068
-0.00478823
-0.0671472
0.504935
-0.181195
0.239367
0.207654
-0.0807562
-0.2823
0.472549
0.0344383
-0.0331087
0.454411
0.0863225
-0.14664
-0.268814
0.0709869
-0.27263
0.225617
-0.329479
0.0120355
-0.0294835
0.0121625
0.164791
0.0483897
0.162496
0.0685543
0.273991
0.34597
-0.0550992
-0.253483
-0.397004
0.037478
-0.239955
-0.0929965
-0.455809
-0.00264305
0.725399
0.392172
0.0908211
-0.0143633
-0.181728
-0.0442012
0.309409
0.165785
0.247515
-0.126688
0.0105136
-0.2092
0.0393871
0.119601
-0.0623883
0.0310258
-0.093741
-0.396316
-0.0803441
0.152477
0.335494
0.442311
0.0633619
-0.703851
-0.247346
0.151907
-0.0697387
-0.0981076
0.0757155
-0.00587453
0.219386
-0.179364
-0.103486
0.150258
0.0853104
-0.116953
0.0427303
0.186216
0.59642
0.0286228
-0.276489
0.497557
0.440926
-0.0614848
0.276977
0.0209557
0.493072
0.00494629
-0.100707
0.11052
-0.299359
0.0962542
-0.0666005
-0.230773
0.268733
-0.0628452
0.0541948
-0.0658661
-0.195385
-0.151087
0.0811765
-0.2219
0.262986
-0.238644
-0.239473
-0.157491
0.0571099
0.0646052
0.0559211
0.0101521
0.0750045
0.161414
0.156184
-1.05503
-0.351133
-0.0374075
-0.0375488
0.0183753
-0.0907364
0.0100341
-0.0327237
-0.0803814
-0.152732
-0.30388
-0.277829
0.342306
0.0803958
0.130541
-0.0498294
-0.10593
-0.0675756
-0.0565905
0.0622262
-0.0801008
0.253579
-0.206298
-0.219991
-0.00187434
0.0823425
0.126695
-0.0182166
-0.0240368
0.633182
0.0890496
0.143844
0.351934
0.018391
-0.0619675
0.104331
-0.275634
-0.225173
0.581839
0.355623
0.223747
-0.0085034
-0.155111
-0.0112105
0.00531362
-0.533474
-0.099123
0.20194
0.246781
-0.150268
0.219779
0.0976367
-0.275289
0.213516
0.112285
0.0683622
0.17305
0.289767
0.134108
-0.0315291
0.20827
0.0828516
-0.169002
-0.289964
0.0661949
-0.207742
0.185182
-0.025159
0.00852099
-0.0267071
-0.104394
0.075285
-0.241453
-0.194298
-0.221417
-0.0880136
0.0285064
-0.268706
0.1399
0.0123198
0.122825
0.13122
0.0469964
0.0500452
0.162411
0.00195077
-0.196137
0.103699
-0.00445098
0.000741478
0.127984
-0.352975
-0.114895
0.151885
0.0393219
0.007233
0.186538
0.473959
0.10841
0.132969
0.21502
0.109745
-0.0841414
0.0665014
-0.56373
-0.622334
-0.17022
0.11431
-0.102986
0.272587
0.136042
-0.262253
-0.0627247
0.120001
-0.62027
-0.12868
0.0820343
-0.0495116
-0.0221881
-0.0217338
0.1537
-0.130514
0.204236
0.585144
0.587435
0.369721
-0.015998
0.131222
-0.0407185
-0.0752777
-0.508119
0.0536771
0.0256571
-0.00710259
0.0199876
0.159799
0.152571
0.255169
-0.276746
0.210633
0.208743
0.0767982
0.142072
-0.0507962
0.4424
0.00372904
-0.162744
-0.0904145
0.0482351
0.318846
0.11413
-0.108885
-0.141613
0.00081153
-0.292602
-0.0263347
0.0489698
0.0135474
0.0198848
-0.174226
0.0482395
0.357595
-0.0294901
-0.0669738
-0.0592909
-0.335329
-0.0669612
0.404211
-0.400698
0.278464
0.205262
-0.105346
-0.63459
0.155505
-0.128116
0.0055557
-0.000932516
0.104815
0.44759
-0.237146
0.438429
-0.0437129
0.658158
-0.2995
0.244209
0.0731431
-0.571808
0.303176
-0.0850946
-0.205637
-0.275735
-0.00688244
0.371184
0.184276
0.290317
-0.343784
0.106496
-0.00740053
-0.00991004
0.120068
-0.101771
0.0783396
-0.223405
0.177364
0.15381
0.244938
-0.492428
0.0453466
-0.109878
-0.0808406
0.209568
-0.0762148
0.0280161
-0.240578
0.0974868
-0.116149
0.0337652
-0.0215996
0.100572
0.165476
-0.124583
0.268339
0.0876752
-0.0413336
-0.117545
-0.000806331
-0.119918
0.0340723
-0.441154
0.0152685
-0.0531091
0.215021
-0.0454131
-0.00823061
0.348307
0.124807
-0.368466
0.165483
-0.137949
0.0446858
-0.473969
0.0267095
-0.120707
-0.09551
-0.434387
-0.0386732
0.335829
0.350032
0.34028
-0.0683112
-0.123479
0.0384058
0.171546
0.0421008
0.300465
0.106283
-0.00648317
0.250422
0.0991691
0.550772
0.0827182
0.0714229
0.477874
-0.345111
0.0131035
-0.163401
-0.125171
-0.295084
-0.306424
0.213879
0.182487
-0.155481
0.0985999
0.0812855
-0.0135271
-0.126407
-0.110015
0.0896712
-0.0197171
0.167319
0.0987484
-0.0806235
0.0901557
0.128533
0.0108078
-0.0992053
0.430854
0.0834755
0.0185731
-0.166011
-0.0461977
-0.221618
-0.00808163
-0.0414636
-0.00862273
-0.0576399
-0.103071
0.0966707
0.468073
0.476058
-0.105667
0.342583
0.188892
-0.0626604
0.181234
0.220585
-0.247517
0.0183974
-0.0343166
-0.662303
-0.113796
0.0985602
0.126439
-0.0166482
0.03254
0.0336412
-0.0620691
-0.217164
0.0121951
0.282219
0.262832
0.249201
-0.187321
-0.152295
0.239459
0.483716
0.136682
0.29539
-0.378699
-0.167875
0.0331472
-0.0992917
0.0927926
0.368547
0.18832
-0.173704
0.204502
-0.0218307
0.473026
0.378641
0.0631233
0.169483
-0.0507914
-0.269145
-0.286397
-0.139862
-0.0581469
-0.426738
0.207012
-0.034896
0.213875
0.0509756
-0.128664
0.247634
-0.120043
-0.0193156
0.0341501
-0.215317
0.0844289
-0.163106
-0.206197
0.232374
-0.142539
0.0534625
-0.0928288
-0.0347598
0.0543359
0.023793
0.0825079
0.143397
-0.195478
0.0744236
0.0406919
0.0880143
-0.00627052
-0.269119
0.302654
-0.0413703
-0.0457921
-0.280813
0.353221
-0.552497
-0.332506
-0.26197
0.0964297
0.210526
-0.0755891
-0.120536
-0.1086
-0.154028
-0.182153
0.175863
0.0128144
-0.170077
-0.115716
0.111092
0.133441
-0.361087
-0.0901079
0.219055
0.915051
0.181986
0.0349764
-0.00332145
0.129757
0.0706366
-0.0550173
0.0698512
0.336359
0.371101
-0.162953
-0.103096
-0.194203
-0.123175
-0.506441
0.16542
0.0957125
-0.127507
0.287498
0.199169
0.057301
0.145622
0.00943462
-0.307634
0.299165
-0.0795421
0.164394
0.244995
-0.0426561
0.237022
0.24192
0.101529
-0.248993
0.0214473
-0.0442299
0.280517
0.0127005
0.285414
0.0136119
-0.228297
-0.376747
0.0125313
-0.140683
-0.052539
0.241898
0.105783
0.0595249
0.00909179
0.128015
0.17091
-0.187136
-0.0830554
-0.456539
-0.346393
0.0847981
0.371338
-0.248387
-0.0515128
0.0327849
-0.0258572
0.0294331
-0.000595015
0.141276
-0.152721
0.00826091
-0.117761
-0.100413
0.234346
0.0587841
-0.0493149
0.0456476
0.0611206
0.0305674
0.0743562
-0.059238
-0.115802
-0.0863596
-0.290643
-0.199395
0.145759
-0.0445803
-0.21073
0.127784
0.337234
0.0764277
0.148295
0.243668
0.120919
-0.052936
-0.416022
-0.69621
-0.00506906
0.0342416
0.216675
0.0628708
-0.176289
-0.238039
-0.078614
-0.00814719
0.045449
-0.0357451
0.139695
-0.229601
0.466052
0.36059
0.17765
-0.0613179
0.186046
0.0237975
0.272181
0.00173948
0.0968619
-0.438379
0.0416093
0.212449
-0.0537044
-0.0817879
0.0697983
0.00395291
-0.296027
-0.0747043
-0.136369
0.231766
-0.151197
0.0454182
-0.248448
-0.0819769
0.0267126
-0.0371437
0.193858
-0.32723
0.0494539
0.0374764
0.136659
-0.185518
0.132285
-0.116671
-0.474675
-0.44259
-0.00865482
0.360627
0.0412725
0.137936
-0.197559
-0.109631
-0.10241
0.46914
0.00547337
0.0952141
0.0478839
-0.0147704
0.420519
-0.232963
-0.258535
0.355601
0.447791
-0.0295878
-0.0161694
-0.354708
0.603341
0.5182
0.230233
-0.0833523
-0.11442
-0.204136
-0.291129
0.286118
0.364042
0.0832548
0.0656754
-0.238847
-0.238391
0.227161
-0.106517
0.129858
0.0580385
0.0503344
-0.064145
0.187009
0.224055
-0.213808
0.233116
-0.214158
0.0792033
0.113755
-0.180529
-0.308608
0.217666
0.134842
-0.0709303
-0.0990812
-0.159002
0.248499
0.0352041
0.110989
0.149103
0.0985008
0.377059
0.156233
-0.0554407
0.190831
0.0587234
0.0214512
0.013367
-0.286626
-0.00321459
-0.0180764
-0.451252
-0.0102793
-0.0255673
-0.12589
0.00488956
-0.327038
0.0330677
-0.242087
0.0285884
0.199945
0.120081
-0.025337
0.319355
0.144619
0.0477556
-0.0472624
0.0834223
0.684563
-0.0580168
-0.0786971
-0.339271
0.0716009
0.353308
-0.176473
0.00871551
0.0210659
0.120171
0.0951736
0.219189
0.107236
0.148781
0.0784113
0.135318
0.00831307
0.610584
0.104555
-0.299562
-0.206277
0.175508
-0.102504
0.106968
0.0350622
0.175614
0.308851
0.202996
0.302055
-0.030514
0.126253
-0.0491788
-0.187215
0.136606
-0.123553
-0.147905
0.122464
0.311675
-0.0974063
0.497825
0.259721
0.144909
0.0488768
-0.0166386
0.337499
-0.171812
-0.104207
-0.195945
0.0834821
-0.21242
-0.103774
-0.323381
-0.242296
0.0765981
-0.191135
0.188444
0.232719
-0.00206351
0.0496387
-0.0700508
-0.050646
-0.116503
0.562798
0.151505
-0.025737
-0.0848412
0.0291564
0.0635479
0.0350304
-0.039371
0.572864
-0.0242427
0.0800363
-0.0452229
0.469187
-0.0222156
-0.245246
-0.0618315
0.103153
0.384488
0.70734
0.458769
0.59694
0.333295
0.0394561
-0.177511
-0.0949887
-0.311007
0.785067
0.280301
0.0978192
0.00046353
-0.218937
0.306514
0.457384
0.127227
0.351344
0.107466
-0.0203749
0.179163
-0.171878
-0.104269
-0.0474388
-0.395045
-0.353223
-0.105626
0.237805
-0.00923465
-0.108408
-0.0284396
-0.243514
0.133401
0.0333359
0.0566146
0.435041
0.472844
0.494591
0.185497
-0.257251
0.840722
-0.0299181
0.259735
0.150779
0.306107
0.906137
0.0125062
-0.112585
0.244621
0.185554
0.133869
0.0405573
-0.0386133
-0.416725
0.0847841
-0.0371797
-0.0648674
0.0315494
0.168158
-0.338901
-0.0213867
-0.0222434
-0.0842636
-0.164592
0.17029
-0.248886
-0.347692
0.128638
-0.0876044
0.217295
-0.139312
0.189237
0.327899
0.106765
0.640789
0.0354339
-0.666429
-0.0964871
-0.0199268
-0.269927
-0.125421
-0.131967
-0.26519
-0.796702
-0.35963
-0.193244
-0.0502012
-0.131865
-0.333597
0.0652541
-0.166448
-0.0832747
0.118917
0.0397026
0.489903
0.101962
0.0697022
-0.381202
-0.119773
0.0661703
-0.159321
0.0972442
-0.0194
-0.0315665
-0.443961
0.0251604
-0.119647
0.138188
0.17161
0.381912
-0.148819
0.00911145
-0.0394788
-0.13123
0.0850144
-0.274957
-0.42087
-0.11689
0.115458
0.0334597
-0.0364704
-0.435907
0.0866689
0.0872583
0.664017
0.323276
-0.0656481
0.101737
0.0970629
0.200209
0.0227279
0.299352
0.255796
0.0826749
-0.0743158
-0.133372
0.109474
-0.25304
0.0528612
0.320488
0.357598
-0.142448
0.00863312
0.284868
0.247038
-0.0352963
0.144129
0.124701
0.292968
0.215237
-0.0184051
-0.0903655
0.157938
0.287304
0.236515
0.000652942
-0.0190653
-0.122377
0.0542485
0.10932
0.244229
0.0208034
-0.170732
0.00693507
0.00868788
-0.0700614
-0.0728732
-0.144535
0.0771597
-0.111663
0.301525
-0.00198568
-0.0507802
-0.16094
-0.0365895
-0.191168
-0.0790913
0.0209331
0.0240902
-0.12989
-0.24305
-0.667344
0.18693
-0.0248852
-0.0434641
0.00125257
0.0694892
0.0346819
0.0735035
0.346665
0.220205
0.190312
-0.0678156
-0.00348508
0.0845196
-0.178937
0.49547
0.308645
0.0929312
0.0728118
-0.00599313
-0.0777895
-0.0806006
0.0584101
0.354067
0.115512
-0.00848901
0.163899
-0.0710999
-0.597781
-0.882255
-0.476481
0.601905
0.289149
0.13389
0.065313
0.0744945
-0.39957
0.103155
-0.000719271
-0.218062
-0.00453104
0.258
0.0736204
0.0933576
0.0217147
-0.0448641
0.221857
0.191244
-0.0720004
-0.0927753
0.190745
0.00429402
-0.35724
-0.230934
0.180439
-0.00903877
0.10633
0.213293
-0.0379
-0.00195162
0.00880395
0.981813
0.659148
-0.0126748
-0.368393
0.212953
0.0986769
0.0613601
0.0944615
-0.170103
0.0343288
0.349231
0.259219
0.003804
0.252787
0.627547
0.28642
-0.0704734
-0.472828
0.161117
-0.382494
0.236296
0.0238244
-0.0692768
-0.286022
0.0658641
-0.122138
-0.0570113
-0.261108
-0.0736329
-0.139249
-0.16028
-0.0498056
0.134838
0.256374
-0.0303415
0.278187
-0.424176
-0.0866759
0.140747
-0.0531486
0.0330524
-0.15724
0.0897493
0.0802672
0.167881
-0.0085879
-0.133656
0.0452844
-0.102262
-0.0657563
-0.0167237
-0.100056
-0.164218
0.0579838
-0.00460278
-0.0683201
0.197082
-0.0696195
0.487951
-0.061572
-0.0895242
-0.335713
-0.0358928
-0.061716
-0.231543
0.0409841
0.00354084
0.210897
0.0581819
0.0931444
0.0535523
-0.235155
-0.207724
0.119048
-0.150109
-0.200038
0.0705647
0.0122106
0.19481
-0.119939
-0.124134
0.209878
0.145064
0.232381
0.0442233
-0.165354
0.225367
0.0911236
0.0463211
0.367347
0.156528
-0.0539916
0.109929
0.216572
0.0607598
0.631904
0.219174
0.0205672
0.0620257
0.105907
0.15983
-0.0636226
-0.354794
0.140699
0.180354
0.0940344
-0.00878367
0.0167276
0.118102
-0.132491
-0.339522
-0.267516
-0.017459
0.00124358
0.103987
0.163809
0.0800094
-0.0131815
-0.150419
0.132495
-0.171745
-0.133552
0.00771612
0.25145
0.00439333
-0.29776
-0.470966
0.18094
-0.0198166
-0.0276104
0.338074
-0.208214
0.236934
-0.0278346
0.0134426
-0.117954
-0.0370425
-0.038406
-0.143088
0.0412684
0.333062
0.163146
-0.343881
-0.277672
-0.0151514
-0.0269936
-0.0931296
-0.0437926
-0.167215
-0.498518
-0.48837
-0.0659754
-0.201823
0.123807
0.0133568
-0.233352
-0.34698
-0.279657
0.102953
-0.136113
-0.164461
-0.0127963
-0.00299098
0.0528688
0.309279
0.0850164
-0.0720937
-0.0445143
0.0328649
0.0495049
0.0124019
-0.157054
-0.0749822
0.607044
-0.0245617
0.18054
0.0938572
0.0671489
0.0687899
-0.231084
0.0785876
0.166447
0.35615
-0.245171
0.096443
-0.0504075
-0.335715
0.128043
-0.26933
0.386074
-0.232871
-0.048993
-0.210568
-0.24087
-0.0532186
-0.0457547
0.44639
-0.35543
0.343171
0.165051
-0.0556468
0.247464
0.0393819
-0.492605
-0.285213
-0.24611
-0.00456491
0.0113122
-0.10734
-0.149015
0.143734
0.258226
0.0158144
0.0102359
0.0286717
0.213948
0.149447
0.283936
0.324471
-0.226169
0.333931
-0.176453
0.0892835
0.161274
0.465973
0.0866089
0.484758
-0.0304476
0.0118218
0.134801
-0.369541
0.0138821
-0.00671864
0.184819
-0.0670052
0.0804069
-0.408467
0.109733
-0.012676
0.137119
-0.0777133
0.17539
-0.157124
0.089598
0.126996
-0.134405
0.171695
-0.0850385
-0.44127
0.151181
0.0481421
0.240796
0.274083
0.379761
-0.206298
-0.158761
-0.138643
0.15999
0.0530276
-0.0867271
-0.341409
-0.123534
-0.0424696
-0.107964
0.285027
0.123734
-0.10852
0.252041
-0.179115
-0.346177
0.0306294
0.0741774
-0.238056
-0.117684
0.0225355
0.0701726
0.016493
0.429727
0.137423
-0.0565056
-0.0096287
0.21818
-0.0948902
0.0358266
0.328728
-0.0836064
-0.0403244
-0.161941
-0.132919
-0.274497
0.169867
-0.015051
-0.232706
-0.0737323
0.00219039
0.123189
0.097955
-0.265126
0.093229
-0.490501
-0.00350272
-0.146331
0.0103579
-0.164224
-0.111663
-0.004013
-0.0274218
-0.019828
0.23189
-0.0954933
-0.2324
0.347996
0.0155914
0.0213903
0.188088
-0.036639
0.251349
-0.4103
0.0105659
0.187734
0.0424176
0.131992
0.288231
0.141061
0.116004
0.4831
0.0863431
-0.251339
-0.600313
-0.87365
-0.234088
0.130167
0.208636
0.00747841
0.115129
-0.0987294
-0.0372965
0.360526
0.0905434
0.116796
0.101235
-0.614754
-0.190011
-0.18475
-0.209706
-0.07731
-0.0118935
-0.0544574
0.305232
0.00906835
-0.0333956
0.0319284
0.181164
0.157054
0.410649
0.00763588
-0.0885781
-0.417289
0.061701
0.103723
0.26809
0.00302162
0.268286
-0.0258634
0.101156
0.185933
-0.149788
0.093443
0.0428363
-0.0339562
-0.040478
-0.473862
-0.530223
-0.217857
-0.0609283
-0.0158685
-0.0205403
0.36942
0.156294
-0.39629
-0.575928
-0.493824
-0.373023
0.263326
0.0129203
0.168811
0.556339
0.0904071
-0.269057
-0.047004
-0.186635
-0.3508
-0.0788887
0.0996434
-0.364433
-0.327237
0.379931
0.124008
0.183819
1.12941
0.25799
0.00503211
-0.23533
0.192515
-0.14194
0.138855
0.0481527
0.0515993
0.346572
0.054494
0.146038
-0.386705
-0.284247
-0.00680154
-0.0839938
-0.0817242
-0.124996
0.0561923
-0.289055
0.0186105
-0.338454
-0.0876145
-0.421813
-0.239079
-0.0900847
-0.122706
-0.00239005
0.298499
0.29488
0.213276
-0.096615
0.124562
0.179187
0.318165
-0.0067352
0.0241142
0.120191
-0.157621
-0.0151593
-0.0641013
-0.280791
0.466937
-0.0138853
0.0689376
-0.168229
-0.0865223
-0.0231731
-0.00745531
-0.137002
-0.230622
0.058571
0.286167
-0.158625
-0.135373
-0.132479
0.057518
0.0233792
0.138479
-0.222134
0.00210756
-0.219757
-0.00503181
-0.0414218
-0.110079
-0.0262298
-0.0124818
0.148014
0.453656
0.209267
0.239958
-0.384635
-0.145126
-0.0172234
-0.0509406
-0.117801
-0.0843413
0.268119
-0.117239
0.190939
0.423099
-0.0609116
-0.405581
0.0856749
-0.0815768
-0.104219
-0.0666541
0.338045
0.0418281
-0.101717
-0.026732
0.0222158
-0.178889
-0.499423
-0.404676
-0.798659
-0.216337
0.186736
0.139855
-0.145334
0.243333
-0.142097
0.0881061
-0.086619
-0.257162
0.298358
0.0551589
0.125775
-0.41447
0.120687
-0.266994
-0.290925
0.112709
0.166349
-0.0715098
0.0162308
0.128375
-0.0243377
0.027271
-0.0469913
-0.0144333
-0.188293
-0.0210193
0.277309
-0.175855
-0.191738
-0.20241
0.202171
0.328798
0.0934182
0.234543
-0.0500622
0.348259
0.280409
0.283861
0.101019
-0.0150511
0.278043
0.24793
0.421929
0.762085
0.287024
0.0783333
0.227887
-0.0917545
0.266224
-0.0433987
-0.0820634
-0.0373015
0.368068
0.717535
0.0665232
-0.0170427
0.0606149
0.169216
-0.184385
0.0518818
0.0414013
0.0823721
-0.004548
-0.152153
0.533463
0.176999
-0.11137
-0.029574
-0.219776
0.173081
-0.121885
-0.0306706
-0.000640048
0.00428208
-0.17574
0.182969
-0.299
0.138396
0.137944
0.0742712
-0.0140835
-0.362769
-0.122001
0.020408
-0.0567428
0.170652
-0.1643
0.172888
0.0268853
-0.00389974
0.135701
0.0441146
0.00641234
-0.168241
-0.227324
-0.465097
-0.246415
0.162568
0.399211
0.21243
-0.141547
0.047708
0.0243942
-0.0934599
-0.0914659
0.195383
0.119274
-0.0703151
-0.181018
0.120604
0.188569
-0.0770635
-0.204963
0.0689367
-0.0259492
0.011014
0.038363
0.102613
-0.239158
-0.307459
-0.378338
0.0417499
0.249137
-0.387225
-0.122679
0.247336
0.122843
0.482295
0.00678439
0.132713
-0.0306797
-0.130635
0.0429915
-0.0258947
-0.543363
-0.166243
-0.251642
0.31542
-0.119225
-0.0401257
-0.00619958
0.1922
-0.342462
-0.205825
-0.0358656
-0.00586981
-0.200213
-0.0653597
-0.15159
0.111868
-0.508051
-0.1508
0.184884
0.283776
0.0908038
-0.0859787
0.0420888
-0.585145
-0.0230916
0.0810243
0.0089959
0.102743
0.0503759
-0.0474729
-0.118599
0.0270496
0.155551
-0.179637
-0.0140691
0.116566
0.030716
0.0971479
0.145238
-0.0329928
0.0850612
0.0494251
-0.181269
0.349039
0.506741
0.158388
0.0626246
-0.0937323
0.216041
0.151417
-0.12758
-0.295936
0.00655223
0.0715622
-0.118335
-0.00831896
-0.138723
-0.157222
-0.0726582
0.104469
0.129878
0.422959
0.1747
-0.369321
0.0568294
0.0736492
-0.163509
0.230106
-0.349664
0.0254107
-0.0981956
0.201581
0.0159685
0.0426805
-0.0412486
0.195234
-0.0210869
-0.22125
-0.0502019
0.336529
0.0814013
-0.164396
-0.00849195
0.0912393
-0.112938
0.13994
0.0809072
-0.0414695
-0.0855355
0.0153491
-0.000258577
-0.051744
-0.399069
0.213328
0.0102811
0.047147
0.0590844
-0.151294
-0.194201
-0.0151741
0.0743219
-0.156833
