0.234184
-0.107375
-0.537272
-0.274569
-0.262059
0.0284318
0.145705
-0.218808
-0.539821
-0.271344
-0.245135
0.136173
-0.121368
-0.193258
0.0647926
0.261672
0.267988
0.165651
0.690791
0.166272
0.00950942
0.54828
-0.0524237
-0.386106
-0.0554847
0.0763216
-0.0126821
-0.000670085
0.13841
0.457107
0.312807
0.212849
-0.00164144
-0.327746
-0.131872
-0.365592
-0.044108
0.120329
0.11495
-0.239689
-0.146909
0.0433303
-0.31383
-0.39065
0.399102
0.251211
0.740432
-0.14381
0.311126
0.306793
0.0191889
0.0289513
-0.0746437
0.119098
-0.115924
0.0242417
0.20139
0.585046
0.0233161
0.0859466
-0.059378
0.384345
-0.153637
-0.0107756
0.0643286
0.48904
-0.0913076
0.147259
-0.557849
-0.195955
0.0285179
-0.177741
-0.330445
0.166213
0.651534
-0.136354
0.016501
-0.00173996
-0.402826
-0.0250784
0.171897
0.291488
0.0742328
0.0130445
0.233548
-0.642785
-0.216104
0.0832309
-0.139048
-0.331564
0.211996
-0.157407
-0.0897493
-0.0817494
0.405121
-0.0577427
-0.0358495
-0.215804
0.24804
0.166594
0.116708
-0.805459
-0.303941
-0.0824444
-0.326553
-0.241271
-0.790438
0.0183346
0.354709
-0.0213997
-0.105361
-0.0985288
-0.0530167
-0.19685
-0.280947
-0.295159
-0.0910638
-0.107169
0.199958
0.624374
-0.0682538
0.0369516
-0.227097
-0.0489661
-0.376634
0.0211839
-0.0152381
-0.0776319
0.0808322
0.0688737
0.0223764
0.163955
-0.0533655
-0.0189242
0.0333323
0.133098
-0.0411738
0.0309998
-0.287166
0.0462553
-0.263461
0.10326
-0.0395708
-0.0925447
-0.0196854
-0.0817576
-0.064615
-0.0727572
-0.0332951
0.215674
-0.0436088
0.293149
0.0586697
0.637078
0.0959037
0.354044
0.150493
0.0363416
0.0932306
-0.0601336
-0.097951
-0.268253
-0.353846
-0.0197479
-0.0310573
-0.105514
-0.0510795
-0.061748
0.0013409
-0.420407
-0.297319
-0.142874
-0.259794
-0.119775
0.261385
0.282448
0.107046
-0.0534815
0.00921627
0.0518516
0.198687
0.20399
-0.281765
-0.169858
0.00568794
-0.250211
-0.205162
-0.251717
0.129575
0.0259841
-0.0340529
0.0410507
0.0506013
-0.439993
0.212433
0.150133
-0.0947207
0.0166603
-0.088268
-0.257123
0.338459
-0.0416854
-0.0786668
0.115804
-0.119794
-0.278251
0.0747422
-0.0552557
-0.124276
-0.480843
0.258974
-0.143943
0.197359
0.647714
0.21208
-0.0879468
-0.00908816
-0.0502695
-0.186953
0.363568
0.0659646
0.0298424
-0.10875
-0.0307029
-0.380739
-0.120622
-0.151451
0.226654
0.139016
0.143594
-0.125259
0.172684
0.142035
-0.0128934
0.173767
-0.0370734
0.0169118
-0.106847
-0.0383668
-0.354269
0.329411
0.44811
-0.14814
-0.413381
-0.206311
-0.0840371
0.0729282
-0.187334
-0.0423656
0.0659238
-0.036339
-0.0167364
-0.0253439
-0.363927
-0.083952
0.261587
0.105938
0.030406
0.0124797
0.299874
0.243943
-0.328126
-0.0291151
-0.115846
0.0955201
-0.0862837
0.239344
0.055578
-0.0735194
0.00105362
0.275174
0.0102758
0.0565636
0.134786
-0.0796148
0.172051
-0.154587
-0.123315
0.388695
-0.206698
0.0303629
-0.417347
0.0334425
-0.0487368
-0.317013
-0.0395234
-0.0204416
-0.170558
0.0428256
0.350492
-0.456809
-0.150877
0.313347
-0.0906584
0.272629
0.066513
0.35713
-0.202962
0.103414
-0.0248252
0.0888448
0.0107221
-0.032446
-0.0552767
-0.0188906
-0.162169
0.0336101
0.0605645
0.311127
-0.298181
0.261583
0.0965639
0.13569
0.522856
0.0832781
0.0742488
-0.101114
-0.0307686
-0.0599913
0.0256333
0.0631946
0.151216
-0.300716
0.356605
0.164839
-0.0410675
-0.203635
0.452247
0.0970839
0.0158395
-0.0395901
0.07541
0.259052
-0.0167762
-0.0616232
-0.369085
0.288315
-0.225904
0.00535688
-0.0250455
0.22028
-0.0493241
-0.273707
0.0688365
0.153765
-0.114936
0.0963473
0.088566
0.206977
-0.040499
0.131612
-0.331134
-0.0210386
0.150949
-0.069204
0.312034
0.263388
-0.104446
-0.0793013
0.1155
0.0520312
-0.0173388
-0.128259
-0.142693
-0.243998
0.241174
-0.0955759
-0.0480708
-0.0886145
-0.00811485
0.141267
-0.368036
-0.007543
-0.311841
-0.280979
0.0190922
0.355581
-0.171237
-0.451885
-0.0930727
0.20597
-0.360397
-0.358784
-0.608399
-0.107832
0.0881709
-0.0395377
0.183971
0.016483
-0.0377937
0.542444
-0.241279
-0.342659
-0.674242
0.173809
0.00777766
-0.00013524
0.0255193
0.0106488
-0.197472
-0.184162
-0.00565258
0.10461
-0.0257382
-0.367367
-0.236878
-0.213899
0.00295608
-0.376662
-0.310984
0.330573
-0.136898
0.0740729
0.386168
-0.0302914
0.37252
0.00733588
-0.174399
0.113288
0.201804
0.0870207
-0.120684
0.264674
0.0930965
0.351253
-0.260629
-0.0615478
-0.486088
-0.161481
0.200882
-0.312083
-0.0146051
0.214365
0.561634
-0.308124
-0.0782956
-0.39576
-0.0586911
0.0366907
-0.0187055
-0.14538
-0.027653
-0.0785876
0.037314
0.0815509
-0.0926741
-0.0245636
0.108634
-0.378592
-0.12194
-0.227989
-0.0430646
0.0637459
0.15632
-0.255706
-0.951103
0.152776
0.228421
0.296432
0.109608
-0.0294131
0.0110399
0.505771
-0.319204
0.136309
0.0557478
-0.175171
0.0100458
-0.000208601
-0.104387
-0.191005
-0.0507833
-0.0957703
-0.187328
-0.634108
0.0936026
0.0977886
0.0699034
-0.00249884
0.205925
0.193297
-0.60334
0.0816888
-0.00329895
-0.0355641
-0.276894
-0.258513
-0.0328373
-0.0293834
-0.237399
-0.269796
0.416187
-0.0762117
-0.415521
-0.0791856
0.162021
-0.0112404
-0.00299498
0.00159801
0.0218498
-0.00408912
0.0577784
0.323829
0.149661
-0.255163
-0.18882
0.122816
0.114176
0.0451837
0.139924
0.323857
0.490529
0.20134
-0.350995
0.187332
-0.0185243
0.0770581
0.0814916
-0.0646949
0.257359
-0.116929
0.02117
-0.151433
0.0300424
0.119859
-0.0844358
-0.316147
-0.012113
-0.00482446
0.041215
0.0607672
-0.162533
-0.0422753
0.0650906
0.168891
0.0803522
0.381754
-0.0343427
0.00508156
0.110097
0.292977
-0.286642
0.164644
0.151781
-0.482482
-0.145026
-0.0143451
-0.353786
0.24093
-0.126278
-0.000788395
0.474591
0.41111
-0.00547853
-0.140979
0.0394127
0.0801949
0.222243
0.0493011
-0.129094
0.0931599
-0.188763
0.108154
-0.0744026
-0.258614
-0.182617
-0.0148412
-0.00366153
0.240125
0.282468
-0.019779
-0.819917
-0.728245
0.0381716
0.141282
-0.27696
-0.123682
0.239004
-0.101254
-0.0669099
0.085502
-0.0684986
0.0157229
-0.173401
0.0119626
-0.130385
0.244109
-0.157783
0.369378
0.0760923
-0.00411712
-0.598725
-0.0983144
0.165735
-0.304055
-0.337426
0.350511
0.277979
0.0272247
-0.0970209
0.216013
0.26606
0.216242
0.0633246
0.0500149
0.0160174
-0.0626856
-0.0815335
-0.0702243
-0.0978786
0.0751856
-0.235442
0.129016
0.329472
-0.0264035
-0.196416
-0.00195721
0.0735128
0.201016
-0.225644
-0.474809
-0.24974
-0.0112119
0.0688415
-0.272014
0.0645018
-0.277565
-0.0733589
0.214134
-0.364324
-0.144747
0.25659
0.0488769
-0.0148349
0.0167132
-0.0258517
0.0142048
-0.00868707
-0.0424686
-0.275361
-0.184826
0.131048
0.1732
0.0909158
-0.105465
0.00445895
0.0774247
0.0020968
-0.108895
0.350072
0.23694
0.350837
-0.0113529
0.0175932
-0.254635
0.0362197
-0.135693
0.139995
0.321355
0.162478
0.0479286
0.159781
0.100358
-0.00509853
0.139525
0.244265
0.389701
0.694974
-0.120878
-0.415262
-0.365791
0.0301315
-0.205957
-0.0852496
-0.0638127
-0.348989
0.00306411
0.0710707
-0.147594
0.0094284
-0.0131013
-0.214533
-0.417964
-0.399432
0.133504
-0.383489
-0.087694
0.0606676
0.168754
0.140885
-0.0711494
-0.0472814
0.102124
0.0339546
0.0677283
0.04258
-0.0706919
-0.0779563
-0.303227
-0.0596062
0.0379478
-0.0577624
-0.179085
-0.224502
-0.143828
-0.0194278
0.428386
0.204539
0.308297
0.00298977
0.0118528
0.309281
0.389784
-0.305146
-0.126539
0.104344
0.0766226
0.0954565
-0.0661236
-0.0557195
-0.0157314
0.0763722
-0.00440628
0.0200489
0.0891306
-0.102804
-0.201304
-0.0516564
0.053065
-0.116224
-0.100526
0.301053
-0.0298295
0.0010109
-0.084504
-0.158534
0.0584682
0.00811157
-0.0899107
-0.140397
-0.395975
0.0881492
-0.0829127
-0.0910053
0.180651
0.0373194
0.346416
0.109761
0.38907
-0.249547
-0.563245
-0.0752416
0.187373
-0.197621
-0.23015
-0.0231383
-0.0514407
0.0545355
0.282103
0.0774766
0.0495508
0.295161
-0.11838
0.116714
-0.562897
-0.236495
0.12003
0.105241
0.309144
0.183263
-0.155705
0.177972
-0.0177779
0.189942
-0.191267
0.221644
0.285272
-0.00375627
0.205946
0.0587244
0.0979978
-0.245939
-0.271859
0.283007
0.197105
0.241771
0.165728
0.275622
0.178632
-0.0338886
0.112374
-0.295103
0.0143774
0.109759
0.190284
0.341978
0.266318
-0.0345058
-0.0934873
0.0938506
0.0126203
-0.240959
-0.389846
-0.625351
-0.0607283
-0.0125849
-0.05742
0.107446
0.583572
0.0257075
0.159637
-0.208169
-0.359479
-0.680374
-0.192392
0.0580319
0.300464
0.291208
0.251914
0.191734
0.131595
-0.178282
0.0236275
0.341084
0.122439
0.0106137
0.0655059
-0.0579215
-0.158845
0.0567408
0.13673
0.456036
-0.0554894
0.436521
-0.202744
0.0559176
0.476858
0.258826
0.00766345
-0.160905
0.406825
-0.126304
-0.301231
-0.155987
0.20351
0.0942289
-0.0314382
0.0599244
-0.00535216
-0.380295
0.0391994
0.203631
0.252429
0.401278
-0.273959
0.0392325
-0.192983
-0.31125
-0.73844
0.0938504
-0.0466386
-0.546482
-0.207871
-0.247579
0.131767
0.0258705
-0.276882
0.11512
0.0507368
0.021172
-0.230207
-0.337276
0.0851952
-0.140902
-0.228882
-0.0269837
-0.309552
0.171211
-0.1243
0.303566
0.0512801
-0.1299
-0.0485402
-0.0606674
0.10886
0.289268
0.0527675
0.0092967
0.0487139
0.216534
0.00442902
0.049485
0.266234
-0.0515168
0.0362717
0.35685
-0.0236628
0.265073
0.100635
-0.130943
0.0851845
-0.0640587
-0.144718
-0.133389
0.199088
-0.0861437
-0.0931433
-0.168158
-0.1448
0.0140111
0.184398
0.0198431
-0.0603608
-0.153442
0.0294956
0.111013
-0.0663694
-0.0129302
0.163304
0.263984
-0.192956
-0.175789
-0.0426218
0.00174409
0.0716927
-0.105823
0.230035
0.331272
0.371867
-0.141599
0.0192341
-0.218922
0.421815
-0.0580734
0.0619742
0.0450974
-0.395455
0.119039
-0.0506602
-0.032732
-0.141124
0.00105683
0.0172085
0.109612
0.420434
-0.0587482
0.0749901
-0.319554
-0.364286
-0.202748
0.0639819
0.0842679
0.333034
0.0607773
0.0154647
0.149923
-0.172436
0.187045
-0.288382
-0.152687
0.358487
0.254542
-0.222592
0.0715276
-0.283154
-0.269389
-0.182482
-0.0161193
-0.120224
0.0964578
-0.186233
0.193609
-0.3849
-0.180633
-0.0485223
0.157537
-0.123915
0.0657476
0.018555
0.0119038
-0.0755476
0.191799
-0.086085
0.100156
0.265169
0.109219
0.139928
0.116437
0.0504724
0.332397
-0.134941
0.369814
0.0701199
-0.152043
-0.218714
-0.394247
0.166173
-0.161099
-0.200911
0.064812
0.104738
0.0785146
0.292783
0.0625194
0.366108
-0.0504474
0.109583
-0.0694753
0.0483685
0.0751177
0.00225787
0.147838
0.163265
0.0464063
0.491202
0.536835
0.432955
0.299382
0.126166
-0.068138
-0.059913
0.0939787
0.157152
0.128392
0.0866299
-0.107657
0.0483294
-0.0616692
0.0173862
-0.690756
0.0549885
-0.135789
0.268171
-0.0741894
-0.0658448
-0.236081
-0.233552
-0.100187
-0.116743
0.0464916
0.0261742
0.208546
0.175485
-0.143923
-0.0956782
0.0225033
0.0268651
-0.0335392
-0.0800217
0.164792
0.107922
0.200707
0.02475
-0.169974
-0.204725
0.0598763
-0.13172
0.415289
0.356106
-0.0423469
-0.161733
-0.0749749
-0.0470844
-0.208881
0.188949
-0.0703757
-0.152861
0.114163
0.0741588
0.26892
-0.0767827
-0.0238394
-0.10859
-0.152226
0.0409664
-0.332405
-0.0123069
0.440667
-0.0145738
-0.0527177
0.131571
-0.0179378
-0.211178
-0.419358
-0.668299
-0.255788
0.041048
-0.06626
0.423937
0.0947954
0.0751188
-0.0175055
-0.172779
-0.320601
0.151715
0.0252524
-0.106379
0.102768
-0.169028
-0.14128
-0.0178235
-0.0140019
0.186528
0.052892
-0.0550068
0.110676
0.0866278
0.15924
0.218675
0.13972
0.0461205
-0.109184
0.177657
0.0130551
-0.304824
0.0259352
0.0301931
-0.12549
0.368616
-0.223735
0.266934
0.177154
0.03833
0.0118386
-0.481553
-0.431787
-0.0400276
0.494271
0.000589358
0.0941086
0.362255
0.207947
0.062827
-0.0591082
0.11011
0.315408
-0.0837526
-0.0762634
0.108201
-0.113922
-0.00264926
-0.077205
0.0342767
0.00252731
0.0760319
0.230785
-0.444643
-0.330919
-0.230777
-0.0150656
0.200559
0.394108
0.143565
0.0422566
0.0499688
0.0485528
-0.369111
-0.243523
-0.0865674
0.402811
-0.176585
-0.268483
0.440441
-0.0265968
0.200468
0.304584
-0.317442
-0.157009
0.214287
0.00722662
-0.450765
-0.219545
-0.285424
-0.0184223
0.0251967
0.039425
-0.00780823
0.0114581
-0.109966
0.0357771
-0.174052
0.0225033
-0.27939
-0.143633
-0.0216209
0.00129645
0.0449516
0.350123
-0.134331
0.0111995
-0.0321081
0.0433502
0.0212395
0.0632732
-0.0104777
0.101006
0.167166
-0.038103
-0.139745
-0.0758812
0.0391252
0.156054
0.116553
-0.0180712
0.223401
0.188888
-0.291145
-0.125384
-0.0827369
-0.0103564
-0.300008
0.258638
-0.000681325
0.102524
0.265862
0.0710304
0.334122
0.028233
-0.0684988
-0.117077
0.299886
0.0213854
-0.321531
0.228664
0.231007
-0.0268807
0.0222894
0.0389595
0.481612
0.404588
0.0982086
0.162475
0.10087
0.0647979
-0.307376
-0.170444
0.179425
-0.253421
-0.265875
-0.265739
-0.445651
-0.1789
-0.224397
-0.0229534
0.255769
-0.0362354
0.0422204
-0.124029
-0.212376
0.0969108
0.603663
0.184025
0.159896
-0.455908
0.102728
-0.111323
-0.0613697
0.339329
0.690585
0.34308
0.469935
0.355311
0.0722258
-0.0502795
0.44273
-0.0301533
0.264923
0.266711
-0.200706
-0.314201
-0.176692
0.0849006
0.489587
0.042465
-0.668925
-0.32456
-0.269641
-0.325719
0.151274
-0.334949
-0.0291052
-0.187281
-0.167489
0.00248575
0.018913
0.0378026
0.296858
-0.263258
-0.182359
0.0450851
0.278001
0.0254123
-0.177374
-0.0516752
0.000334496
-0.218477
-0.00793027
0.282727
0.282677
0.18323
-0.158186
-0.0184642
0.0192465
-0.0207164
0.0428283
0.33961
-0.0830573
-0.0536122
0.0844763
-0.388113
-0.129829
-0.0932379
-0.11843
-0.0485083
0.366875
0.126601
0.123586
0.0754022
-0.166462
0.106038
-0.00354167
0.20782
-0.10907
-0.0993774
-0.859389
-0.0865772
0.27922
0.0706625
-0.467678
0.330484
0.0681783
0.255128
0.180065
-0.188067
0.146241
-0.245495
-0.0390907
0.164633
0.0318846
0.364901
-0.0248239
-0.164533
0.0498183
-0.0399566
0.037058
-0.149464
0.101696
-0.0471038
-0.28585
-0.135237
-0.155598
0.0280568
-0.13376
0.122591
0.0356978
0.108099
-0.0190813
0.17658
0.244344
0.177993
0.27549
-0.259566
0.21168
-0.13208
0.336107
-0.306003
-0.151366
-0.10054
0.0231105
0.532268
0.013879
-0.481752
-0.2839
0.114511
-0.208509
-0.217179
0.394442
0.41085
0.0747686
0.330165
-0.0140022
0.0863673
-0.0189936
0.0211512
-0.0960504
0.148323
-0.120653
-0.0429303
0.100758
0.150739
-0.0236879
-0.187288
0.14546
-0.137188
-0.527111
0.430902
-0.019645
-0.41444
-0.495965
-0.334261
-0.189981
-0.406789
-0.125078
-0.128468
-0.377663
-0.368635
-0.429534
-0.544697
0.250446
-0.572233
-0.276133
0.0138049
0.0555128
0.169227
-0.135417
-0.70418
-0.0667356
0.0456135
-0.126984
0.0414406
-0.347219
-0.239187
-0.119148
-0.148346
0.000576148
0.0842071
0.13335
-0.392987
-0.0958943
0.03089
-0.176887
0.0150389
-0.191533
-0.00548314
0.0160084
0.0364393
-0.0528886
0.0573421
0.0746708
-0.0762812
-0.0730229
0.0377262
0.118566
-0.300134
-0.315714
-0.119556
0.257446
-0.237366
0.156773
-0.22349
-0.0355203
-0.37694
0.125089
0.127089
-0.28764
-0.535119
-0.286395
0.0187495
-0.495366
-1.11214
0.00422041
-0.176087
-0.20709
-0.170768
-0.209831
-0.111883
0.114658
0.0249505
0.00525395
-0.0627105
-0.201297
-0.132467
0.197102
0.207043
-0.105721
-0.171212
0.0896967
0.0079578
-0.202902
0.0790073
0.126852
-0.0407431
-0.252525
0.196884
-0.229609
0.0892023
0.408942
0.0362266
0.117373
-0.155348
-0.106651
-0.134479
-0.0934148
0.878583
0.513496
0.0772567
0.378401
-0.131555
-0.133688
-0.0170982
0.118759
0.186966
0.172888
-0.0486895
-0.0038614
-0.374535
-0.247738
-0.0590986
0.0850146
0.0812835
-0.0605481
-0.364443
-0.205807
-0.062354
0.505654
-0.246905
-0.0100289
-0.173081
-0.0552002
0.173668
0.00608234
-0.194352
0.138619
-0.210317
-0.00080292
-0.17579
-0.170888
0.107482
0.0259813
0.160832
0.0451529
-0.105138
-0.245606
0.225433
-0.0893314
0.341071
-0.336985
-0.0209757
-0.258586
-0.0983541
0.148268
0.0103758
-0.0845231
-0.230305
-0.298307
-0.164417
0.0132186
0.0345359
0.00929303
0.477502
-0.124658
-0.24284
-0.428229
-0.0713187
0.0702953
0.551211
0.408358
0.496305
0.117346
0.330313
0.216748
-0.141338
-0.145536
-0.0907463
-0.17781
-0.122558
0.299166
0.547419
-0.725209
-0.0225512
-0.0780727
0.0114542
-0.210838
-0.0961386
0.153011
0.284528
-0.0903279
0.143564
0.0472303
0.0301688
0.0622855
0.174246
0.17523
-0.130466
0.337904
0.233468
-0.332884
0.0414199
-0.203072
0.0325211
0.0132701
-0.0784073
-0.350139
0.223837
0.194894
0.314734
-0.345252
-0.221908
-0.531136
-0.3762
-0.485958
-0.151527
-0.774476
-0.132813
0.209169
0.157491
-0.0213268
-0.127923
-0.589471
0.268986
0.209959
-0.192116
-0.351814
0.0394328
-0.00594694
-0.091488
-0.00037744
-0.0478297
-0.226428
-0.0189704
0.0470934
0.0772993
0.63262
-0.101159
-0.544213
0.107173
0.14648
-0.170856
-0.0365754
0.352831
-0.113755
-0.516768
-0.0862067
-0.0339868
-0.230935
0.215626
-0.158433
0.00554454
-0.070461
-0.0106928
-0.103029
-0.0165756
0.0528857
0.129258
0.0327502
0.154505
0.249371
0.228247
0.271629
0.204897
0.286028
-0.396066
-0.0038065
-0.0498309
-0.277093
0.204949
-0.171347
-0.365929
-0.018824
-0.0663175
-0.214935
0.189264
0.0416841
0.0415609
0.120352
0.5422
-0.082845
0.159696
0.134502
-0.140757
0.0355314
-0.135109
-0.0448132
-0.00543162
-0.542006
-0.0782218
-0.0124145
-0.306915
0.301417
-0.0951521
-0.14493
0.251877
0.167952
0.0719402
-0.0310501
-0.120801
0.0563655
-0.312011
-0.240365
0.200454
0.128187
0.298637
0.255424
-0.527023
0.258692
-0.0592054
0.0749932
-0.0520741
-0.427971
-0.163046
0.305964
0.0495882
0.0307277
0.357567
0.081813
-0.0156181
0.623685
0.386803
0.225121
-0.0566943
-0.101844
0.0728847
0.0312867
0.237063
0.27813
0.165497
-0.171814
-0.197298
-0.038626
0.0142427
-0.0589673
0.189976
0.27196
0.0199089
0.22521
0.0177065
0.00965419
0.269418
0.191367
0.0990236
0.324086
0.0636998
0.225031
0.195376
-0.200653
0.115348
0.403863
-0.381732
0.0712281
-0.404832
0.05557
0.131354
0.42604
-0.107657
0.0318573
-0.0524112
0.435943
-0.0128397
-0.29075
-0.0513627
-0.171992
-0.175649
0.109522
0.13651
-0.11825
0.00618241
0.451578
0.131169
-0.366047
-0.294857
-0.055009
0.0230308
-0.150665
-0.0092357
0.198444
0.0168188
0.0739728
-0.172458
0.261457
0.118638
0.157335
0.225388
0.0950187
-0.128845
0.104674
-0.0356311
0.116934
-0.0393389
-0.29413
0.194075
0.0589354
0.103153
-0.319478
-0.101689
-0.108761
-0.00778871
-0.201713
0.172043
0.00905027
-0.139334
0.0383497
-0.60772
-0.153243
0.244509
-0.151547
-0.0721886
0.157339
0.303042
-0.109285
0.351549
0.0723559
0.0650579
-0.177334
0.0484904
0.663526
0.0608923
-0.00550798
4.90043e-05
-0.160079
-0.103708
-0.684773
-0.317861
-0.040264
-0.041843
0.225522
0.0475921
0.014866
0.0211264
0.00382783
0.218939
-0.0490102
-0.300814
-0.136176
-0.060158
0.163995
0.0826995
-0.339133
-0.136512
0.0881262
0.139545
0.0494804
-0.049685
-0.192342
-0.0257696
-0.0188005
-0.0691217
-0.00792605
0.0253718
-0.329146
0.0685233
-0.290928
-0.0768522
-0.00357297
-0.41874
0.265808
-0.111045
0.18953
0.143762
0.0318451
-0.106728
0.13916
0.0993504
-0.0571748
-0.190289
0.0357436
-0.0294563
0.115685
0.250002
0.112214
-0.0773495
-0.235081
-0.207213
0.0668638
-0.0529618
0.395769
0.011349
0.0494019
-0.197041
-0.144381
-0.00957001
-0.172806
0.215312
0.52799
-0.102424
-0.476338
0.0113074
-0.159455
-0.0868076
0.0686971
0.00912653
-0.0801349
0.0360775
-0.108947
-0.514291
-0.11238
-0.0359869
-0.0982842
0.342152
0.220433
-0.0772409
0.222144
0.014595
-0.161205
-0.522794
0.223549
0.398891
-0.00974966
0.0758802
0.0374051
0.382414
0.231866
-0.0863892
0.0179631
-0.0408341
0.144015
-0.136667
0.0453705
-1.01514
0.0824198
-0.266693
0.301461
-0.344302
-0.124069
-0.01559
0.0436929
-0.0960892
-0.215497
-0.228003
0.474356
0.155667
0.03621
0.190882
-0.0906617
0.183307
0.0953273
0.288573
-0.0691401
-0.130284
-0.223228
-0.0410205
0.178258
-0.352832
-0.21426
0.0751726
-0.00371649
-0.282602
0.22143
-0.725532
-0.333121
0.56368
0.107731
0.0360373
-0.0915491
-0.051138
-0.101219
-0.0172645
-0.127601
0.0194698
-0.160833
0.503169
0.10506
-0.290243
0.0422909
0.331658
-0.208412
0.350087
0.356734
0.204558
0.390504
-0.0469171
0.00115775
-0.34181
-0.113822
-0.0369711
-0.0128034
-0.282224
-0.013108
-0.257813
-0.0227314
0.410403
0.138944
0.165454
-0.00935907
0.669856
-0.00274474
-0.188704
-0.231033
0.0725093
0.110348
-0.109479
0.0187599
-0.23015
0.190668
-0.142143
-0.25859
-0.0131271
-0.0930183
-0.0615901
-0.042752
-0.157082
-0.197398
0.0991041
0.00266882
-0.818455
-0.930595
-0.125066
-0.0527601
-0.0230288
0.0892841
-0.00300301
-0.246122
0.0719743
-0.23954
0.117801
-0.222019
0.0800151
-0.032454
0.139415
0.0236665
0.366051
-0.247386
0.242742
0.00874183
-0.178539
0.00941147
0.0530055
0.115048
0.497188
0.246821
0.187966
-0.13627
-0.112663
0.257254
0.350867
-0.0547888
0.231846
-0.509532
-0.246801
-0.0348997
-0.15596
0.27968
-0.06418
0.201035
-0.15111
-0.290603
-0.4068
-0.150977
-0.0957115
0.223987
0.24815
0.367792
0.228327
-0.0613429
-0.10554
0.527148
0.0821928
-0.0454506
-0.326513
-0.0816471
-0.0455955
0.248728
0.273478
0.270711
0.167563
0.312297
-0.44058
-0.150107
0.185708
-0.143149
-0.161895
-0.0806259
-0.014077
0.256748
-0.37736
0.167405
-0.404746
-0.236734
-0.0187069
-0.651714
0.0259492
-0.0592152
0.0651136
-0.129673
-0.0148633
0.0253498
0.191725
-0.0797963
0.448514
-0.146466
-0.192094
0.171042
-0.450902
-0.234423
0.189403
-0.00902232
0.314929
-0.0719251
0.00898461
0.0591647
-0.112686
-0.350745
0.191784
-0.0503684
0.186001
0.324468
-0.0189037
-0.11105
-0.86367
-0.0789092
0.347442
0.172725
0.00960129
-0.11172
0.262365
-0.1975
0.269372
-0.0250281
0.0445919
-0.129869
0.221963
0.066029
0.104197
0.0351483
-0.096212
-0.0648902
0.186031
-0.235438
-0.42855
-0.269868
-0.218876
0.213217
-0.699216
-0.753469
-0.0865224
0.0822695
-0.418328
-0.0729428
0.0588348
0.324517
0.0841329
0.335835
-0.0560206
0.0402338
0.318477
-0.0558904
-0.168973
0.173796
0.069359
-0.0437498
0.00851455
-0.19551
0.112253
-0.220356
-0.131521
0.00141879
-0.1958
-0.222757
-0.364942
0.0662416
0.372707
0.181797
0.169155
-0.0304876
-0.225167
-0.442535
-0.324171
-0.334733
0.0464858
-0.0632836
-0.610142
0.40348
0.141656
0.222976
-0.2634
0.101632
0.0105421
0.0240166
-0.286547
0.0790091
-0.375058
-0.384146
0.444411
0.0223408
-0.0229798
-0.267754
0.114469
-0.0736594
0.151354
-0.0391102
0.284701
0.2301
0.0595242
0.104325
0.0920096
-0.0494502
-0.0991009
-0.248946
-0.261298
0.161187
0.129326
0.00878485
-0.0135723
-0.0237431
0.0873378
0.000427218
-0.116753
-0.187795
0.0906966
0.344636
0.271152
0.167602
-0.134482
-0.242952
0.635574
0.257464
-0.426883
-0.578965
-0.195353
-0.0314033
-0.050109
-0.255989
-0.183128
0.305425
-0.145412
0.0331557
-0.256416
0.0401629
-0.227739
-0.0195349
-0.139836
0.264294
-0.0714901
0.110033
0.00153114
0.307755
-0.0339195
-0.0700605
-0.00335899
-0.554887
-0.158131
0.0681496
-0.11073
0.113645
-0.0545096
-0.111051
0.779792
0.0957333
-0.294653
-0.12387
0.0767054
-0.220639
-0.0547739
-0.0330593
0.221226
-0.0638708
0.212675
-0.0116756
0.100996
0.0346763
0.0780772
0.0915759
-0.102343
0.179337
-0.226352
-0.54725
0.120975
-0.292053
-0.333621
-0.253489
0.0556785
-0.204862
0.690618
-0.181243
0.185067
-0.124623
-0.169537
-0.31506
0.0263595
-0.117975
0.198864
0.0458753
0.10331
0.139382
0.159996
0.265695
0.128031
-0.155338
-0.0192295
0.207494
-0.432263
-0.0754829
0.49974
0.0421966
0.109455
0.0755021
-0.300332
-0.245216
-0.0156275
0.0833262
-0.0327425
-0.137092
0.0240537
0.197833
0.307025
-0.139609
0.288116
-0.0365967
0.167129
0.111536
0.290119
0.194606
0.201719
0.192493
0.0470825
-0.0103791
-0.0683429
-0.459542
0.367492
0.367681
-0.0508325
0.2852
0.306065
0.0585554
-0.0458082
0.208958
0.445669
0.106373
-0.000933119
-0.17674
0.261201
0.0605979
-0.55888
-0.0335276
0.179735
0.0045862
0.28396
0.119731
0.00873037
-0.256513
0.0521731
0.244443
-0.00247211
0.0674865
0.0155815
-0.14176
-0.1163
0.147231
-0.0395247
-0.0972533
-0.160805
-0.250951
0.232782
-0.259016
-0.148295
0.0718973
-0.129265
0.0766575
-0.179826
-0.381747
-0.100982
0.0155315
0.160037
-0.13531
-0.0904018
-0.0165989
0.0341075
0.223427
0.0674329
-0.00629813
0.0471404
0.307784
0.772938
0.452472
0.162537
0.337608
-0.106572
0.135415
0.0348519
0.43703
-0.413929
-0.240007
-0.0137999
0.513639
0.0345234
-0.138986
0.0754667
0.0057941
0.433956
0.00970055
-0.63783
0.153324
0.344814
-0.170837
-0.130697
-0.253249
-0.00217585
-0.0135289
-0.000628327
0.0187762
0.389242
-0.00368426
0.0533816
-0.306692
0.131203
0.0453507
0.0481895
0.145608
0.0208043
0.0905493
-0.336156
0.428142
-0.157251
-0.0793009
-0.595956
-0.053358
-0.0330655
-0.103362
0.169187
0.160571
0.0500283
-0.0964978
-0.12348
0.0401076
-0.0761415
-0.110992
-0.31829
-0.346045
-0.227891
0.101255
0.141078
-0.163161
0.152104
-0.206977
-0.0811106
-0.0515396
0.155222
-0.214669
-0.0811428
-0.21096
0.0254881
0.209833
-0.14848
-0.0209147
0.312325
0.411416
0.277635
-0.0736634
0.196045
-0.163378
-0.266796
-0.201967
0.0378379
-0.280383
0.540265
-0.0125818
0.228609
-0.00185281
-0.0230874
0.233309
-0.298096
-0.188624
-0.0234103
0.0682974
-0.0361631
-0.0556872
0.113166
-0.23557
-0.0436317
0.391631
0.103081
0.146966
-0.126872
-0.113162
0.020015
-0.00849083
-0.117658
-0.0754313
-0.251745
0.168867
-0.553903
0.169742
0.154182
0.00670126
-0.157261
-0.223251
0.275056
-0.118374
0.514797
0.26363
0.455361
-0.07011
0.0413953
-0.339299
0.194592
-0.0153481
-0.0340768
0.144807
-0.155969
0.01015
0.164248
0.150518
-0.00966726
-0.0671063
-0.0906255
-0.384606
0.0631315
-0.198784
-0.346589
0.154543
0.281345
