0.270673
0.37599
0.610122
0.591737
0.19316
-0.117231
-0.0618499
0.220521
0.0254996
0.0502673
-0.130902
-0.102582
0.00509453
-0.0177313
-0.238508
-0.0258796
-0.0908695
-0.0609648
0.871348
0.0470623
-0.179747
-0.0598831
-0.1752
0.0148432
-0.0276098
0.036869
0.229581
-0.19034
0.153207
-0.00720938
0.0496338
-0.245597
0.405141
0.0969168
-0.031658
0.345837
0.213433
-0.175637
0.0462751
0.220796
-0.147707
-0.0738166
0.134143
0.0762139
-0.166269
0.118381
0.301421
-0.296264
-0.0743258
0.0818869
-0.0309658
0.0193239
-0.0650044
0.0333998
0.156577
-0.19833
0.158683
-0.0672336
-0.0519759
0.0945718
0.0032364
0.100329
-0.160196
0.024288
-0.00365096
-0.212447
-0.0269254
-0.127285
0.0656176
0.137658
0.238096
-0.0684116
-0.167615
-0.235252
0.266587
-0.345768
-0.0915398
0.154904
-0.153319
-0.204856
0.487193
0.403735
0.498893
-0.0615256
0.207145
0.532634
-0.325859
0.297809
-0.226695
0.0533243
-0.237819
-0.244591
0.303132
0.484524
0.100257
-0.347934
0.102253
0.0550183
0.187872
0.115649
0.015731
0.319361
-0.0498883
0.00660872
-0.206863
-0.28669
0.268047
-0.0663881
-0.106386
-0.127032
-0.18297
-0.165501
-0.0199043
0.287412
0.251014
-0.16808
-0.417513
0.193874
0.17364
-0.297874
-0.139427
-0.139986
-0.141692
-0.171119
0.181684
-0.199574
-0.0854793
0.0558241
0.106505
0.255785
-0.0159505
-0.00423351
-0.344588
-0.171885
-0.178347
-0.280022
-0.00166608
-0.141842
0.134031
-0.065524
0.0080025
0.202733
0.18484
0.0332043
-0.00161667
0.169467
-0.0382505
0.201336
0.124407
-0.137623
-0.0745696
0.0104875
-0.711795
0.10328
0.0402939
0.483104
0.405951
-0.150206
-0.369255
-0.52924
0.0888394
0.102633
0.0123125
-0.0357981
-0.0408813
0.127606
-0.113812
0.185637
-0.464955
-0.523359
-0.0260735
0.147461
-0.407141
-0.185326
-0.3298
-0.573952
-0.180317
-0.135387
0.0149739
0.36723
-0.0744272
-0.00992033
0.334895
0.22637
0.0601826
-0.0579266
0.130294
-0.195721
-0.0776823
0.173044
0.631667
-0.0744741
-0.264362
-0.762915
-0.0910041
-0.0871081
0.306856
0.0318209
-0.00664672
0.139718
0.0434824
-0.0464276
0.13092
-0.106462
0.233629
0.124844
0.27478
-0.0597264
0.234952
-0.526103
-0.103813
-1.03607
-0.816566
-0.317577
0.0173717
-0.0697349
0.0890133
-0.130864
-0.353417
0.0775416
0.275624
0.429772
-0.0115737
-0.0380186
-0.258207
-0.579835
0.0647722
0.173017
-0.00561394
-0.161058
0.0578638
-0.708134
-0.314209
0.0249567
0.454892
0.574992
0.173842
0.0678783
0.0857536
0.40845
0.117603
-0.349546
-0.420628
0.110379
0.321802
-0.214656
0.29335
0.0635995
0.122655
-0.108937
0.329183
0.194475
0.23177
0.332391
-0.119747
-0.131542
0.325856
0.111122
0.109297
0.223669
0.270735
0.252222
-0.171512
0.0371486
0.213781
-0.111131
0.028804
-0.0423864
0.0488385
0.0125453
0.00834285
0.107449
-0.147444
-0.212017
0.0893394
-0.126036
0.185677
-0.17138
0.182931
0.16267
-0.167128
-0.767874
-0.0580859
0.100492
-0.061144
-0.245837
0.18807
-0.0867793
0.588146
-0.0491973
-0.536875
-0.353633
-0.19382
0.0920261
-0.27142
0.139008
-0.140634
0.224887
0.19999
-0.535704
0.167768
-0.114456
0.183892
0.341148
0.0218982
0.259802
0.144295
0.226475
0.625062
-0.0958195
0.578487
-0.538161
-0.132136
-0.163368
0.0960844
0.115993
-0.0216833
0.00306604
-0.0597087
-0.706732
-0.251961
-0.0668747
-0.455508
0.244767
0.313793
0.468689
0.397308
-0.662511
-0.199946
0.00997306
0.019792
-0.102938
-0.0564005
0.140196
-0.277146
-0.00366498
-0.157493
-0.13092
0.131461
-0.0179676
-0.35283
0.0845728
0.30922
-0.0394563
0.19058
0.0143523
-0.0287741
0.445523
0.101875
0.0997013
-0.152391
-0.319835
0.0211831
0.213825
0.0504716
0.0682476
0.200548
0.0426791
0.268862
0.169484
-0.0255978
0.110758
-0.0311978
0.183347
0.426748
-0.00957731
0.190322
-0.0871165
0.184003
-0.0239293
-0.194061
0.211875
0.0200085
0.0910528
-0.115426
-0.0119034
0.0147412
-0.00341904
0.0683123
0.116334
0.117662
0.100891
-0.392839
0.157218
-0.485039
-0.292173
0.0868762
0.196549
0.00477877
-0.040996
0.0840293
0.226974
-0.000690431
0.0477603
-0.387535
-0.399967
-0.159445
-0.0295745
0.226653
-0.177778
0.464468
0.246874
0.156637
-0.0662224
0.089444
0.14221
-0.226745
0.0197444
-0.200604
-0.321056
0.18577
-0.204418
-0.0125327
-0.174801
-0.197665
-0.175729
-0.062058
0.20769
0.112224
-0.0104426
-0.564375
0.145203
-0.177992
0.0796251
-0.202031
0.0147262
0.0782236
-0.0600397
0.0906397
-0.175496
0.072931
0.234214
0.419744
0.205871
-0.258122
-0.0856818
0.31309
0.236711
-0.0802542
-0.354878
-0.0363944
-0.0211401
0.0172299
-0.0426549
0.120278
-0.0445421
0.0152493
-0.199003
-0.0229216
0.189047
-0.181785
0.0282925
-0.0664106
0.157501
-0.0142142
0.385927
0.260523
-0.0236595
0.179503
0.108168
-0.201614
0.150661
0.384061
-0.390722
-0.361282
-0.0278162
-0.175718
0.466517
0.384652
0.0483987
0.137822
0.260658
-0.405259
0.246605
0.270241
-0.0491395
-0.387308
-0.81306
0.101179
-0.166207
-0.226598
0.0189868
-0.118732
-0.0554712
0.00067614
0.0303192
0.48221
0.0800505
0.0697972
0.403331
0.0287242
-0.0110871
-0.259192
-0.599702
0.0621556
0.0799237
0.0291139
-0.0734337
0.20353
0.105706
-0.0137549
0.1137
0.124825
0.128066
0.0222394
0.204213
0.582179
0.166937
0.0216094
-0.14998
-0.0672548
-0.204741
-0.0660193
0.661022
0.0927079
0.0788772
-0.0794551
0.0890111
0.168162
0.271704
-0.16794
0.069809
0.0853232
-0.241075
0.0675564
0.288128
0.0657538
0.0449306
-0.011051
0.482938
-0.318878
0.219694
0.04719
0.237151
-0.336901
0.149414
-0.0735154
0.052312
-0.015813
-0.176659
0.0436833
0.197514
-0.517911
0.0693916
0.205302
-0.0707159
0.237353
0.0475234
-0.232385
-0.134227
-0.0472409
-0.176092
0.039147
-0.0164381
0.0446512
-0.161827
-0.334585
-0.000370615
-0.132844
0.181695
0.119264
-0.0392326
-0.0210375
-0.0407811
-0.0978729
-0.0191005
-0.0932054
-0.00316219
-0.0662736
-0.10776
0.286473
0.206708
0.244766
0.0216234
-0.0367844
-0.313636
-0.258205
-0.0270841
-0.150166
-0.152601
-0.0825594
0.0326901
0.0895785
-0.037978
0.108342
0.0779122
-0.292868
0.35328
0.240248
0.456928
0.0955579
-0.0310098
-0.0184015
-0.211092
-0.819363
-0.039254
0.0702651
0.111421
-0.0955205
-0.268545
0.0594791
-0.0283994
-0.0213182
-0.1619
0.0393473
0.269364
0.328591
0.530322
-0.0286247
-0.0847181
0.0831513
-0.165911
-0.212902
-0.114342
0.338325
0.0815809
0.0304935
-0.13784
-0.13252
0.105308
0.0301179
0.306259
0.388935
0.25037
-0.142117
0.125434
-0.0446046
-0.155557
-0.223141
0.265849
-0.0493492
0.350425
-0.00963525
-0.26505
-0.456743
-0.0656616
-0.0615595
0.180815
0.0329147
-0.225584
-0.0396582
0.0678777
-0.074519
-0.00515153
0.0475207
0.185934
-0.359203
0.0339176
0.232489
-0.0415943
0.101407
0.164894
0.120325
0.0313947
-0.0441149
-0.0559298
-0.0140719
0.0799247
0.216034
-0.0371114
-0.148498
0.0548037
0.0190981
0.0799823
0.0391515
-0.166117
-0.0648939
-0.215732
-0.408763
-0.0908371
-0.284688
0.275287
0.12883
0.00415532
-0.234948
-0.0352913
0.242946
0.302168
-0.674235
-0.10025
-0.0145766
-0.249207
0.102204
0.00460948
0.0250616
0.233812
0.678307
0.440662
-0.0721745
-0.0192699
-0.0846636
-0.145433
-0.0225004
0.03581
0.11956
0.194213
0.301594
0.371349
0.43333
-0.109806
0.086665
-0.344172
-0.0383515
0.0655622
-0.254148
0.0708411
0.0128183
-0.0911756
0.0439511
-0.032281
0.0410845
0.0913177
-0.209537
-0.160393
-0.151749
-0.18859
0.450588
0.464408
0.200125
-0.452099
0.144604
-0.217026
-0.0220097
-0.0666713
-0.0031689
0.521231
-0.0839881
0.411646
-0.13437
-0.0948603
0.120924
-0.0423675
-0.233625
-0.00487185
-0.0499461
0.0630518
0.0806121
-0.177688
0.161558
0.565429
0.453079
0.303354
-0.000166534
-0.273287
-0.719907
-0.180838
-0.125517
-0.0654006
-0.223418
-0.772581
0.431403
0.201836
0.163558
-0.163224
-0.108889
-0.0788554
0.147911
0.20842
0.116056
-0.331858
-0.115745
-0.062425
-0.255569
0.11113
0.107658
0.128218
0.100404
-0.189051
-0.0361088
0.246123
0.00731307
0.183278
0.0372567
-0.195259
-0.209417
-0.133269
-0.0102706
-0.0144495
-0.171284
-0.034965
-0.154182
-0.0736705
0.0606556
0.171131
0.323968
0.191065
0.184464
0.270199
-0.0380407
-0.0280295
-0.321737
0.0547285
-0.461086
-0.0372591
0.271943
-0.0293923
0.172164
-0.0431813
0.00483837
-0.0123628
0.062622
-0.0330302
-0.0970141
-0.383455
0.303032
0.283898
0.21342
0.0201382
0.134404
-0.137432
-0.174223
0.0441236
-0.214316
0.155804
-0.072308
0.0220157
0.0636599
0.229307
-0.0599955
-0.282448
0.00907575
0.0102407
0.445785
-0.561239
-0.294261
-0.188326
-0.105897
0.0922021
-0.109524
0.0718434
-0.193051
-0.199989
-0.398446
-0.150816
-0.257468
-0.0133565
0.294685
0.182554
-0.0690481
0.114906
-0.38479
-0.633688
0.141638
-0.210888
0.647307
0.588915
0.113677
-0.0130374
-0.0963575
0.202362
-0.198136
0.156129
0.425591
0.710137
0.603205
0.477476
0.0844525
-0.230246
0.245991
-0.0168251
-0.201606
-0.124827
0.300333
0.149458
0.056394
-0.105536
0.00883101
-0.085336
-0.360389
-0.476001
0.441916
0.215725
-0.0450227
-0.320306
0.0415438
-0.127226
0.171479
-0.0367301
0.202413
0.0623629
-0.270238
-0.221516
-0.094641
0.056033
-0.177374
-0.209307
-0.300877
-0.222137
0.106162
0.263189
0.0183921
0.014201
-0.122478
0.0411362
-0.0143677
-0.215274
0.112184
-0.206861
0.247846
-0.0356059
0.064854
-0.0952733
0.312488
0.315587
-0.015857
-0.121951
-0.0109699
0.114792
0.119532
-0.0178178
-0.0509419
0.109571
-0.110274
0.0915926
0.162177
0.139365
0.137729
-0.0603885
-0.0404827
0.137527
-0.106498
0.0393493
0.120994
0.281635
0.197378
0.0707492
0.157625
-0.13613
-0.257351
-0.462798
-0.0303991
-0.396341
0.374371
-0.0933609
-0.170409
0.0874082
0.0909348
-0.169466
-0.133724
0.19192
0.00902371
-0.277387
0.274303
-0.020852
-0.0586715
-0.102651
0.380247
0.110036
0.090795
0.229869
0.265383
0.0258548
-0.0314303
-0.237263
-0.125267
0.0960019
0.0783969
-0.161466
0.237193
0.101505
0.0786633
-0.184446
0.391607
0.13924
0.2473
0.202659
0.0453837
0.168451
0.128062
-0.0955519
0.0425224
-0.071604
-0.154015
-0.0512236
-0.130893
0.0572359
-0.27925
-0.104352
0.0162026
0.266493
0.218445
0.185686
-0.176256
0.158933
0.229874
-0.178442
-0.193728
0.0993629
0.0252879
0.0623758
-0.3673
0.218593
0.273398
0.256471
-0.0500491
-0.470245
-0.0768014
-0.0744973
0.376124
0.132861
-0.0212923
-0.0350668
0.107599
0.131506
-0.294608
0.359312
-0.173667
0.0717151
0.165864
-0.123357
0.225135
0.0468282
-0.0810051
-0.195661
-0.446382
-0.422781
0.057839
0.0844005
-0.22885
0.0399227
0.0906983
0.435694
-0.208202
0.799617
-0.0330012
-0.39198
0.0907935
0.0196023
0.0267153
-0.368431
-0.158836
-0.0406007
0.128941
0.173798
-0.148247
0.0269141
-0.13397
0.126542
-0.577189
-0.00819215
-0.0224604
0.0335309
-0.0398775
-0.0750497
0.335412
0.0885424
-0.0627799
-0.175681
-0.159306
-0.0571162
0.289653
-0.293596
-0.228261
0.216443
0.390737
0.15128
-0.0123171
0.701718
-0.124899
-0.413203
0.209135
0.309321
-0.387297
0.423873
0.161974
-0.0331493
0.017668
-0.0553933
-0.350058
-0.116061
0.0297889
0.53657
-0.165265
-0.0189439
0.0257855
0.13267
0.149555
0.140981
0.169747
-0.15034
0.382223
0.412569
0.630858
0.200548
-0.00250151
0.267549
-0.321857
0.145843
0.198756
-0.0602375
-0.163944
-0.0972885
0.0119399
-0.063512
-0.186692
-0.169961
-0.179219
0.00883039
-0.0381293
0.075266
0.069834
0.00592151
-0.0140472
-0.298566
0.189705
0.192112
-0.0691818
-0.133305
-0.154863
0.0335933
-0.238831
0.0298599
-0.203951
-0.0454878
-0.403338
-0.448273
0.0783268
-0.0704076
0.0805067
0.116912
-0.155434
-0.120155
0.290661
-0.110074
0.0283062
0.260288
0.0535666
-0.1588
-0.187299
0.0239529
0.202359
-0.15563
-0.216467
0.0860207
-0.0777389
0.0869295
-0.18277
-0.0582537
-0.275836
-0.116487
-0.367591
-0.230366
-0.0186459
0.014625
0.203627
-0.136713
0.282039
0.0529312
-0.185671
0.031566
0.4291
0.289242
0.256163
0.157991
0.00360973
-0.0617299
0.313887
0.254242
-0.23432
-0.0456746
-0.049602
0.205214
0.155869
0.0343452
0.173192
0.104972
0.0973132
0.0793695
0.0399506
-0.232285
-0.0653325
0.158213
0.179752
0.157307
-0.00228941
-0.0373781
-0.0371466
0.104147
0.0770568
0.20483
-0.160402
0.0411539
-0.166179
0.0263724
0.0542884
0.281593
0.0996051
0.00285164
-0.0662352
0.0280904
0.0484333
0.128458
0.127855
-0.24313
0.0653872
0.298313
-0.0271923
-0.123643
-0.185852
0.256088
0.251346
-0.0800995
-0.250838
-0.573188
-0.372603
-0.0144778
-0.377345
0.078313
0.122932
0.0225026
0.0772625
0.266939
-0.0758382
0.287716
-0.0727924
-0.0212485
-0.0563726
-0.207715
-0.220735
0.0257546
0.124488
-0.0194439
-0.146009
0.262271
0.844554
-0.0867455
0.121884
-0.0442963
0.242103
0.174717
0.0520613
0.258758
0.0931405
0.13498
0.105662
-0.170043
-0.287789
-1.27554
-0.11283
-0.0151267
0.0173881
0.16354
0.290972
0.219811
0.0215
0.0607846
-0.0356497
0.00229411
-0.117437
-0.204247
-0.133434
-0.0107858
0.0260013
0.373378
-0.0532237
-0.169231
0.0127484
-0.0529266
-0.0486056
-0.0329506
0.0785491
-0.0640825
-0.326451
-0.30753
-0.208225
0.146333
0.313985
0.669963
0.074266
0.192678
0.0545873
-0.0241822
-0.0810208
-0.24025
0.465066
-0.344036
-0.336256
0.0683975
0.0940092
-0.234407
0.150233
-0.162675
0.123667
-0.0744405
0.0390504
0.0104884
-0.131329
0.22697
0.257256
0.0141411
-0.122688
-0.325473
-0.121178
0.0517389
-0.0410002
0.344454
-0.136129
-0.256688
0.0720583
0.339866
-0.273386
-0.283879
0.0111412
-0.0408265
0.0300576
0.0384365
-0.0736478
0.067554
-0.265724
-0.00993013
0.00412478
-0.0797206
-0.119562
-0.484991
0.321058
0.0360462
-0.0193248
-0.097485
-0.456741
-0.336845
0.323021
-0.12083
0.202549
0.0299492
-0.128529
-0.217429
0.197886
0.163603
-0.231601
0.0605461
0.0579872
-0.253426
0.0103702
-0.0152375
0.0423562
-0.0471901
-0.160558
0.0118994
0.0839357
-0.0228118
-0.135508
-0.153993
-0.375364
-0.0268101
0.0869976
0.269784
0.00965047
-0.0256935
-0.0330684
0.108858
0.144937
0.121696
-0.334206
-0.444281
0.227378
0.192771
-0.248523
-0.459528
-0.0186749
0.123756
-0.0720552
0.0199485
0.0885363
0.180225
0.438164
0.048609
-0.246656
0.260721
-0.0530936
0.107207
-0.0594273
0.210191
0.0807439
-0.0414662
0.238483
0.20129
-0.0203045
-0.0238261
0.0838877
-0.173625
0.030413
0.136119
0.492569
0.416371
-0.0489268
-0.243404
0.0498728
0.00822388
-0.12057
-0.0943589
0.209448
0.147523
-0.126982
-0.154625
-0.470351
0.123076
0.0185462
0.00517249
0.26553
-0.132738
-0.284825
-0.222361
0.0613041
0.228177
0.00491287
0.129147
0.422628
0.00509656
-0.57386
0.101644
0.0363786
0.138202
0.13548
-0.137802
0.13159
-0.253645
-0.0345296
-0.0170497
-0.00182314
-0.134635
0.357388
0.000733296
-0.145249
-0.102502
-0.0698753
-0.0469534
-0.0271517
-0.00161291
-0.194941
-0.00631552
-0.53891
0.147368
-0.0345053
-0.0726923
-0.0442264
0.0518864
0.0868715
-0.154076
0.0368843
0.161824
0.127464
-0.035386
0.0551411
-0.0274172
0.128849
0.123831
-0.455285
0.105682
0.327883
0.289855
0.0926413
-0.0128927
0.042402
-0.22437
0.0419244
0.275811
0.108355
0.02651
0.444507
-0.456984
0.275925
0.303063
-0.0361094
0.125567
0.0829111
0.00671579
0.0569523
-0.0802268
0.0249499
0.119405
-0.117012
-0.59255
-0.317955
-0.357251
0.0512075
-0.128675
-0.273315
0.0138459
-0.179196
0.355946
-0.111725
-0.0458404
0.0267413
-0.0495629
-0.0669145
0.0480903
0.365537
0.365381
0.25826
-0.0370496
0.057273
0.316779
0.144655
0.0587134
-0.501313
0.0486124
0.307924
-0.0450842
-0.266188
-0.22965
0.0513074
-0.358194
0.0113006
0.456142
-0.0370649
0.179864
-0.0122249
-0.0341729
0.0297474
0.244634
0.129901
-0.0647649
0.0238646
0.148402
-0.463726
-0.0730674
-0.0707744
0.271642
-0.0532113
0.294863
-0.131496
0.327414
-0.51683
-0.0970347
0.0941637
0.00777065
0.406605
-0.133668
0.0416497
0.0613913
-0.0912975
-0.265921
-0.0884605
-0.182279
0.698607
0.792356
0.20862
0.0240046
-0.425943
-0.0545227
0.0794357
0.0629744
-0.163148
0.133059
-0.0834482
-0.0518335
-0.00450969
-0.201557
-0.0647682
0.632956
0.0622713
-0.167515
0.00920505
-0.126674
-0.0624245
-0.376574
-0.0618998
-0.208383
-0.0748874
0.2716
0.011731
0.00475596
0.234488
0.466349
0.106247
-0.273649
0.733002
0.279004
0.040665
0.181243
0.243997
0.27378
0.0952536
-0.214699
0.0439515
0.0206861
-0.0153803
0.0380883
-0.020199
-0.583115
-0.103734
-0.04648
-0.0555922
-0.393124
-0.285344
-0.274852
-0.122497
0.121404
-0.0198316
-0.108032
0.131913
-0.283021
-0.257112
-0.0397912
-0.0114632
0.210919
-0.258387
0.0942364
0.0791982
-0.0167438
0.489924
-0.227712
-0.15236
-0.0316159
0.0402378
-0.400532
-0.0789108
0.158559
-0.432346
0.317766
-0.188255
0.0147106
0.657372
-0.431804
-0.291653
0.419115
0.189509
0.0312543
-0.00925069
-0.178416
0.983035
-0.0804274
0.037483
-0.120205
0.140344
-0.0987646
-0.0175919
0.0601916
0.226793
-0.00985245
0.00483715
-0.0373715
-0.31398
0.186591
-0.0475962
-0.112622
-0.193671
-0.276698
-0.321202
-0.259333
0.0994326
-0.155338
0.0599273
0.384508
0.0315518
-0.23057
-0.0609957
-0.0807692
0.086293
-0.25514
-0.442846
0.557038
0.14737
0.160145
0.140415
-0.0764843
-0.303384
0.0499938
0.0290658
0.247386
-0.132264
-0.00886027
-0.0740677
-0.185464
0.000515862
-0.413593
0.0988266
0.215486
0.128515
-0.0106586
0.202804
0.00515139
-0.0466721
0.0789771
0.154379
0.0497808
-0.0972441
0.0247165
-0.151348
0.195347
-0.24125
-0.16448
0.0385552
0.00661312
0.044639
0.117551
0.191904
0.0647443
-0.140702
0.13392
-0.167061
-0.171847
-0.112184
-0.307518
0.274162
-0.0788082
0.243083
-0.0533608
-0.0645695
-0.454192
-0.161223
-0.00482885
0.0510542
-0.169152
-0.0174785
0.0314219
-0.192871
-0.33181
0.0173622
-0.253643
-0.0410862
0.050572
-0.138116
-0.203146
0.0338536
-0.0425938
0.368137
0.0726649
-0.0509156
0.206457
0.33537
0.338769
-0.0825546
0.37032
0.189162
-0.260188
-0.0434208
0.0178635
-0.0228377
-0.0373229
-0.133547
0.101619
0.066532
-0.15533
0.0234212
-0.150292
-0.184639
0.250543
0.599156
0.133512
0.296064
-0.0741728
-0.159141
-0.581923
0.0518917
-0.0975619
0.159697
0.00509517
0.251557
0.0531042
-0.141073
0.230216
0.0152411
-0.601113
0.0372104
0.0572795
0.00147193
0.00585209
-0.0605785
0.0359946
-0.383592
0.202569
0.114622
-0.230294
-0.346815
-0.12842
-0.0621209
-0.26647
-0.366756
0.134941
0.20987
0.218854
0.0421853
-0.244534
-0.0365134
-0.0509027
0.213753
-0.0214015
0.291381
0.298427
-0.0437659
0.01534
-0.360834
0.306431
-0.114802
-0.626323
0.361725
-0.221684
-0.0193791
0.0610576
-0.0283183
-0.251503
0.0200421
0.22071
0.0560165
-0.198049
-0.125969
-0.00778938
-0.169427
0.123843
0.323369
-0.0223102
-0.270602
0.0479386
-0.138868
-0.0242289
-0.150301
-0.0721537
0.0850974
-0.0389799
-0.215506
-0.00788797
0.222519
0.276629
-0.148354
-0.0599124
-0.0882616
-0.112522
0.125856
-0.127624
-0.266682
-0.0932069
-0.510381
0.34824
0.28441
-0.063925
-0.0795056
-0.123699
-0.0700746
0.0292395
-0.0147302
-0.00285264
-0.324869
0.0585501
0.0533586
-0.140624
-0.0895267
-0.125784
0.172982
0.0705617
0.275943
0.201883
0.277402
0.217453
-0.0824044
-0.111136
0.133575
0.0589515
0.00692878
0.00693367
0.109449
-0.0448866
0.0288632
-0.467015
0.0459319
0.080578
-0.224571
0.126255
0.274861
0.154387
0.147747
-0.0504519
-0.0652374
-0.108557
-0.314114
0.011993
0.605284
0.165756
0.221004
0.01467
0.0888313
0.308953
0.0156511
0.0324996
-0.192086
-0.0853415
-0.344573
0.0106197
-0.447073
0.0494803
0.0765682
-0.223128
-0.0936088
-0.136231
0.142699
-0.0851835
-0.000122654
0.230442
0.060961
-0.0255973
0.0689389
0.0366292
-0.217298
-0.14532
-0.274009
-0.018359
0.0746649
0.0308242
0.221422
-0.0811619
0.261465
0.170331
-0.13254
-0.307812
-0.167941
-0.0322967
-0.146681
-0.193727
0.398386
0.100963
-0.207392
-0.104526
0.0743451
-0.0171623
-0.0142682
0.050842
-0.207846
-0.330199
-0.274785
-0.0898858
-0.253588
0.203168
-0.117941
-0.00928707
0.245585
0.0683785
-0.0882629
0.160931
0.0534072
0.237655
-0.12301
0.184537
0.152827
-0.168772
0.120856
-0.00715971
-0.192609
0.15382
0.0981559
-0.257961
-0.306483
0.696814
-0.0735884
0.0936511
-0.224312
-0.140062
-0.0893362
-0.195462
0.151233
0.351972
0.725534
-0.0654183
0.10449
-0.0281032
0.120191
0.0535958
-0.159001
-0.0022152
0.0120284
-0.0505656
0.153872
0.00249127
-0.0178238
-0.0456211
0.140495
0.408689
0.323635
0.236463
0.20964
0.313849
-0.052734
0.21044
0.350265
0.367516
0.0948556
0.0310768
0.261947
0.031263
0.269958
0.103366
-0.181682
-0.0368883
0.152687
0.0894295
-0.0173043
0.175702
0.059479
-0.0548342
0.306204
0.0902559
0.143818
0.0811216
0.0895431
-0.300904
0.0869496
0.0526461
-0.00951182
0.289637
-0.279942
0.0170024
-0.168128
0.127805
0.108306
0.134275
-0.106322
0.211961
0.0327566
0.112273
-0.296185
0.00809507
-0.327562
0.192104
0.229934
-0.325696
0.249502
-0.114257
0.169699
0.436154
0.0497439
0.143647
0.291794
0.425076
-0.125205
0.273827
-0.460816
0.117147
-0.193597
0.0192747
0.0564089
-0.0823782
-0.0315835
0.0610336
0.243822
0.237571
-0.0446283
0.0792839
-0.134623
0.0297647
0.572257
0.135934
0.440378
-0.26401
0.0323992
-0.293049
0.0390976
0.214095
-0.322833
0.121209
0.123662
-0.111587
-0.0248387
-0.20932
0.125509
-0.123377
0.313221
0.28163
0.113317
-0.40843
-0.0519914
-0.0892013
-0.238414
0.15003
-0.469152
0.0451458
-0.00724898
-0.137676
0.33321
-0.024081
-1.04061
-0.0782639
-0.145298
0.574809
0.0183036
-0.0129387
0.042752
0.416773
0.321314
0.356107
-0.0196094
-0.303514
-0.107409
0.0933136
0.00923861
0.311052
0.355565
-0.474894
0.0391874
0.119598
-0.0733991
-0.249912
0.0355277
-0.179949
0.237072
0.342842
0.452785
-0.118684
-0.318198
0.192747
0.171117
0.473301
-0.094487
0.101338
0.123342
-0.094764
-0.0738913
0.642265
0.0711993
0.0148908
0.175926
0.0745544
0.202225
-0.0639133
0.286547
-0.0479695
0.268925
-0.026088
0.103947
-0.20291
-0.208624
-0.0497386
0.0925248
0.430884
-0.0180711
-0.141674
-0.053775
0.0294716
-0.0225883
0.243556
0.319764
0.203823
0.393632
-0.229283
-0.0633569
-0.708932
-0.082565
0.0187322
0.158239
0.196681
0.0914569
-0.109728
-0.32033
-0.151693
0.0234335
0.311539
-0.107859
0.167887
0.104859
0.40059
-0.135071
-0.567559
-0.335201
-0.312695
0.0378955
0.0791037
0.269268
-0.141348
-0.0827601
0.110174
-0.146912
-0.0867144
-0.101817
-0.0647059
-0.834646
-0.118904
0.213771
-0.197702
-0.221352
0.0821701
0.621299
0.257655
0.181613
0.108352
-0.164645
-0.021733
0.116145
-0.195741
0.157007
0.00614919
0.129344
0.0614245
-0.133446
0.0942403
0.0681309
0.113621
-0.0558304
0.0769711
-0.293077
-0.00556656
-0.272353
-0.161566
-0.365754
-0.256024
-0.0449489
-0.288427
0.366985
-0.00569931
0.267101
0.121963
-0.00791962
-0.0207396
0.097118
-0.025019
-0.355469
-0.667385
-0.266715
0.102633
0.00249249
0.247175
1.3696e-05
0.263425
0.646716
0.292757
-0.0673747
-0.111116
0.00872365
-0.10287
0.220612
0.0211686
0.166712
-0.0249607
0.0298891
-0.188537
-0.235848
-0.0796486
0.243187
0.427704
-0.026513
0.125552
0.16285
-0.0916008
-0.22564
-0.229745
-0.175607
0.093468
0.135915
0.100034
0.346194
-0.198615
-0.0161228
-0.24645
0.17239
-0.0435481
-0.171699
-0.0235558
0.0564242
-0.195401
-0.162028
0.229961
0.233461
-0.379298
-0.172469
-0.249606
0.000694041
-0.591337
0.0492087
0.0633066
-0.278889
0.215669
0.168792
0.234754
-0.161709
-0.231575
0.0247282
0.580244
0.200145
-0.280622
-0.0165891
-0.0323873
-0.39534
-0.163486
-0.0843127
-0.0127071
0.0549597
-0.185089
0.632761
0.0162775
0.255963
-0.00905989
-0.0814286
0.04037
0.0985563
0.192801
0.06971
0.0694784
0.116232
0.0168986
-0.375799
-0.201431
0.00148345
0.0859639
0.329099
-0.15539
0.0397868
-0.326333
0.1574
0.572896
0.706436
0.270132
-0.311859
0.0683107
-0.0745661
-0.0516092
-0.00783407
-0.105646
0.458817
0.303785
0.479512
0.251833
0.346588
-0.0260454
0.27274
0.274081
-0.0310593
-0.0217871
0.0147627
-0.294616
0.0614451
0.263199
0.101082
-0.0140656
-0.0708524
0.552033
0.125557
0.167414
0.0817732
-0.0614806
0.109418
-0.0761229
0.471071
0.304754
-0.470741
-0.0930953
-0.0279646
-0.03967
-0.0168015
-0.100801
-0.0679854
-0.156274
-0.0938851
0.014877
0.05733
0.142749
0.38488
-0.224955
-0.0849301
0.0776297
0.0377768
0.00951783
0.169687
0.241536
0.319851
-0.107728
-0.273964
-0.0125751
0.0375045
-0.00146618
-0.114626
0.196145
-0.00216141
0.199515
0.187722
0.00497475
0.153497
0.229209
0.201261
-0.0961906
0.0974309
-0.0623204
-0.220877
-0.0254101
-0.300795
0.0191802
-0.580242
0.178177
0.467787
-0.219834
0.0917791
0.467742
0.0276963
-0.331402
-0.00257285
-0.053727
-0.175765
-0.120789
0.0324655
0.242495
0.200009
0.31461
-0.176273
-0.118169
0.164425
0.0203869
-0.105998
-0.0692012
-0.0724933
0.194297
0.273619
-0.128143
0.0700807
-0.130212
-0.0427322
0.0198944
0.104767
-0.0449834
-0.543772
0.382008
0.241215
-0.407527
0.270342
0.0102568
-0.449101
-0.221641
-0.298778
-0.236574
-0.467851
0.152381
0.0396594
0.281737
0.00923743
-0.142079
0.108251
-0.187968
-0.00542799
0.0901258
0.0573901
0.193867
0.0314829
0.00134564
-0.341735
-0.0616463
-0.0835953
-0.0462843
-0.00650079
0.212121
0.537301
0.256007
0.123705
-0.134103
-0.0828201
0.0390353
-0.132093
0.314194
0.659102
0.520421
-0.0174583
-0.156508
-0.0992782
-0.0635398
-0.0193357
0.0976471
0.0344414
-0.0942165
-0.0169162
0.0672928
-0.0783395
-0.0271892
-0.0841832
0.0410274
-0.225044
-0.0579904
-0.148971
-0.567724
-0.242101
-0.037807
-0.09798
0.0262473
-0.707198
-0.553037
-0.0490259
-0.198399
0.167832
0.0935395
0.0886223
0.167197
0.0117624
-0.39909
-0.0874241
0.00506119
0.154972
-0.342999
0.0320505
-0.152763
-0.0336002
0.188985
-0.00742301
-0.1563
-0.404365
0.0682331
-0.193356
-0.012363
-0.0918649
0.246022
-0.0154144
0.196125
0.20993
0.000916391
-0.124751
-0.23187
-0.00648196
-0.299869
