0.269712
0.294174
0.00768446
-0.0610364
0.0501321
-0.0557073
-0.175386
-0.347823
-0.287742
-0.0374784
-0.00225645
-0.0163727
-0.0577139
-0.226416
0.071959
0.540436
0.188838
0.146663
0.157029
0.0798767
-0.448915
0.12079
-0.0711695
-0.461216
-0.00957517
-0.120616
-0.0874175
0.120837
-0.0856549
0.231049
-0.194626
-0.0587398
0.18293
-0.361889
-0.141603
-0.0195898
-0.229946
-0.173369
-0.12403
-0.237387
0.208652
-0.110855
0.0033251
0.00647956
0.281992
0.164899
1.10138
-0.160498
0.114196
-0.0126961
0.0929646
0.20633
-0.303949
-0.108455
0.193024
-0.216134
0.175624
0.429441
0.0363488
0.351362
0.152595
0.248247
-0.00321366
0.0372449
0.111211
0.0773872
0.0794007
0.324296
0.0961353
-0.0667708
0.0340335
-0.0221335
-0.0185628
0.0555551
0.182005
0.115457
-0.0779541
-0.213062
-0.0878485
0.110508
0.114094
0.139918
-0.0089274
-0.024624
-0.102277
0.166819
-0.0539151
-0.244979
0.0378497
-0.0571448
0.150941
0.00578618
0.20773
0.375038
0.322579
0.249327
0.0944056
0.0577408
0.0154419
0.099597
-0.0949331
0.000513489
0.0363292
0.297168
-0.0226187
-0.229208
0.0832863
-0.0461282
-0.213468
0.0890633
0.067821
-0.0664804
0.0216298
0.0841915
0.444473
0.00166072
-0.143948
0.0376448
0.238525
0.168177
0.309367
0.106726
-0.142619
-0.112289
0.0786308
-0.0107934
-0.0291561
0.121819
0.0753188
0.218486
0.0318508
-0.0800186
0.0927692
0.32866
-0.0547547
-0.506482
-0.0182573
0.151698
0.324812
-0.202477
-0.145925
-0.175731
0.0263449
0.173941
-0.824267
-0.00236248
0.067173
0.262267
0.253283
0.0804141
-0.16112
0.0690909
0.307665
-0.320107
-0.0969538
0.184867
0.199242
0.0827929
-0.0693513
0.164639
0.188258
-0.228303
-0.147199
-0.0261039
0.0304973
-0.0993529
-0.131356
0.156842
0.523688
-0.0815064
0.473614
-0.1397
0.581006
0.398388
0.00919687
-0.215361
-0.0443501
0.0978911
0.160259
-0.0719495
0.0751674
0.352808
0.272582
-0.218744
0.0365445
0.414651
0.135577
0.130036
0.065603
0.0448883
-0.279019
0.0312276
-0.529868
-0.593307
-0.206941
0.0723878
-0.0125011
-0.00916088
0.10418
0.0564535
-0.0706333
0.186131
-0.0174359
0.134963
-0.379313
-0.048926
0.38821
-0.184274
0.224038
-0.336763
0.170164
-0.215112
0.64101
0.239241
-0.0539867
-0.0929652
0.0137871
0.251892
-0.105865
0.131123
0.393177
-0.408741
0.0556053
0.110942
-0.096929
0.0885336
-0.212021
0.0305682
0.614336
0.217464
-0.0641382
0.350859
-0.077252
-0.0225224
-0.0908513
0.21832
0.0774864
0.0460554
0.0176842
-0.330223
-0.202811
0.16179
0.0746536
-0.0955647
0.402386
0.0156415
-0.505979
-0.047501
-0.0253595
0.197347
-0.467577
-0.187227
-0.447733
-0.011523
0.031333
0.0785804
0.0353982
-0.139943
0.0036473
-0.107807
-0.101535
0.560883
0.379829
0.436509
0.0635835
0.173525
0.310475
0.205071
-0.0289921
0.23596
0.101498
-0.137354
0.113228
0.196451
-0.146324
-0.511765
-0.0381196
0.276755
0.466542
-0.690266
0.119755
0.0836077
-0.00901942
0.0305246
-0.465263
-0.0931091
0.416314
-0.0303302
-0.0560006
0.264589
0.142648
-0.0621367
-0.247371
-0.176911
0.186218
-0.187984
0.160838
-0.305849
-0.247712
0.104713
0.401557
0.31505
0.101241
0.165529
0.0475996
0.131603
0.124735
0.31506
0.295223
0.309037
-0.0527849
0.422281
0.149843
0.424058
0.0245698
-0.313298
-0.0627907
0.0534831
-0.0173322
0.574449
0.293752
-0.0289519
-0.0279931
0.336413
-0.106535
0.166548
-0.180126
0.845762
0.0610655
0.189673
0.0824747
0.0172524
0.404318
-0.351677
-0.126289
0.179899
0.180152
0.112672
0.0102734
-0.098878
-0.152284
0.00901126
0.117682
0.0656183
-0.0455074
-0.0809866
-0.337494
0.316709
-0.0711867
-0.274755
0.0211672
-0.222338
-0.00771249
0.401043
0.2112
0.0922195
-0.229639
0.0570358
0.396225
0.100461
-0.136106
-0.0691754
0.0114009
-0.211684
-0.404626
0.4068
0.0894123
0.287388
-0.0553799
0.146651
0.0656913
0.246269
0.00811065
-0.162935
-0.00499292
0.0242622
-0.0525309
-0.238499
0.0695259
-0.0388667
0.068376
-0.1859
-0.200001
-0.138259
0.21658
0.27674
0.041254
0.0913651
0.0160689
0.0369099
0.185957
0.0670345
-0.220009
-0.10122
-0.303123
-0.00327152
0.229689
0.0626751
-0.0301126
0.185647
-0.34743
-0.0564851
-0.161401
0.131978
0.16419
0.205611
0.105534
-0.0168593
0.170099
0.144279
0.0332998
0.02748
-0.22957
-0.132047
0.403219
0.455728
-0.0695892
-0.143693
-0.214277
0.013698
-0.296506
0.101723
-0.185314
0.118086
-0.00734483
0.127655
-0.0108324
-0.202788
-0.290676
-0.140191
-0.126123
-0.0869286
-0.146703
0.278871
0.514408
0.129132
-0.235268
-0.214284
0.184369
-0.198203
-0.0352787
0.0581746
-0.48513
0.118228
0.0577839
-0.0185985
0.111681
0.0407631
-0.289922
-0.0138466
-0.132715
0.018532
-0.0541605
0.0240613
0.128113
0.225195
0.165207
0.0970276
0.0284591
-0.153266
-0.00286297
0.0875801
0.503276
0.680128
0.288725
0.0874969
-0.108933
0.155009
-0.16522
-0.00561311
-0.131503
0.0262528
-0.206841
-0.0781977
0.224879
0.396981
0.486459
1.01586
0.00444652
-0.128143
-0.0430648
0.391881
0.286302
-0.0535683
0.153284
-0.0732977
-0.185924
-0.0305249
0.0100761
-0.709721
-0.417385
0.21389
0.378554
0.249449
0.0670176
-0.173317
0.109978
0.620113
0.0533345
0.173688
0.0513473
0.0562641
0.0700562
-0.0140411
-0.0811692
0.16777
0.473478
0.138199
-0.252951
0.00858148
0.14904
-0.208848
-0.112149
0.0953819
-0.223707
-0.106849
0.0464069
-0.0581516
-0.158829
-0.118457
0.311483
-0.152468
0.241705
0.0794608
0.0771962
0.0218228
-0.0250627
-0.0292527
-0.185763
-0.117285
0.0268983
0.00888323
0.130405
-0.013369
0.0206676
-0.076849
-0.0361992
0.00793136
-0.19675
-0.0313541
0.23786
0.556208
0.186245
0.114029
0.161801
0.186374
0.140555
0.360461
0.145914
0.0261824
0.212786
0.333817
0.151536
-0.117963
0.0257727
0.00328614
-0.0341325
0.183044
-0.353711
-0.147469
-0.0223955
-0.0635648
0.0548886
0.0589954
-0.234638
-0.361291
-0.176218
-0.141241
0.050258
0.286632
-0.207616
-0.342922
-0.0693517
0.244989
0.122652
-0.0921942
0.208927
0.310979
-0.202725
-0.0199776
-0.139703
0.0491508
-0.146724
0.168242
0.14146
-0.269209
0.178896
0.13295
0.00281088
0.0865365
-0.173009
0.384175
-0.163873
-0.116792
0.0175468
0.0916507
0.184267
0.40943
-0.194735
-0.123331
-0.0477319
0.0938262
-0.0726446
-0.542612
-0.130778
-0.194982
-0.0707052
-0.263238
-0.0648099
-0.00113577
0.0170158
-0.0695192
0.0465137
0.244107
0.0283686
-0.13477
0.11827
0.0357643
0.0833374
0.0586296
-0.142962
-0.0369003
-0.143354
0.099032
-0.44519
0.0884848
0.138626
0.0831757
0.216376
0.0245299
-0.11792
0.0916062
0.382223
0.137179
-0.179578
-0.291691
-0.398751
0.209362
0.26293
-0.168395
0.0260272
0.0922875
-0.134585
-0.126896
0.157633
-0.103611
0.020591
0.105549
0.0816375
0.234756
0.118423
0.200162
0.0969258
0.452003
-0.125037
0.149859
0.191389
0.239705
0.462066
-0.362347
-0.401693
-0.0713497
-0.183065
-0.111966
-0.0721375
0.0609779
0.237875
-0.0255482
0.150919
-0.124682
-0.254627
-0.045627
-0.000412426
-0.0232694
0.000202234
0.137154
0.59578
0.107721
0.0439747
-0.0741204
0.0170293
-0.145406
-0.278165
-0.379189
-0.182276
0.745083
-0.250318
-0.512037
-0.0945048
-0.0925359
-0.17522
-0.0988499
0.0208762
-0.197362
-0.0879728
-0.128781
0.021689
-0.127863
-0.215011
0.218086
0.202173
-0.415937
0.0842041
-0.55809
-0.114292
-0.0309743
0.313342
-0.232159
0.166079
0.056343
0.0461747
0.37648
0.14618
-0.0512726
0.12928
0.280323
-0.0807682
-0.370577
-0.108472
0.623831
0.536158
0.466813
0.144804
-0.107006
0.0394385
-0.180402
-0.143908
-0.0548396
0.136067
0.135778
-0.271275
-0.00505078
0.303354
-0.00961132
-0.0608829
0.110887
-0.26643
-0.036164
0.164442
0.235095
-0.153057
-0.210065
-0.108525
-0.159245
-0.189141
-0.0570281
0.228981
-0.0588609
0.10603
-0.0881347
-0.249972
-0.0620536
0.092565
-0.166788
-0.0570434
-0.0454429
0.079825
-0.047752
-0.247369
-0.100971
0.124168
0.183304
-0.321235
-0.625596
-0.126987
-0.135365
-0.0866983
-0.0544624
0.0644418
-0.237263
0.381279
-0.109721
0.0459951
-0.166226
0.579051
0.0559284
-0.103111
0.0554736
0.600794
-0.0181557
0.0675216
-0.238189
0.34672
0.116334
-0.0469516
0.114903
-0.239365
-0.158148
-0.0807657
-0.123418
0.356794
-0.474538
0.527991
0.108165
0.319942
0.168295
0.059841
0.305921
0.0926913
-0.153555
-0.339492
-0.145095
-0.1833
0.000428838
-0.251986
-0.37395
0.0084076
0.0720151
-0.0701942
-0.0745403
-0.106792
0.552955
0.000474003
-0.252036
0.0351856
-0.0150384
-0.147386
0.0302729
-0.179886
-0.133424
-0.104125
0.0593946
0.138816
0.448813
-0.0259528
0.246446
0.0274153
0.0708187
-0.00369832
0.0408604
0.115337
-0.212118
-0.0478102
-0.207887
0.147254
-0.534479
-0.236418
-0.0704855
-0.0602566
-0.292692
0.479916
-0.254819
-0.509747
-0.0749961
0.58797
0.461561
-0.299157
0.0861759
-0.135948
0.0682997
0.210415
-0.0218954
-0.0310634
-0.228397
-0.0151318
0.275402
-0.0062153
-0.00337797
0.395243
0.0223606
-0.258057
-0.212599
-0.0328096
-0.063036
0.0384079
-0.0795027
0.162337
-0.0613183
0.176405
0.137262
-0.0324623
-0.434119
-0.040732
0.158951
0.110806
0.138551
-0.0128934
-0.207732
0.114183
0.0282044
0.126962
-0.0734402
0.191704
0.0324778
-0.050613
-0.555113
-0.270939
-0.0853571
-0.13188
0.221759
-0.0608542
0.0899366
-0.219561
0.136619
-0.0653259
-0.467675
0.00783506
-0.267937
-0.720591
-0.205019
-0.395596
-0.194935
0.0847813
-0.336363
-0.286139
-0.0378765
-0.0536228
-0.0808763
0.107606
0.228413
0.18176
-0.309385
-0.229325
0.332115
0.311837
0.0847123
-0.303046
-0.0668731
0.0991416
-0.0654207
-0.418388
0.0127776
-0.0445724
-0.124385
0.161989
0.0186113
0.0712618
0.375986
0.27047
0.302939
0.15061
0.467603
0.0466907
0.140893
0.114835
-0.0549191
-0.382858
-0.712437
-0.432405
0.0487326
0.00779585
-0.0836477
-0.240898
0.112401
0.0734881
-0.0707106
0.0675498
-0.410184
-0.160781
-0.358315
-0.157796
0.023
0.1976
0.424038
0.235533
0.170907
0.182371
0.0842899
-0.180256
-0.0299916
-0.0552618
-0.267658
-0.0165987
-0.0201891
-0.085384
0.203565
-0.126034
0.510364
-0.16582
0.0221236
0.282112
0.298156
0.460446
0.48547
0.0418883
0.0753347
-0.269549
-0.18768
-0.0395725
-0.356655
-0.00111925
0.206814
0.241144
-0.00333409
-0.126452
-0.399093
-0.385231
-0.0866027
-0.0160997
0.217128
0.390361
-0.653575
0.370221
-0.250329
-0.0802258
0.0521851
0.257107
-0.0657775
0.291064
-0.200339
0.0142213
0.247237
0.188891
0.27581
-0.286687
-0.198789
0.0113435
-0.257242
-0.0498412
0.109851
0.106856
0.0297217
-0.0812378
-0.0462548
0.091503
0.789721
0.240039
-0.181627
0.0622217
0.116977
0.145054
0.00902176
0.290047
0.017457
-0.143058
-0.183577
-0.244995
-0.370638
-0.0610164
-0.0522465
0.365163
-0.0432068
0.160111
0.352933
-0.0289268
-0.0329797
-0.0883461
-0.114254
0.0250383
0.0479505
-0.327237
0.335491
0.274043
-0.19076
-0.269669
0.06556
0.0984126
-0.0268046
0.226514
0.343739
-0.391574
-0.381001
-0.278224
-0.521573
-0.130278
-0.120034
-0.00699554
0.0159548
0.114238
-0.172143
0.0149153
-0.0757098
0.0228263
-0.215323
-0.0828841
-0.0395359
0.0595941
0.165644
0.0670157
-0.0169591
-0.355723
-0.191339
0.03704
-0.241029
-0.0591503
0.0894132
-0.0535907
0.170651
-0.0697277
0.0732263
-0.0353525
0.520888
0.44152
-0.237431
0.487851
-0.176484
0.203579
-0.0351541
-0.564611
0.000548077
-0.0372323
-0.291615
-0.0241249
-0.315194
-0.132165
-0.010903
-0.416593
-0.0931694
-0.0155316
0.247549
-0.016131
0.0817051
0.0899114
0.589813
0.0451103
-0.219154
-0.568476
-0.231682
0.0328006
-0.380402
-0.0793374
-0.507051
-0.169297
0.196996
-0.639233
-0.0774403
-0.0277164
-0.0407821
0.427696
-0.0435347
-0.0514364
0.0787945
0.151906
-0.00223001
0.239209
0.426527
-0.162639
0.290262
0.0223862
0.0861376
0.0247854
0.082508
-0.0298494
-0.198277
0.060949
0.446673
-0.0594246
0.0694237
0.159526
-0.308743
-0.0985592
0.0728801
-0.0250952
0.0812041
-0.128529
0.360833
-0.283805
-0.197747
-0.313639
0.0343272
0.390705
0.361966
0.12178
0.272028
0.0220041
0.395849
0.0128898
0.376528
-0.427928
0.217934
-0.0765903
-0.345766
-0.163498
0.11767
0.0916018
0.0611391
-0.384277
0.252929
1.09361
0.316756
0.141356
0.488839
-0.087998
-0.0707469
0.0233036
-0.0207428
0.0199624
-0.242036
0.410366
-0.101132
-0.0608985
0.0591861
0.0281858
0.0289149
0.405137
0.145903
-0.0998757
0.694331
0.0202711
-0.0471336
0.0666565
0.100622
0.11468
0.3584
-0.0390206
0.0372422
0.032684
0.0827979
-0.164542
0.0740244
0.400293
-0.0820227
-0.0646057
-0.049039
-0.45522
-0.42992
0.263005
-0.193641
-0.300217
0.0985459
-0.359455
0.103217
-0.0182267
-0.154525
0.0861033
-0.0520066
-0.638596
-0.0238352
-0.0878012
-0.755624
-0.437326
-0.234199
-0.0906709
-0.176709
-0.150093
-0.245599
0.415759
-0.0602048
0.0708736
-0.0349578
0.0700074
0.101503
-0.0631398
0.131999
-0.241
-0.0640525
-0.0761476
-0.126041
-0.0662197
0.0332279
-0.208451
0.135108
0.565107
-0.107219
0.184918
0.197347
0.208619
-0.213368
0.0244973
0.0110184
-0.158866
-0.0551398
0.151568
0.213128
0.0241317
-0.0349109
0.109527
-0.384108
-0.240558
0.23825
-0.361279
-0.225381
0.135372
-0.0250794
-0.094856
0.0278766
-0.380545
-0.267094
-0.00738225
-0.0930303
-0.0491281
-0.0274724
-0.189162
-0.265691
0.275578
-0.0679025
0.270056
0.031444
0.0442976
-0.130462
-0.0407453
-0.108369
-0.0238335
-0.0263086
0.0646182
0.0608273
-0.0221715
-0.0470849
-0.27625
-0.09082
-0.194666
0.133493
0.418803
0.141398
0.0271834
-0.211457
-0.129019
-0.07106
0.139486
0.273879
0.209223
-0.208047
0.126552
-0.0722311
0.324073
-0.173301
-0.247832
-0.0394226
-0.537756
0.0695438
0.0343045
-0.158864
-0.320804
0.0454612
0.148577
0.12196
-0.0779875
0.306805
-0.0513687
-0.31551
0.125131
0.497603
-0.287265
-0.199116
0.706426
-0.184628
0.00549878
0.228082
0.450712
-0.0203385
-0.0806059
0.320333
-0.45882
0.0725469
-0.147546
0.190133
0.00603555
-0.325997
-0.130078
0.181364
-0.0179439
-0.172045
-0.375469
-0.0316809
-0.0331865
0.164472
-0.00556113
0.248044
0.0876107
-0.148331
0.0883252
-0.0403698
0.192429
0.115543
-0.0557098
-0.0574497
0.127617
0.156541
-0.0932428
-0.179284
0.189528
-0.276849
-0.165953
0.105792
-0.215893
-0.0822997
0.0237753
-0.0252155
0.237097
0.120561
0.0365338
0.251772
0.00357313
0.0367447
-0.144117
0.0921855
0.162696
0.0123833
-0.376095
0.103123
0.0137073
-0.185253
0.130561
0.115975
0.693252
-0.19993
-0.189465
-0.332591
-0.161208
0.360413
-0.564693
-0.222524
0.0251684
0.147456
-0.400097
0.0633614
-0.200884
-0.149476
0.137222
-0.0817558
0.158468
-0.30971
-0.0561671
0.147215
0.187237
-0.385113
-0.353913
-0.587211
-0.455453
-0.385088
-0.0507995
-0.110514
0.0290208
-0.0244823
0.134445
-0.207667
-0.0182178
-0.159466
0.239602
0.413032
0.401538
0.325135
-0.190674
-0.172984
8.0721e-05
0.138493
-0.0590098
0.187097
0.045086
-0.0140993
0.0817116
0.0470006
0.0206353
0.214682
-0.056526
0.101748
0.00741542
0.185746
0.2779
0.028396
0.0694013
-0.0219276
0.303156
0.149192
0.55602
-0.00864721
0.29636
-0.30034
-0.313989
-0.350285
0.43203
0.198491
-0.0270493
0.204599
-0.0516707
-0.215399
-0.278296
-0.0179325
-0.24728
-0.0610038
-0.0289995
-0.198719
0.0468287
-0.144063
0.0493085
-0.0408135
-0.0171301
0.03543
-0.143089
0.0228773
0.104265
-0.252517
0.085653
0.0751755
0.303768
-0.121147
0.00763675
-0.0360365
-0.0503593
0.0729189
-0.364026
0.0151611
-0.257693
-0.0621368
-0.290428
0.279737
0.280748
-0.393589
-0.266658
-0.0499457
-0.170622
0.303816
-0.210936
0.148173
0.0735164
-0.0230882
-0.250908
0.105116
-0.0331815
-0.230095
0.0104868
-0.150344
-0.200102
0.155747
-0.256285
0.0498625
0.00988258
0.0508387
0.00328189
0.528248
0.15975
-0.764033
-0.148696
0.178883
0.33819
0.134422
0.0125112
0.00649468
-0.507632
0.122961
0.153658
-0.149595
-0.389722
0.0258912
0.14726
0.0902794
-0.0399451
-0.297486
-0.216698
-0.473901
-0.135768
0.0915767
0.0210557
-0.393248
-0.0126113
-0.203057
0.024202
-0.0582641
-0.364377
-0.00104602
-0.0865942
0.0117211
-0.136302
0.27243
-0.414602
0.0527795
0.0264578
0.143982
0.0140922
-0.255568
0.292747
0.312331
-0.346045
0.0454424
0.00508458
0.510827
0.282774
0.304301
0.320682
0.187855
0.16501
-0.159628
0.113678
-0.00634828
0.150019
-0.0986441
0.525588
0.00216622
-0.338681
-0.146998
0.106329
0.301427
-0.0964325
-0.174641
-0.214801
-0.0608627
-0.283891
-0.305273
0.205339
0.027561
-0.00456665
0.188662
0.0380429
-0.211728
0.0907038
0.0551418
-0.0803251
-0.00927184
-0.0559785
-0.397941
0.233219
0.0593449
-0.0436387
-0.123873
0.215679
-0.184868
0.336728
0.0527908
0.0220361
0.226008
0.224033
-0.0988658
-0.914937
-0.254753
0.103753
0.270614
-0.0308864
0.0659447
-0.245068
-0.05253
-0.111687
-0.128755
0.0331433
-0.239158
0.531341
0.592157
0.37364
0.0867344
-0.13119
0.1708
-0.220806
-0.0438307
-0.182841
0.0385337
0.00138536
-0.0664527
0.00150824
0.0499183
0.203977
0.0467975
-0.143187
-0.00356514
0.134812
-0.064743
-0.225339
-0.0861512
-0.0174775
0.0477115
-0.0924648
-0.228006
-0.00141878
-0.124202
-0.231292
0.251559
-0.0160923
-0.12021
0.0528609
0.0538099
0.167605
-0.0871137
-0.0993642
-0.0190046
-0.315527
-0.107833
-0.421102
-0.326978
-0.0369438
-0.0562943
0.227476
-0.0241331
-0.121887
0.0164637
-0.0471162
-0.317174
-0.022026
-0.304461
-0.0242766
0.028486
0.0767307
0.0381647
0.190531
-0.15481
0.00872826
-0.056724
-0.236221
0.105527
-0.059741
-0.0146144
0.270185
0.15857
0.263985
-0.0636553
0.116339
0.180359
-0.110452
-0.166506
-0.0898295
0.0112398
-0.139858
-0.160562
0.225683
0.0638589
0.427261
0.301113
-0.245393
0.0108812
0.178056
-0.047462
-0.316998
0.0559374
0.248743
0.061449
0.123994
0.142981
-0.0465832
-0.172237
1.02624
-0.097012
-0.0976328
-0.0418088
0.121032
-0.0261279
-0.0305616
-0.138821
-0.00115461
-0.218726
0.351559
-0.06207
-0.0846952
0.249212
0.0506821
-0.0588405
0.244658
0.0227817
0.237383
-0.0665118
-0.00328595
0.168362
-0.149457
-0.423265
0.0548741
0.0813793
-0.189902
0.0967769
-0.0691793
0.251869
-0.270239
-0.217214
-0.451438
-0.385715
-0.243971
-0.0112997
-0.0793162
-0.0435145
-0.167197
0.211248
0.172622
-0.0250115
0.0277522
0.00435934
0.0170895
0.454172
0.20267
0.0359142
0.139242
0.346048
0.163389
0.0232667
-0.373227
-0.177036
0.0566511
0.00682551
0.270597
-0.0354963
-0.293499
-0.0640772
-0.0795606
-0.172009
-0.30867
-0.110419
0.247112
0.24547
-0.293654
-0.21616
-0.0532837
-0.0848317
0.269364
0.292337
-0.336958
-0.0139143
0.00205243
-0.0472786
-0.177749
-0.0258419
0.0498093
-0.0489933
0.0241245
-0.0211564
0.0405934
-0.0471169
0.0646724
-0.0322494
-0.217781
0.330408
0.268048
0.0239554
0.185977
-0.071238
-0.0778797
-0.0885501
-0.388852
0.0157044
0.0822919
0.202196
-0.399345
-0.140192
-0.145766
0.0837758
-0.0622298
0.132694
-0.554404
-0.610812
-0.288529
-0.0613879
-0.119671
0.468407
0.443444
0.206144
0.164312
-0.0494157
-0.0572066
0.407937
-0.224812
-0.247805
0.11896
-0.164917
0.0793579
0.0600421
0.0396642
0.0360231
0.0470335
0.0168457
-0.00486683
-0.288494
-0.0353011
-0.0687308
0.134252
-0.0525846
-0.196089
-0.0169086
0.51469
0.165108
-0.208427
-0.329785
0.00631918
-0.223287
0.628403
-0.0814233
-0.00383418
-0.078025
-0.0803534
0.0571289
-0.329075
-0.0714941
-0.0654147
0.040535
0.527367
0.0278919
0.113637
-0.0328584
-0.0357875
-0.0270666
-0.0570465
0.194171
-0.226531
0.00868799
-0.103069
-0.285677
-0.290607
-0.155605
-0.0669628
0.120292
-0.192636
-0.0204456
-0.0227429
-0.183848
0.168275
0.02908
-0.415391
0.12423
-0.030561
-0.0475678
0.043109
0.329192
-0.0215935
-0.124588
-0.119989
0.0412032
0.0923017
0.323487
0.0167168
0.138711
-0.189817
-0.787874
0.202026
0.0809886
-0.00499862
-0.081673
-0.201323
0.0811587
0.250872
-0.180025
0.0435283
-0.298089
-0.23995
-0.057518
0.05209
-0.683467
-0.0643458
0.144237
0.212567
0.132831
-0.206689
-0.153334
-0.156756
0.0767715
0.0174001
0.269407
0.257222
0.125858
0.0688405
-0.0442441
-0.151479
-0.23736
-0.0122655
-0.0131164
-0.0261782
-0.0623595
-0.195481
-0.245305
0.0100051
-0.308071
0.226826
-0.129671
-0.00939036
-0.447585
0.0114731
-0.0635843
-0.117763
-0.502295
0.0574609
-0.238284
-0.161456
0.0892307
0.127405
-0.0697355
-0.138955
-0.177095
0.0851711
0.123876
0.172919
-0.00113617
0.00763223
-0.12908
0.255765
-0.187398
0.133241
0.0830374
-0.249318
-0.188493
0.089827
-0.265762
-0.0651923
0.103966
0.107296
-0.132403
0.0766996
0.222073
0.0994296
0.26492
0.103062
0.113516
-0.16233
-0.0140726
-0.133311
0.0349351
0.146287
-0.134775
0.242714
0.18043
-0.657557
-0.108096
0.210146
-0.0658731
-0.566755
0.0700253
0.322187
0.108959
0.347607
0.0924649
-0.112428
-0.0936716
0.0361203
0.576073
-0.277856
-0.676299
0.137811
-0.177695
-0.450107
-0.0465686
-0.0499894
0.0249665
-0.223845
-0.26744
-0.19315
0.196167
0.0383487
-0.189075
0.0792446
0.256324
0.0838196
0.072212
-0.0426521
-0.341309
0.232764
0.0991764
-0.23626
0.0286906
0.0874978
-0.0735443
0.0767622
0.0348667
-0.0661825
0.322119
-0.398051
-0.0111598
-0.271924
0.00152161
-0.213419
-0.213921
-0.0718349
-0.0157721
-0.353398
0.131279
-0.106034
0.216604
0.0563634
0.032163
0.654834
0.470312
-0.170873
0.146179
0.364049
-0.031622
-0.0777956
0.478353
-0.0242263
-0.168617
0.494032
-0.130975
-0.160412
-0.174585
-0.238947
0.956086
0.0108475
0.013503
0.0506326
0.294535
0.263574
0.369622
0.258914
-0.0143233
-0.258503
-0.157232
-0.0894449
0.0834198
-0.288033
0.134128
-0.104844
-0.103242
-0.074831
0.212636
-0.0332839
0.145076
-0.00925619
-0.0274951
0.036667
0.130134
-0.194477
0.207936
0.27204
0.0763904
-0.428489
0.0681497
-0.223669
-0.211373
-0.0380504
-0.082666
0.128557
0.142746
0.180629
-0.232698
0.23788
0.307007
0.0201899
0.0636452
-0.00725298
-0.00126948
-0.171345
-0.133173
0.0360818
-0.206284
-0.00722077
0.0231953
0.306439
-0.0339761
0.0115577
-0.297011
-0.191164
0.218846
0.117244
0.104462
0.158927
0.0520796
0.0369155
0.142621
0.0276553
0.0205323
0.0831639
0.072344
0.204494
-0.31712
-0.730954
0.0956982
0.013412
-0.00851116
-0.120156
0.0702858
-0.0627336
0.0287511
-0.0252631
0.0648758
-0.0727296
-0.288992
0.00975643
0.0307749
-0.2254
0.294537
-0.0403719
-0.0895738
-0.0786743
0.100155
0.407469
-0.212932
-0.00383866
-0.352239
-0.0437907
0.0610092
0.0858701
0.108235
0.185027
0.0804963
0.0287191
0.124546
0.395355
-0.0257927
-0.207182
-0.180014
-0.126424
-0.136808
0.150646
0.112135
-0.0685032
0.163034
-0.055862
-0.0880973
0.254968
0.384041
-0.00297756
-0.244338
-0.688629
-0.177132
0.0875945
-0.10325
0.12663
-0.111509
-0.278154
0.0912184
-0.00675976
-0.0734654
0.472039
0.127259
0.192195
-0.041696
-0.0974722
-0.0743709
-0.199717
-0.0663002
-0.114932
-0.0774528
-0.0518267
-0.194441
0.0798368
0.192764
0.268875
0.170456
0.158308
-0.0863341
0.409907
-0.361409
-0.310475
-0.184597
-0.0341282
-0.0255704
0.112773
0.0975395
0.441333
-0.0455198
-0.0203752
0.174999
0.395605
-0.015201
0.0747916
0.119121
-0.05109
0.049394
0.0562243
-0.127964
-0.228433
-0.293915
-0.314164
-0.155253
-0.228454
0.106535
0.456478
0.0652664
-0.325969
0.104842
-0.0676115
-0.103812
0.0334521
-0.111644
0.105424
0.0300483
-0.0944813
-0.00422833
0.238943
0.129724
-0.303483
-0.164755
-0.209327
-0.205933
0.0553767
-0.0226029
-0.0448386
0.164191
0.248872
0.170737
0.0838791
0.0601277
0.0937268
0.0654682
0.1161
0.0893671
0.0391659
-0.0681098
-0.0282884
0.106706
0.185217
-0.106773
0.781453
0.650799
0.109699
-0.388125
0.222099
-0.16261
0.0352739
-0.229761
-0.1756
0.149608
-0.298812
-0.0197923
0.202992
-0.0972162
-0.203372
-0.304553
0.152204
0.0674197
-0.0851123
-0.043985
0.0175777
-0.0972176
-0.0635052
-0.0819181
-0.263717
-0.100895
-0.0885012
0.211217
0.148875
-0.0311907
0.0362739
0.103485
-0.208704
-0.192991
0.0792165
-0.0195687
-0.0240417
0.0224778
0.167525
0.481468
-0.0312313
-0.040376
-0.256545
-0.187473
0.369386
-0.0188828
-0.0417565
0.16809
-0.0317119
0.00343687
-0.00793049
-0.090473
0.165684
-0.0578838
-0.0497751
-0.0206616
0.142124
-0.029706
0.250764
-0.00146162
0.00857117
-0.523682
0.070398
0.0944716
0.0688688
-0.196984
-0.0777324
-0.107887
0.321607
-0.0692407
0.452477
0.128705
-0.0187026
0.000620706
-0.222157
0.0466071
-0.157712
0.0265702
-0.224562
-0.55135
-0.320511
-0.105824
-0.0520653
0.0109082
-0.0574664
-0.359759
-0.153881
-0.0585054
0.106619
0.421273
0.0336857
-0.0266445
-0.0550115
0.251539
-0.0554641
0.147198
-0.0698911
-0.358085
-0.0803741
-0.120481
0.0877913
0.398122
0.454408
0.51522
-0.116955
0.0448396
0.160606
0.130993
0.208342
0.00621429
0.0940617
-0.0192633
0.173987
0.144505
0.158444
0.216482
-0.104847
0.564876
-0.0135351
0.341164
0.588644
0.300435
0.142172
-0.137472
-0.0197377
0.118394
-0.148338
0.0518635
-0.103936
-0.089325
-0.0644219
-0.180091
-0.332234
-0.170373
-0.404733
-0.343156
0.320906
0.16395
-0.496368
-0.265805
-0.275062
0.123232
-0.0644021
-0.0942093
0.0100951
-0.0367733
-0.677882
-0.0338013
-0.11215
-0.00256915
-0.151497
0.225981
-0.0754861
0.341579
0.10623
-0.0161585
0.131786
0.315277
0.000441498
-0.296293
-0.0200787
0.0902189
-0.137577
0.0746165
-0.0987466
0.0469876
0.122475
0.0624323
0.19799
-0.0867375
0.0257754
-0.238388
-0.0651817
-0.0233404
0.00466669
0.0379903
0.0295456
-0.0579861
0.240198
0.0539395
0.105165
-0.201147
-0.285645
-0.305119
0.237252
0.131108
0.305203
-0.00282809
-0.17779
-0.0890406
-0.0987821
-0.0130508
0.406071
0.0265361
-0.298146
-0.295041
-0.168492
-0.341101
-0.0127749
0.317966
0.183421
-0.252853
-0.159498
-0.0388891
0.0871639
0.0744123
0.141946
-0.0396917
0.00999745
-0.429311
-0.0944888
0.0108964
0.322809
-0.0929374
-0.250896
-0.280307
0.0130045
0.340325
0.1553
0.262877
0.0558381
0.421331
0.134448
0.34606
0.0366035
-0.136464
-0.0422099
0.0245068
0.0969875
0.0241722
-0.0926417
-0.0906197
-0.270977
-0.0167916
0.102059
0.0343314
-0.0689212
-0.327336
-0.174176
0.453607
