0.308242
-0.117325
0.0591017
0.266599
-0.192247
-0.00398884
0.465192
0.0303592
-0.0510196
-0.417562
0.0135841
0.147091
0.0446329
-0.150666
0.155139
-0.068795
-0.0680606
-0.177839
0.178617
0.160241
0.00910089
-0.00212797
0.292536
0.288687
-0.092815
0.209941
0.445608
-0.0246033
0.00599065
-0.130652
0.0408313
0.175398
-0.699922
-0.110747
-0.151417
-0.150924
-0.0853942
-0.210383
-0.236882
-0.0642683
0.485406
-0.0671193
0.0697393
0.0168736
0.235164
0.0888429
0.45507
0.540245
-0.0828679
0.134389
-0.00471276
-0.0464359
-0.0876181
-0.00518761
0.0911361
-0.130885
0.13926
0.588906
0.42237
0.374049
0.0578061
0.0987055
-0.152373
0.0398344
0.288309
0.0631617
0.0395853
-0.47237
-0.258022
-0.0847507
-0.108807
-0.158733
0.124113
-0.0597305
-0.831181
0.03788
-0.0369351
0.0543644
-0.0428639
0.0489542
0.35419
-0.0158396
0.24875
-0.0964355
0.249263
0.342022
-0.00992046
0.0515513
-0.199387
0.354913
-0.140529
-0.0406052
-0.0434384
0.00392918
0.19756
0.11419
0.0604979
0.00808093
0.382999
-0.00649624
-0.393137
0.278902
-0.085114
-0.800723
-0.125946
0.0758291
-0.358256
0.0831029
-0.274697
0.255228
0.207751
-0.0671954
-0.0588267
0.206458
0.401908
0.0734014
0.370246
-0.00397358
-0.152047
-0.0324773
-0.10763
0.184209
0.286806
0.137995
0.644211
-0.046397
-0.167748
-0.0470663
0.0798548
-0.0905579
0.0997762
0.171798
0.0904217
0.155517
0.145203
0.324459
0.00549623
0.0282383
-0.207408
0.13192
0.192935
0.0934029
-0.0714956
0.779133
0.42408
-0.0156854
0.150252
-0.0348051
-0.126677
0.361791
-0.158502
0.206372
-0.268504
-0.472878
-0.37084
0.487778
-0.680426
0.0173809
0.2024
-0.0432563
-0.0850346
-0.0547109
0.119411
0.0226385
-0.55731
0.0748771
-0.0487467
-0.266826
-0.259741
-0.212101
-0.336937
-0.0906489
-0.100033
-0.0580029
0.247428
0.0186738
-0.204372
0.168424
0.0469809
0.420459
-0.00392908
-0.222039
-0.0183578
0.00762754
-0.0160874
-0.409612
0.0456519
0.0284306
0.120856
0.127668
-0.173485
-0.0477837
0.233411
0.321254
0.353162
0.241825
0.134501
0.0507482
0.0593784
-0.273549
0.042419
-0.0908093
0.125531
0.256643
-0.259679
0.282947
-0.00250118
-0.00543438
0.221691
-0.308705
-0.119282
0.048823
-0.619474
0.463052
-0.158382
0.0541609
0.0237079
-0.069883
-0.000108627
-0.0795616
-0.00541871
-0.149756
0.192115
0.190928
0.127459
0.370315
-0.157088
0.10571
0.441551
-0.0239705
-0.0661177
0.251354
0.34941
-0.070955
-0.233445
0.0732512
0.479452
-0.114545
-0.461144
0.133631
0.0084946
0.0913274
-0.0325371
0.117138
-0.443516
-0.321725
-0.366378
0.0928115
0.130294
0.0096883
0.127964
-0.382548
0.040287
0.0915148
-0.0882088
-0.0304038
-0.105585
-0.0245538
-0.34846
-0.0403945
-0.179428
0.0293156
-0.0901747
0.090131
0.122701
0.223107
-0.188434
-0.2048
0.0119772
0.148948
0.0626235
0.0815774
0.0566436
0.263349
0.0911962
-0.0542799
0.0852715
0.00934338
-0.202548
-0.067434
-0.161489
0.124785
0.244943
0.187857
0.650248
-0.0814666
0.133516
0.035814
-0.00729353
0.29566
-0.182913
0.119731
-0.10309
-0.00235766
-0.229091
0.167513
-0.279689
0.146208
-0.452696
-0.615463
-0.267936
-0.559504
-0.230717
0.157704
0.130977
0.150912
-0.188385
0.166627
0.317748
-0.32839
-0.127186
0.151514
-0.127384
-0.555406
-0.407537
0.12272
0.0809538
-0.100812
-0.0972919
0.279466
0.31822
-0.133915
0.129195
0.593842
0.0341507
0.706515
0.235971
-0.161036
0.0120213
0.439541
0.2723
-0.00395059
-0.0680989
-0.0604773
0.105411
-0.156548
0.129157
0.141219
-0.0549405
0.104482
-0.224108
0.265309
0.189902
0.0351278
-0.0915999
0.111111
-0.20916
-0.306796
0.0817166
0.0545547
-0.0755889
0.495317
-0.056645
0.0486108
0.25234
0.39551
0.288934
0.0938781
-0.0843638
0.236264
0.0502551
0.221277
0.216177
0.590978
-0.0895368
-0.105049
-0.0408391
-0.111561
-0.0837279
0.335609
-0.104103
-0.345169
-0.139599
0.155458
-0.158306
0.262616
0.125946
-0.0224472
-0.0438607
-0.089404
0.14412
0.328958
0.165842
0.348193
-0.142681
-0.0268514
0.255086
0.0912358
0.0715846
0.289024
0.183601
0.233
0.191248
-0.319134
0.168389
0.0760663
-0.0388035
-0.0241606
0.239539
0.241224
0.0694361
0.0598993
0.057233
0.0512389
-0.495001
-0.0819716
0.0648033
0.00631095
0.110221
0.243628
-0.201714
-0.212139
0.303862
0.310447
-0.111027
0.176298
0.0268449
0.267035
-0.0184397
-0.0474494
0.0384181
-0.0442735
0.0350425
0.257885
-0.0128247
-0.124192
0.0201647
-0.255307
0.00518356
-0.0243643
-0.0616001
0.0116545
-0.0592933
0.238173
-0.195171
0.0287826
-0.27851
0.0996709
-0.0215247
-0.330867
-0.235748
0.0778723
0.0771844
-0.00102866
-0.118124
0.072549
0.136661
0.115986
0.352658
-0.0336099
0.218518
0.0187896
-0.056383
-0.27543
-0.167133
-0.251157
0.115612
0.527189
0.0111665
-0.019946
0.342319
0.0966387
0.383554
0.0205592
-0.0900099
0.197269
0.168518
-0.0994186
-0.310609
-0.0871473
-0.031489
-0.0559605
-0.331404
-0.0534693
-0.332162
0.210474
0.182709
0.379751
-0.0130499
0.0191236
-0.391135
0.0775745
-0.0658811
-0.0818483
-0.0354405
0.228092
0.429101
0.130242
0.0810709
0.16368
0.07529
0.478619
0.0254973
0.0790805
0.20986
-0.149006
-0.181488
-0.42912
-0.162749
0.130288
-0.00266743
0.278474
-0.006127
0.0835369
-0.0489401
0.0881313
-0.0645174
-0.0972005
0.291058
0.576153
-0.84175
0.130025
-0.355078
-0.368724
0.188571
0.0347917
0.292351
0.247331
0.173182
0.17
-0.330934
-0.0559524
0.00309568
0.119945
0.14926
0.140989
0.0901833
-0.00728925
0.326099
0.325323
0.10018
0.198809
0.0176648
0.0744514
-0.079553
-0.181461
0.396764
0.445415
0.798725
0.138244
0.0208947
-0.13241
0.0533024
0.121827
-0.0623261
-0.156691
0.0413697
0.345508
-0.036801
-0.174287
0.0383198
0.234328
0.0872385
-0.123418
-0.0727965
-0.303075
0.287111
0.0482402
0.0673055
-0.288224
-0.18821
0.0443498
0.274482
0.185421
-0.20748
0.361017
-0.111074
-0.0185
-0.0209567
0.0229301
0.0519435
0.299275
0.240251
-0.013115
-0.0315611
0.311522
-0.0270727
0.149934
0.318811
-0.0689439
0.321941
-0.00457777
0.00560294
0.190407
-0.0901904
-0.0381563
-0.270484
0.0603377
-0.032309
-0.337702
0.198259
0.233696
-0.0396048
-0.0497461
-0.0356086
-0.147569
-0.0662909
-0.0306119
-0.193301
0.105396
0.442499
0.1507
0.0212472
-0.129646
-0.0146174
0.10489
0.164082
0.468478
0.809161
0.129384
0.136502
-0.23283
0.0121255
0.195336
0.0919188
-0.0350595
0.0478591
0.241588
0.204567
0.210688
0.261844
0.204833
-0.110686
-0.0256933
-0.217456
-0.0687755
0.0386048
0.0834326
0.308711
-0.109323
0.60667
0.274092
0.182349
0.0853941
0.531443
0.150025
-0.145062
0.227084
0.0520565
0.345334
0.494883
0.0763443
0.29399
0.240383
0.239234
0.180595
0.272754
0.0372013
0.188513
0.249244
0.137861
-0.189644
-0.0530227
-0.242125
0.129498
-0.100041
-0.183673
-0.113625
0.106711
-0.193425
0.147514
0.11627
0.112207
-0.0159136
0.0184852
-0.211603
-0.441916
-0.20819
0.560889
-0.175326
-0.13247
-0.0575398
-0.272349
0.0809661
0.195964
-0.244192
0.109053
0.0635795
-0.3396
-0.0696938
0.0258392
-0.188037
-0.0814269
0.098854
-0.292632
-0.0899251
-0.0822822
-0.0724917
0.0876587
0.155194
-0.0850066
-0.211576
-0.0848485
-0.279665
-0.160218
0.0444124
0.369901
0.256465
-0.142887
0.239931
0.130378
0.80443
0.0780707
0.0546681
0.0440245
-0.291144
-0.377062
0.156139
0.240661
0.164683
0.0808095
-0.121976
0.541355
-0.0978182
-0.174613
-0.375522
-0.246787
-0.0193148
0.228605
0.14942
0.162062
-0.283044
0.0830981
0.0204054
-0.173157
-0.209714
0.171112
0.120194
-0.527054
0.0388316
0.0681433
-0.0572166
-0.119213
-0.0163112
0.116696
0.11377
0.0808881
0.093751
0.319921
-0.173362
0.458045
0.229989
0.100608
0.232908
0.301872
0.096252
-0.272553
-0.0217077
0.34731
-0.321473
-0.134954
-0.142585
-0.0406211
0.122248
-0.091279
-0.0696642
-0.0155491
0.135241
-0.29612
0.442261
0.0836897
-0.213952
-0.0553583
-0.15281
0.413814
0.188027
0.0853094
-0.0474551
-0.0354705
-0.000544598
-0.239553
0.128236
-0.0661516
0.156244
0.124511
0.190633
0.0690547
0.0197872
0.310386
-0.000624843
0.176981
0.241547
-0.0962329
0.195639
-0.250573
-0.0939874
-0.128837
-0.184321
0.112486
0.0104687
-0.219865
-0.226427
0.0854865
-0.10245
-0.213459
-0.274999
0.0112906
0.177597
0.294605
-0.0226637
0.116021
0.202285
-0.0154341
-0.296574
-0.20745
0.670827
0.1975
0.236089
0.0200945
-0.348783
0.0418208
-0.558409
0.00805702
0.438618
-0.137492
0.0546199
-0.256927
-0.0584913
0.0610968
0.0564596
-0.0334079
-0.0187908
0.198379
-0.550712
-0.283055
-0.0908607
-0.120056
0.014639
0.0349137
0.0764845
0.406729
-0.0979261
-0.257403
-0.431156
-0.132997
-0.279817
0.0174977
-0.0139703
0.0645192
-0.204071
0.449551
-0.230419
-0.272504
-0.00630241
-0.0980732
-0.503066
0.00452175
-0.0005513
0.133961
-0.277667
-0.162579
0.09099
-0.562514
-0.200934
0.147658
0.327385
-0.0182153
-0.0930117
0.0474153
0.48095
0.0195255
1.14197
0.0476875
0.205564
-0.00241782
0.0764889
-0.0789968
0.0854092
0.237943
0.100263
-0.283527
0.00392669
0.235745
-0.0161365
0.00278578
-0.00260397
-0.00293729
-0.105154
0.0422294
0.316061
0.357014
0.349815
0.145928
0.0487581
-0.0310924
-0.382308
-0.0777683
-0.154345
0.130597
0.44806
0.0271029
0.0336063
0.164439
0.38422
0.0617758
0.413039
-0.248599
-0.227957
0.0350482
0.0463449
0.5808
-0.0847697
0.107429
-0.0582419
-0.254645
0.289177
0.1227
-0.247335
-0.12078
0.181565
0.498019
0.116572
0.101048
0.0163255
0.282003
0.0352711
0.112862
0.00674465
-0.206918
0.098252
-0.58541
-0.03217
0.0453331
0.0459488
-0.120556
0.071941
0.000641423
-0.14133
0.258344
0.127847
-0.0372837
0.0180161
-0.0991055
0.264835
-0.0817305
-0.0329532
-0.0189736
0.137004
0.119516
-0.00832455
-0.0495016
0.0636319
0.0751911
-0.405588
0.35396
0.069099
-0.582277
-0.222509
-0.107982
0.0609847
-0.05604
0.100976
0.284753
0.0967808
0.201074
0.0208505
-0.302693
0.205002
-0.127042
-0.0423577
0.0320133
0.14515
0.114883
-0.124221
0.455396
0.370093
0.0388734
-0.157975
0.190968
0.0220696
-0.284938
-0.282702
-0.307575
-0.462793
0.0897884
-0.0493886
0.105353
-0.17413
0.0145242
0.431015
-0.0642765
0.0666845
0.431209
0.0932932
0.145361
0.183253
0.207058
-0.031534
0.148057
0.156681
0.134815
-0.0519375
0.170354
0.0857582
0.202049
0.162484
0.0221958
-0.0114532
-0.430036
0.100904
-0.0840139
0.119106
-0.0235671
0.244852
-0.0807221
0.348764
-0.177916
-0.0879943
-0.00889912
0.188551
0.0712644
-0.148593
0.00681296
0.0568946
-0.12796
-0.659074
0.100221
0.0313915
0.0500732
-0.0292074
-0.0171156
-0.295406
-0.17324
0.234187
0.406674
-0.00658492
-0.324272
0.102391
0.103011
0.124528
0.115035
0.0950364
-0.0184926
0.177401
0.0454045
0.0342574
-0.0290016
0.133018
-0.445339
-0.0365805
-0.121241
0.276441
-0.0630338
-0.0416024
-0.337023
0.0638886
0.0863875
-0.136907
0.254436
0.0641193
-0.264458
0.0700031
-0.134275
-0.0639582
0.248337
0.138099
-0.138544
-0.0792186
0.0742654
0.144777
-0.0293717
0.237964
-0.00468401
-0.151933
0.0671783
0.00429009
-0.0366255
0.152341
-0.0841788
0.0449014
-0.398089
0.0670477
0.194368
-0.0463007
-0.00937168
-0.0537127
0.0409776
-0.273532
-0.222323
0.127396
-0.195168
-0.364771
-0.344608
0.310939
1.11269
0.533474
-0.336711
-0.114091
-0.114771
0.209944
-0.440672
-0.237386
0.119814
0.0245246
-0.271067
-0.406487
-0.14241
-0.0852102
-0.00101969
-0.14533
-0.0637166
-0.0497949
0.132
-0.0778775
0.0674373
-0.0973526
0.225062
0.238141
-0.0941934
-0.160401
-0.0979562
0.0074108
0.404351
-0.146025
-0.252283
0.0333725
0.13844
-0.00616075
0.369235
0.15291
-0.262729
-0.130291
0.474223
-0.0141848
-0.123692
-0.168577
-0.220094
0.114501
-0.259079
0.0171543
-0.149512
0.316709
0.266294
0.0082683
-0.0773064
-0.280078
0.0317397
-0.174844
0.1613
-0.135077
0.0469629
0.16882
-0.0383564
0.151838
-0.18782
0.173799
-0.14179
-0.162155
0.161912
0.0112278
-0.203488
0.189071
-0.426567
0.0316413
0.245048
0.486763
0.235997
0.222942
-0.30463
0.144657
-0.148295
0.372938
0.119025
-0.309532
0.0648661
0.0232514
-0.0382263
-0.0261177
0.15256
0.405952
-0.264507
0.10887
0.0782321
-0.0604055
0.0727826
-0.0371526
-0.0400496
-0.0122247
-0.0637866
0.194653
-0.0216659
0.0431394
0.234967
0.0702258
-0.0872951
-0.162404
-0.0791399
0.103353
-0.0237359
0.0698818
0.0331558
-0.0594669
-0.199996
0.0887771
-0.015401
0.0472039
-0.00154361
-0.0141579
0.316914
0.265732
0.253035
-0.0905936
0.296466
0.230673
0.28267
0.366767
0.847522
-0.126084
0.167703
0.10457
0.304819
-0.337415
-0.0936676
0.0467638
-0.392427
-0.0933527
-0.193589
0.00962623
0.453233
1.23986
0.645078
-0.0152665
0.0440143
0.0610114
0.00551975
0.0265943
0.335638
0.369112
0.576769
0.440026
0.0812071
0.00713668
0.190627
-0.127972
0.240792
0.144337
0.289357
-0.128497
-0.180835
0.128088
0.22679
-0.0341748
-0.435199
0.0278043
0.112995
0.0293765
-0.209639
-0.28155
0.25831
0.132353
0.111423
-0.0416074
-0.44336
0.488338
0.0609785
0.0695973
0.0135103
0.51352
0.234441
-0.0403682
-0.0969311
-0.168598
0.146496
0.327397
0.115083
-0.0799697
0.440996
0.377883
0.0469588
-0.0356019
0.17172
0.0427581
0.351912
0.349146
0.168184
-0.45883
-0.228944
0.0304799
0.02189
0.342457
-0.157912
-0.0069435
0.026405
0.0652562
0.0286792
0.0093253
0.553355
0.0384637
-0.165307
0.0427665
-0.586668
0.11692
-0.0767259
-0.0674904
-0.00904696
-0.072258
0.100489
0.0912101
-0.0244537
-0.262934
0.0866604
0.0539898
0.021777
-0.24282
0.295681
-0.0731619
-0.091927
-0.0024188
-0.113935
0.0814757
-0.278916
0.020008
0.230226
0.126731
0.0997788
-0.0944386
-0.218232
0.517886
0.554453
0.110818
0.221423
-0.229114
-0.119423
0.144199
0.514935
0.210565
-0.124703
0.143767
-0.181962
-0.214254
-0.0514911
0.00886658
-0.0291184
-0.179401
0.00756842
-0.0627749
0.348294
0.408891
-0.0326293
-0.0676261
-0.0787629
0.420031
-0.143698
-0.118264
-0.236168
0.433272
-0.0283675
-0.0159853
0.211337
-0.0387115
-0.122924
-0.0667706
0.0794932
-0.115338
-0.0406178
0.0790931
0.0713516
0.0132594
0.088734
0.0381183
0.100142
-0.0824926
-0.298133
0.108376
-0.147847
0.281963
-0.0395678
0.563017
-0.0097708
0.373764
0.0156463
-0.0161929
0.0487697
0.0452169
-0.136505
0.080057
-0.299136
0.296073
-0.0896864
-0.229846
-0.0159001
-0.0178086
0.0827877
0.025074
0.23479
0.129398
0.0281699
0.057628
0.120699
-0.0850879
0.398288
-0.0580631
-0.00879998
0.222254
0.650999
0.216906
0.542767
0.458668
0.0130129
0.12069
-0.0383262
0.0426842
0.175812
0.00978358
0.266313
0.389902
-0.540407
0.387874
0.44983
0.266815
-0.495831
0.040085
-0.0617097
0.0310374
0.0323385
-0.438201
0.0608698
0.185969
0.102576
0.219445
0.271157
-0.224567
-0.0783825
-0.0105939
0.0777701
0.0664952
-0.0892427
0.13232
0.0937079
0.0615215
0.0350941
0.0479753
-0.0950476
-0.217016
-0.0212155
-0.0116027
0.0305473
0.0816385
0.155658
0.0615775
0.0122332
0.111689
0.206094
0.0226101
-0.166893
0.261976
-0.491667
0.572506
0.379876
0.140068
0.434378
-0.0281286
0.0281691
0.082272
0.160228
0.683979
0.0138988
-0.0693446
-0.327651
-0.170314
0.299253
0.127153
0.119049
0.458759
0.0934219
0.014303
0.0441881
-0.0249771
0.0838973
-0.131479
-0.0872763
0.321117
-0.0497504
0.200396
0.0698597
-0.242073
0.0142682
0.169456
0.357498
0.281727
-0.386927
0.0964218
-0.0471235
0.0791534
0.241684
-0.00259511
0.008952
0.1339
0.0420915
0.0655703
-0.393755
-0.023447
0.440375
0.55194
0.0969822
-0.283242
0.0885031
-0.0708858
-0.253425
-0.152009
-0.373331
-0.123184
-0.0956832
-0.24358
-0.112526
-0.0959119
-0.0347838
-0.243624
-0.00382396
0.50517
-0.222597
-0.238979
-0.0443083
0.0308061
-0.637042
-0.0819687
-0.0418529
-0.241384
0.0230462
0.170707
-0.00748313
0.338351
0.40654
0.0394601
0.139156
0.0624729
0.31941
0.0783262
0.342919
0.353745
0.422421
0.137622
-0.305269
-0.052978
0.155337
0.454281
-0.235344
0.181192
0.350792
-0.1092
-0.168216
-0.115883
0.199596
0.266615
0.082461
0.0405935
0.102284
0.0838365
0.326717
-0.0117649
-0.121128
-0.22221
0.00510528
0.0512224
0.0229179
0.250453
0.0807033
-0.0377872
-0.112986
-0.202511
-0.0140482
0.0524841
0.46301
0.203561
0.251158
-0.173154
0.0659019
0.190047
0.309265
-0.272756
0.0956121
0.359833
-2.91137e-06
0.321622
0.116213
0.0177028
0.14707
0.108339
-0.392821
-0.0110939
0.0606204
0.177759
-0.0117273
0.231994
-0.234644
-0.401956
-0.0240512
-0.0598792
0.0723467
0.0214347
0.0505186
0.131937
0.25168
-0.0237601
0.0852582
0.1551
-0.222936
0.289748
0.329949
0.137816
0.449665
0.118037
0.443878
0.0244389
0.206985
-0.0110645
-0.016536
-0.255911
-0.214601
-0.53848
-0.459395
0.258447
0.535112
0.231831
0.616089
0.15928
0.0523819
0.168276
0.0535146
0.0949349
0.270362
0.0588323
0.233547
-0.199326
0.253105
0.0107622
0.0736938
0.0639728
0.142552
0.14115
0.434497
0.213667
-0.745957
0.0216379
-0.11174
-0.346222
-0.0397902
0.0106763
0.015675
-0.00484513
-0.0306828
-0.111136
-0.0692896
-0.17445
-0.0606357
-0.041066
0.055636
-0.30637
-0.317217
-0.480329
-0.0176879
0.0249837
0.168565
-0.29287
0.104082
-0.413157
-0.0842367
-0.181054
0.19383
-0.368829
-0.037404
-0.0562132
0.164732
0.13296
0.231573
-0.370886
-0.237718
-0.295141
-0.198869
0.209559
0.0585901
0.0980338
0.292604
-0.0126037
-0.312719
0.030313
0.139186
-0.0802892
0.095573
0.0285803
-0.249663
0.127355
0.153473
-0.0886792
0.152982
-0.149128
0.141047
0.0307886
0.196574
-0.12792
-0.0951633
-0.209265
-0.0988519
0.186439
-0.0442921
-0.151886
0.168836
-0.139655
-0.208828
-0.131609
-0.0865243
0.425017
0.435628
-0.179658
-0.283036
-0.124682
0.145426
0.424514
0.0941522
0.0717472
0.188259
0.0624652
0.0133544
0.392859
-0.0344479
-0.11883
-0.368743
0.0591584
0.0604134
-0.225225
0.0802061
0.441047
0.141648
0.164773
0.0339221
0.0351832
-0.0420241
-0.206088
0.098773
-0.307316
0.612028
0.0507697
0.173644
0.106419
-0.00206901
0.146521
0.572116
-0.0151775
0.285774
0.187432
-0.0942678
-0.138477
-0.423803
-0.151735
-0.120833
0.138334
0.0836586
0.040857
0.174717
0.0926746
0.0873473
-0.0402268
0.228589
-0.0575514
-0.00103615
0.353023
-0.276724
0.066448
-0.185272
-0.478482
-0.0563898
-0.00165045
-0.0690083
-0.176947
-0.13009
0.136114
0.094568
-0.0778665
0.470449
0.0260489
-0.0509291
0.311506
-0.249161
-0.0297936
-0.0349989
-0.565678
0.199462
0.282505
0.226394
0.0483743
-0.0132495
0.0823445
-0.125062
-0.186065
-0.128759
-0.00669289
-0.00828777
-0.0414408
-0.0746909
0.042919
-0.102252
0.116107
0.175448
-0.00453738
0.290527
0.0149211
0.101785
-0.0726246
0.233339
0.353367
-0.292567
0.0738767
0.044497
-0.368447
-0.435299
-0.0626072
-0.0670828
-0.0682924
0.0959021
0.228714
0.0298197
0.0964563
-0.178247
0.192768
0.0689743
0.324235
0.110098
0.0136182
-0.147668
0.0786148
-0.261405
-0.209097
-0.202474
-0.0979481
0.00710466
-0.169437
-0.200561
-0.0342607
0.187111
0.208672
0.136473
-0.0983693
0.18239
-0.262726
-0.0475627
-0.0109091
0.177118
0.387048
-0.132896
0.103992
0.611504
0.153793
-0.0985944
0.0289071
-0.146754
0.050671
0.228812
0.619434
-0.071928
-0.00233488
0.0943824
0.23721
0.103366
0.0702523
0.427292
-0.062822
-0.119647
-0.104163
-0.177942
-0.270434
-0.281755
0.0626094
0.173298
0.563415
0.239489
0.111109
0.253253
0.013434
-0.13664
0.0832036
0.374968
-0.275091
0.0245552
0.00455479
-0.214343
-0.20675
-0.118186
0.0185076
0.0294007
0.0396506
-0.00663408
0.023454
0.241235
0.211164
0.139573
0.0184355
-0.0279418
0.452889
-0.0389947
-0.107895
0.203225
0.0601681
-0.0837947
0.353545
-0.129228
-0.267067
0.194661
0.0921358
0.0279231
-0.0938459
-0.219257
0.0987902
-0.403514
0.125111
-0.000115713
-0.00350256
0.0695464
-0.207749
0.248661
-0.197292
0.168133
-0.275006
-0.043554
0.384076
0.171584
0.246389
-0.204272
-0.213604
-0.284114
-0.339893
-0.127598
-0.136572
-0.174157
-0.192883
-0.137394
-0.0064192
0.122537
-0.00711284
0.0446445
0.257571
0.287732
0.0602666
-0.194
0.170474
-0.097069
0.030594
0.411245
-0.137467
0.213149
0.112047
0.0932346
0.0139889
0.0856295
-0.186685
-0.541302
-0.435031
0.112244
0.136492
-0.411091
0.236793
-0.332282
0.153498
0.0973943
0.0925013
0.334024
0.0217594
-0.197445
-0.083794
0.219242
0.0328393
0.249742
-0.181784
-0.24086
-0.306212
0.149327
-0.0351595
-0.00222252
-0.0265134
-0.00575277
0.434212
0.386376
-0.00056926
0.327984
0.410111
-0.0208814
0.0199512
-0.0801367
0.0119768
-0.207988
0.102914
0.221868
0.0349734
0.0643067
0.104917
0.446967
-0.17135
-0.190615
-0.39315
-0.157086
-0.0424368
0.0117372
0.0575144
0.058775
-0.263483
0.106522
-0.353026
0.0478411
0.135746
0.449675
0.138493
-0.416662
-0.148674
0.248806
0.0567197
0.142216
0.103638
-0.0302517
0.112377
0.396138
0.303593
-0.139609
0.327993
0.077031
-0.330153
-0.0255997
0.242554
-0.360713
0.302687
-0.242689
-0.0308197
-0.0124899
-0.135499
0.00834957
0.036953
0.173773
-0.0927523
-0.134574
0.00497503
-0.473873
-0.172051
0.0770627
-0.0368463
0.308877
0.125811
0.110301
0.334401
-0.113674
-0.169027
-0.0656303
-0.0649375
-0.352273
-0.04391
-0.436488
-0.159297
0.51569
0.474248
-0.0512592
0.328157
0.397193
-0.0336343
-0.143125
0.129258
-0.129286
-0.110481
-0.203677
0.115452
0.107691
-0.29596
-0.217547
-0.0335458
-0.213648
0.1854
0.141073
-0.132809
0.038018
-0.19347
-0.185535
-0.00450761
0.174947
0.0193543
0.334159
-0.143654
-0.249033
0.129202
0.0809271
0.0588071
0.0786312
-0.0742975
-0.259967
-0.362891
-0.416627
-0.145352
-0.0612665
0.0294051
-0.0016872
0.322945
0.000713001
-0.0440401
-0.0128646
-0.0516319
-0.0547801
-0.162889
0.143506
0.141327
-0.154567
-0.337532
-0.699829
-0.130539
0.10141
-0.143334
-0.141185
0.255109
0.213752
0.139613
-0.250016
-0.315061
0.0499761
0.17077
0.236843
0.191566
0.302787
0.128771
-0.0312636
0.00184791
0.17998
-0.00388759
-0.0884893
0.0231
-0.211473
0.038075
0.0832516
0.716912
-0.147077
0.0246437
0.337548
0.00717353
-0.26346
-0.234041
-0.112724
-0.00140086
0.0744095
0.0788055
-0.135856
-0.3275
0.0364043
-0.354434
-0.582795
0.0859245
-0.412499
-0.225846
-0.339797
0.148322
0.439272
0.202187
0.18767
-0.182542
0.120454
0.55724
0.170183
-0.232804
0.106348
0.106156
-0.0124874
0.0427982
0.0612043
-0.125308
0.196159
0.261482
0.145827
0.186668
0.0870459
-0.0832939
-0.0556639
0.166032
-0.121694
-0.0807021
0.0561041
0.472647
0.463806
-0.0860129
0.00384875
-0.301855
0.131474
0.60162
0.153503
0.116725
0.0591826
-0.0663085
-0.00688755
0.154103
0.145096
-0.17206
0.347967
0.0896217
0.233974
-0.000147193
-0.0462162
-0.155143
-0.114948
0.0403547
0.0375145
0.0183668
0.109893
0.0396353
-0.227827
0.252323
0.148126
0.486845
0.244748
-0.0240127
0.141728
-0.0367887
0.160525
-0.355799
0.0437812
0.0112109
-0.151852
0.359095
-0.227373
-0.0159798
-0.0793608
0.082602
-0.263501
-0.0848055
0.0234082
0.0499268
0.092494
-0.131128
-0.252954
0.622147
-0.264204
0.103336
0.0943011
0.0634885
0.186611
0.267167
0.125809
0.424071
0.60712
-0.202591
-0.22553
0.129945
0.043334
-0.0918984
-0.005524
-0.256882
-0.134572
-0.1376
0.132494
0.130806
0.136807
-0.174698
-0.0490653
0.133016
0.0517362
0.0714656
-0.255388
0.0761064
0.249358
-0.21479
-0.133688
0.482516
0.316098
0.114979
-0.174701
-0.168668
-0.170961
-0.139162
-0.015641
-0.14841
-0.0129834
-0.270238
-0.128567
0.217871
0.0702724
-0.0871494
0.026018
-0.448397
-0.12427
-0.558971
-0.043407
0.382405
-0.15939
0.316048
-0.216765
-0.0104889
0.135241
0.155761
0.0638472
-0.0596021
0.0559734
0.293154
-0.0461552
0.0138503
-0.171045
-0.0153878
-0.0194661
-0.184582
-0.124642
-0.114845
-0.0348307
-0.0403828
0.0726669
-0.107729
-0.126084
0.248844
-0.0352045
-0.0699946
0.314778
-0.131791
-0.0247002
0.0538144
0.203929
0.0580729
-0.0803217
-0.0321662
0.20864
0.0548357
0.358689
0.209436
-0.240976
-0.0790238
0.158256
-0.00351922
0.0339607
-0.239477
-0.233229
0.368468
0.308636
-0.331523
0.242333
-0.136672
-0.237106
-0.179378
-0.1012
0.00213131
0.0567016
-0.305547
-0.464582
-0.00338777
-0.075277
0.138147
-0.118548
-0.19982
0.273019
-0.164002
0.377086
0.1815
0.0698454
-0.293217
0.0170086
0.23747
0.2865
-0.112683
0.361573
0.33251
0.0555817
-0.107143
0.0107711
-0.160028
0.133163
-0.322814
0.0268041
0.0586977
0.0100908
0.0692518
0.0185448
-0.18441
-0.10362
-0.522009
0.215047
-0.382795
-0.10102
-0.14037
0.139184
0.0991909
-0.115223
-0.0131851
0.291104
-0.0614982
0.0418956
0.294663
-0.107423
0.117683
-0.0961319
0.229644
0.19237
0.207143
0.0631169
-0.0114734
-0.140505
0.288779
0.568619
0.0218406
0.19348
0.179997
-0.0892836
-0.353535
0.205304
0.181161
-0.0862681
0.118211
-0.288713
-0.0887372
0.169651
0.212362
-0.0552945
0.0466202
0.649101
0.0141744
0.034481
0.112074
0.114265
0.407056
-0.112251
0.252544
0.294332
0.0941993
-0.221503
0.014458
0.205044
-0.294219
0.108178
0.119724
0.443937
0.0521564
0.103264
-0.189018
-0.00403024
-0.0387901
0.136043
0.283946
-0.1744
-0.131274
-0.107185
0.0657606
0.0586272
-0.0124934
-0.0337397
-0.139711
-0.213706
0.128158
0.11724
0.070497
0.122665
-0.21137
0.0822109
-0.084492
-0.290351
-0.0235658
-0.0276764
-0.00529815
-0.140064
-0.188049
-0.113153
0.325599
0.17975
0.0943587
0.0462445
0.138746
-0.0372136
-0.000449087
0.358875
-0.091482
-0.124883
-0.0875775
-0.0233706
0.147965
0.0634791
0.228903
-0.137091
-0.0972962
0.267327
0.051187
0.269482
0.0161811
0.472512
0.0278513
0.0780833
0.0835937
-0.0432503
0.330796
0.43961
0.0105335
0.318819
0.607067
0.0305765
-0.194776
-0.0773198
-0.197224
0.0576693
-0.0591207
0.0204362
0.193537
0.296452
0.0776934
-0.402219
0.0896119
-0.0164305
-0.0219906
-0.0171664
-0.0373948
-0.0702001
-0.206625
0.161765
-0.166051
0.0265248
0.0729262
-0.107615
-0.0909076
