0.220213
0.369455
0.509027
0.44236
0.189558
0.0556938
0.128246
-0.056115
0.295423
0.174099
-0.144981
-0.119638
0.133112
0.0273595
0.216875
0.410617
0.49262
0.479962
0.976405
0.144624
0.052749
-0.0894889
0.0760097
0.499701
-0.0359696
0.128858
0.338011
0.0236514
0.135261
0.360575
-0.437217
0.0525938
0.659733
0.126497
0.490599
0.0424664
0.0676498
0.00929238
0.208296
0.107381
0.0329864
-0.0233022
0.193154
0.274515
-0.00381247
0.260471
0.242212
0.484448
0.14794
0.128546
0.172554
0.324885
0.474044
0.0614131
0.217929
0.404926
0.0858774
0.217504
0.0812009
0.128615
0.0884091
-0.438905
0.0182945
0.00401413
0.31412
0.225659
-0.0555985
-0.159064
-0.11607
0.0244297
0.0609937
0.151183
0.00559703
-0.203852
0.637316
0.020768
0.0816447
0.249813
0.411791
-0.196384
0.356138
0.432133
0.261817
0.0171016
0.296779
0.737668
-0.0818767
0.345024
0.324719
0.0299738
0.214199
0.547245
0.167062
0.570189
0.24666
0.0980184
0.211611
0.194326
0.0480125
0.180248
-0.0581074
0.311593
0.0676573
-0.258799
1.49068
0.633727
0.306532
0.269466
0.33599
-0.0119513
-0.160388
0.0719097
0.111515
0.2861
0.601072
0.0776705
0.110632
-0.289044
-0.168945
0.536063
0.1718
-0.166828
0.153077
0.196002
0.073946
0.0147081
0.00651652
-0.065651
0.104991
0.0651546
-0.245809
0.160046
0.341612
0.237632
0.093248
0.137389
0.127838
0.0786776
-0.179958
0.205179
-0.106138
0.176765
-0.407534
-0.190672
0.608374
0.510943
-0.0634023
0.0726219
-0.066004
0.143495
-0.191067
0.076133
0.0316435
0.0209594
0.064979
0.382776
0.173198
-0.0455372
-0.127972
0.159902
0.0368057
0.0723277
0.189355
0.0865882
0.417736
0.163791
0.124123
-0.250072
0.540386
0.579664
0.313287
0.000117328
-0.052032
-0.339743
0.0960876
0.515695
0.0462429
-0.0796243
-0.0221333
-0.0370584
-0.0060638
0.256772
-0.091341
-0.0313867
0.0397661
-0.0444036
0.263531
0.370174
0.339132
0.205151
0.287925
0.108559
0.862537
0.736686
-0.121569
0.433668
0.561754
0.0704134
-0.0563463
0.0296137
0.00407086
0.236218
0.363706
0.093392
-0.150807
0.092853
-0.448651
0.0137707
-0.00543007
0.508627
1.21904
1.06314
1.20751
0.708303
0.264453
0.0384504
0.0271642
-0.0345298
0.416516
0.115252
0.0816415
0.0395484
0.272965
0.192015
0.246882
0.239278
-0.101639
0.132498
0.594577
0.0292378
0.299251
0.171751
0.161248
0.472639
0.475353
0.555931
0.135678
-0.032205
0.175462
0.433134
0.0886422
0.0152485
0.0811976
0.39434
0.236809
0.222864
-0.134532
0.251347
0.135834
0.0221924
0.150336
-0.350898
0.29708
0.0422809
-0.0618004
0.209867
0.249339
0.0879925
0.275253
0.285492
0.585497
0.681695
0.454173
0.362821
0.0720738
0.782319
0.178447
0.375806
-0.0173002
0.0167388
0.0447439
-0.0188962
0.00537113
-0.0332162
0.192327
0.130905
0.176961
0.254016
0.261869
0.339087
0.126996
0.18646
0.110222
0.191734
0.278311
0.194964
0.40486
0.099714
0.506675
0.529025
0.377461
0.120736
-0.15672
0.0748449
0.186392
-0.00104134
0.210617
0.175821
0.217576
0.289896
-0.157476
0.0371791
0.0515592
-0.153446
-0.0486939
0.125787
0.297111
0.673674
0.518271
0.0220029
-0.0867215
-0.153623
0.401897
0.150569
-0.00303467
0.0736675
0.0880879
-0.0320946
0.0281818
0.442806
0.233554
0.353377
0.376731
0.207738
0.0212277
0.041093
0.419383
0.253377
0.230696
0.384332
0.126933
0.130244
-0.00277253
-0.147961
0.372785
-0.000654927
0.266496
-0.142307
-0.137367
0.150529
0.283612
-0.129825
0.22347
0.132568
0.215262
0.154944
0.181392
-0.367669
0.00148244
0.155178
0.211308
0.829258
0.0455796
0.147728
0.25262
0.948269
-0.22852
0.0238346
0.0172663
-0.140951
0.217422
0.388248
0.367536
0.361125
0.430445
0.0686102
-0.00468681
0.0728291
0.0734324
0.38367
0.250805
0.0300641
-0.155417
-0.0426789
-0.131179
-0.0283991
-0.00688459
-0.0452648
0.364069
0.463867
0.359277
0.335654
0.0443441
0.294313
0.368773
0.0505618
-0.00519495
-0.198479
-0.0108429
-0.0867502
0.459259
-0.0143283
-0.0896891
0.390024
0.217423
0.330646
0.0267279
-0.0236659
0.128272
0.170337
0.0838445
0.167474
0.180918
0.0199026
0.292475
0.440414
0.237229
0.102317
-0.0493473
0.129392
0.318386
0.00602058
0.0174753
0.425972
0.42273
0.354928
-0.244063
-0.0239483
0.159385
0.273592
0.490173
0.359868
0.663344
0.150718
0.372722
0.0213361
0.171612
-0.0451964
0.174532
0.337565
0.105806
-0.331592
0.368941
0.242519
0.606939
0.271618
0.408028
0.446601
-0.0276983
-0.283158
0.0104744
0.0177734
0.232848
0.234724
-0.0480554
-0.0277745
0.139486
0.033117
0.482743
0.074073
0.0152231
0.00243634
-0.028386
0.297402
0.0911633
0.330757
0.470433
-0.0558359
-0.126976
-0.00984595
0.25362
0.0200299
0.429016
0.727006
-0.022205
0.0485466
0.240755
0.177587
-0.0284056
0.0131949
-0.0544259
0.214833
0.243148
0.210415
0.643061
0.341968
0.81487
0.991469
0.411759
0.0194793
-0.0768736
0.124188
0.0354323
0.23231
0.0632595
0.137478
0.072613
-0.213932
0.0626
-0.0144361
-0.0377176
-0.02645
0.0161731
0.263102
0.272516
0.282105
0.279112
0.215811
0.0829896
0.0547607
0.0378854
-0.105246
0.404393
0.444129
0.441691
0.0504464
0.214996
0.393209
0.426687
0.947897
0.993837
0.602242
0.150074
0.00514704
0.230106
0.140178
0.11506
0.0231891
0.0471673
0.0981031
0.39348
0.0908746
0.0978589
0.159792
-0.209262
-0.00512221
0.377165
0.123222
0.120392
0.219639
0.132219
0.0206655
0.0464287
-0.0121533
0.0778548
-0.0910454
0.232833
-0.0181902
0.47123
0.181156
0.00748922
-0.0726072
0.753325
0.174847
-0.0121998
0.123504
0.0118617
0.414498
0.0439851
-0.022839
0.289524
0.151203
0.374111
-0.0364534
-0.114423
0.135912
0.0367766
-0.250511
0.0390977
0.204821
0.142194
-0.00832268
0.109265
-0.0414951
0.228941
0.161087
0.0991053
0.0114629
0.112593
0.0305585
0.196178
-0.109716
-0.286334
0.137425
-0.0272771
0.309456
0.0859387
0.192601
-0.299814
0.000478937
0.202547
-0.0385184
0.109156
0.16573
0.0197533
-0.0460234
0.413611
0.837411
0.0200495
0.453785
0.495153
0.529367
0.120572
0.376438
0.425388
0.612946
0.0855399
-0.132239
-0.040487
0.063996
0.377118
0.0310742
0.0791239
0.562562
0.400623
-0.0160204
0.319418
0.523322
0.250494
-0.355114
0.0833903
0.231952
0.199958
0.0678553
-0.0798365
0.145772
-0.0485838
0.236864
0.161142
0.180425
0.268262
0.235376
0.0783951
0.134503
0.403491
-0.079373
-0.0588309
0.0203343
0.101099
0.170214
0.149465
0.032777
0.0267353
0.310686
0.246817
-0.018408
0.312059
0.130182
0.0895232
0.530349
0.237494
0.350185
0.279747
0.0337548
0.241137
0.201518
0.266345
0.0320081
0.232586
0.296216
0.0945367
-0.0305564
-0.0218322
-0.301592
-0.0335246
0.325912
-0.0461549
0.153876
0.814502
0.298765
0.0921617
0.198859
0.182233
0.299654
0.145732
0.0317792
0.0211507
0.0835481
0.352511
0.15729
0.0150495
-0.215721
0.0642573
-0.263072
0.311122
0.354665
0.516448
0.214918
-0.542708
-0.0758213
0.0315502
0.147947
-0.0435208
0.210358
-0.210949
0.497598
0.148337
0.452445
0.547182
0.0718298
-0.377449
-0.235743
0.056654
-0.518474
-0.206561
-0.0282103
0.358142
0.964149
0.430578
0.0742072
0.501764
0.372748
0.461869
0.269853
0.430205
0.0787643
0.264255
0.011866
0.00150138
-0.16306
-0.0173338
0.0906924
0.249982
0.335599
-0.113698
-0.297495
0.209307
0.672095
0.246461
0.437929
0.0398784
-0.000985851
0.384593
-0.0148433
-0.0329711
0.120795
-0.0143533
0.169394
0.108252
0.0116485
-0.0143565
0.209607
0.756238
-0.0144762
-0.00102723
0.144402
-0.058178
0.0738736
0.265479
0.544472
0.64218
0.387622
0.139476
0.415574
-0.215596
-0.0560378
0.310274
-0.0148896
0.388812
0.846403
0.569527
-0.0413558
0.256089
0.239102
-0.0154892
-0.0164328
-0.164727
0.285159
0.388059
-0.049602
0.0863827
0.201881
0.0965139
0.575626
0.861396
0.24978
0.240825
0.156033
0.32677
0.447473
0.0757491
0.0877146
0.0622954
0.28394
0.77647
0.284023
0.064075
0.0559558
0.267205
0.00781857
0.285007
0.383339
0.0884637
0.183445
0.00764929
0.284593
-0.0255389
0.121667
0.0412749
0.104648
-0.0131056
-0.153266
0.868467
0.0328046
0.12625
0.165161
0.127276
0.497311
0.0525226
-0.0239516
0.165862
-0.0203352
0.407498
0.420582
0.139823
0.974116
0.124523
0.355093
0.286441
0.0264516
-0.0747243
0.8368
0.104889
0.0548789
0.0602255
-0.0406669
0.389908
-0.025133
0.00622987
-0.147868
0.0676299
0.107758
0.150871
0.0916692
0.0692484
-0.129181
0.0524844
0.0111916
0.229645
-0.192533
0.241309
-0.0303912
0.046668
0.45297
-0.012949
-0.179387
0.291716
0.509045
0.00469521
0.287504
0.830416
0.365803
-0.0419999
0.0457369
0.0929102
0.214423
0.137804
0.0501419
0.0498625
-0.214699
-0.303632
0.435926
0.685966
0.34174
0.35961
-0.371682
0.309234
0.448228
0.896392
0.5187
0.548896
0.568884
-0.174907
0.0195565
0.0796245
0.0777344
-0.0129519
0.154624
0.313783
0.175342
0.231229
0.203395
0.21931
0.538219
0.438791
0.0399285
0.063639
0.123491
0.634876
0.0905067
0.125889
-0.182646
0.0867115
0.167473
0.0815857
-0.0230915
0.152359
-0.0530705
-0.0469577
-0.120126
0.052391
0.0870707
-0.0951282
0.199281
0.0518369
0.184175
0.0303746
0.409138
0.297299
0.0634046
0.678795
0.1843
0.190582
0.208177
0.183034
-0.0514211
0.147544
0.14309
0.161961
0.127013
0.0534699
0.104216
0.244323
0.377299
0.121353
-0.00430814
0.230355
-0.044507
-0.0719395
0.370037
-0.0106817
-0.090681
-0.134292
0.0878215
-0.0537847
0.107649
0.0593385
0.383457
0.128862
0.702948
0.136422
0.493593
0.352497
0.792926
0.329778
0.0399058
0.223388
0.947939
0.0253768
0.108975
0.111572
0.3596
0.15964
0.0107623
0.612996
0.173575
0.24428
0.26381
-0.200464
-0.150523
0.0420874
0.0904098
0.199535
0.220707
0.183486
-0.0540558
0.0644176
0.0571759
0.159471
0.0413304
0.305778
-0.0767581
0.49181
0.0621102
0.199412
0.199562
0.110516
0.0798635
-0.000618909
0.0971787
-0.00084706
-0.324494
0.532399
0.225904
-0.013774
0.0454807
-0.0851061
-0.211255
0.023246
0.779965
0.491321
0.0711753
0.398244
0.0919507
0.184067
0.1895
-0.200791
0.250458
0.546319
0.165634
-0.0920622
0.0406755
0.703245
0.142161
0.0805787
-0.090049
0.0276775
0.0263371
0.05212
0.13118
0.213701
0.25187
0.378743
0.592182
0.569979
0.16766
0.160275
-0.178784
0.53542
0.492911
0.0586471
0.196492
0.0532238
-0.0647939
1.13704
-0.0346478
0.444944
0.0868429
0.175722
0.0105944
0.0115097
0.376667
0.345578
0.700215
0.0736045
-0.150606
-0.300112
0.141452
0.0913505
0.31435
-0.24856
0.00387008
-0.101465
0.0510229
0.0816909
-0.0146241
0.11251
0.0920038
0.280746
0.116076
-0.108927
0.0279883
0.17469
0.112968
0.345105
0.0186306
-0.428695
-0.0464133
-0.0775962
0.0841797
0.0890224
-0.0238775
0.0377438
0.124185
0.0774336
0.206847
0.124933
0.448533
0.351394
-0.128687
0.407084
-0.00941194
0.0365302
0.00981491
-0.0753143
0.105742
0.287722
0.796995
0.463282
0.061661
0.62385
0.395908
0.0306953
-0.244345
0.233203
0.082072
0.0180733
-0.136383
-0.0210085
-0.120947
0.0970709
0.234948
0.10144
0.068234
0.295191
0.335534
0.112385
0.103976
0.152569
0.0386572
-0.180173
0.293252
0.129834
0.270582
0.116205
0.340067
0.0182848
0.141296
0.0966176
0.146038
-0.0513791
0.157463
0.217538
0.170001
-0.0290845
0.0257231
0.0711585
0.489504
0.144294
-0.184274
0.276373
0.233925
0.459019
-0.00555607
0.550243
0.0164142
0.0328484
0.293077
0.000222344
-0.0598597
-0.0403532
-0.040881
0.560908
0.132922
-0.134375
0.084753
0.361533
-0.280695
-0.181701
-0.0152941
0.0414481
0.0724863
0.0540056
0.0497122
0.0076799
0.237039
0.162019
-0.00054198
-0.0565832
0.0536447
0.324598
0.011668
0.168484
-0.0877899
-0.0452058
0.411115
0.438399
0.532847
0.36792
0.608467
0.682771
0.762881
0.330578
0.708992
0.20451
0.517986
0.301735
0.631423
0.27936
0.469024
-0.0533447
0.550157
0.0479432
-0.00941742
0.080355
0.244174
0.257414
-0.0872321
0.518426
0.293839
0.031565
0.598729
-0.0667675
0.138787
-0.00205864
0.159837
-0.0517357
0.0966161
0.405043
0.0499938
0.117173
-0.0187617
-0.02333
0.0558082
0.280499
0.0300445
0.1636
0.125868
-0.0261974
0.0348509
0.0512118
-0.00822113
0.00193276
0.0248257
-0.00901008
0.129607
-0.0847619
0.0727498
0.982115
0.339568
-0.111192
0.1192
0.544159
0.531725
0.882451
0.322497
0.282751
0.719034
0.182449
0.379119
0.658968
0.204806
0.169131
0.0282206
0.103032
-0.0339101
0.568739
-0.291709
-0.184081
1.00659
0.837059
0.215626
-0.00946151
0.744975
0.703624
-0.00535157
0.195479
0.0489268
0.651077
0.280775
0.0207815
-0.000999523
0.293858
0.0605838
0.153777
-0.0377562
-9.0589e-05
0.29953
0.331019
-0.0156935
0.278509
-0.0655967
0.299074
0.0165106
0.304555
0.58873
0.194848
-0.0549598
0.116798
0.138869
0.37656
0.194719
0.222493
0.067533
0.0751155
0.0603478
-0.109815
0.446213
0.37961
0.177085
0.0131261
0.622646
0.124361
0.193296
-0.0328296
-0.0188713
0.610259
-0.0730734
0.370021
0.0351512
0.0255431
0.360266
0.111439
0.166966
0.334416
0.384089
0.150747
0.318609
-0.0087502
0.228716
0.0365499
0.447486
0.181175
0.082747
-0.0194799
-0.0107425
0.0368739
0.38736
0.519891
-0.00200796
-0.0410018
-0.0355585
0.162409
-0.109776
-0.0755638
0.269278
0.0471166
0.153946
0.407699
0.242929
0.324401
0.241902
-0.0508905
0.00724239
1.022
0.40088
-0.102295
0.159517
0.395738
0.20619
0.16354
0.11615
0.885776
-0.0752727
-0.034266
-0.01945
-0.0239525
0.549191
0.42089
-0.11969
0.155391
-0.144743
-0.0119096
0.263929
0.860958
0.214276
0.00426902
0.472369
0.145601
0.215194
0.124122
0.251149
0.518787
0.0219442
0.0715175
0.448089
-0.00509849
0.284879
0.0900887
0.184665
0.227319
0.607266
0.114204
-0.0876944
0.261134
0.373573
-0.069433
0.478852
0.320576
0.0467189
0.0389644
0.14536
0.409273
0.290768
0.332058
0.171751
0.0904889
0.305402
-0.36643
0.107333
-0.135966
0.324676
0.163719
0.256058
0.717143
0.0416506
0.101322
0.189121
0.347919
-0.143711
-0.0534392
0.193443
0.161132
-0.0507307
0.21683
0.402383
-0.246955
0.184993
-0.259761
-0.0512303
-0.0187426
-0.107358
0.320955
0.119265
-0.172597
0.430468
0.0630591
0.163019
0.395884
0.0359857
0.492162
0.541968
0.288094
0.189017
0.766567
0.796432
0.488524
0.461339
0.48001
0.0687366
0.164699
0.323983
0.418265
0.334778
-0.100197
0.401982
0.100749
0.365621
0.11569
0.231825
-0.1849
-0.0906905
0.449976
0.465851
0.599698
0.14429
0.106308
0.165421
0.477144
0.369252
-0.324471
0.525454
-0.208831
-0.0822309
0.000551341
0.098516
0.0635107
0.532181
0.201853
-0.00491274
0.417608
0.10045
0.0554398
0.221724
0.024339
0.00159119
0.091073
0.159696
0.0781353
-0.164415
0.291612
0.0810597
-0.156176
-0.148907
0.129474
-0.0390018
-0.163982
0.65678
0.481067
0.836713
1.05058
-0.0544528
-0.0804242
-0.0548477
-0.0356971
0.182893
0.000250837
-0.0356171
0.242532
0.110551
-0.0293182
-0.385108
0.155362
0.123183
0.345888
-0.0100491
0.0763417
0.135021
-0.125925
0.289789
0.484551
0.535582
0.433081
0.43659
-0.116432
-0.158182
-0.0612168
0.101211
0.195768
0.285772
0.119345
-0.0200091
0.20213
0.512709
0.174166
0.120491
0.070082
-0.0686149
0.248631
0.0088015
0.323692
0.231108
0.286252
1.0953
0.0208385
-0.0904737
0.424228
-0.0898537
0.727557
0.377468
-0.0746574
0.0160718
0.0448901
-0.0676392
0.0298531
-0.0673199
0.0594017
-0.138563
0.0670914
0.167649
-0.187742
-0.143245
-0.115643
-0.213394
0.388966
0.685535
-0.119299
0.138593
0.0659878
0.0376942
-0.0119904
-0.140496
0.474335
0.0158451
0.292849
0.145221
0.325392
0.278474
0.100031
0.916701
0.292747
0.12266
0.32137
0.457358
0.738465
0.801582
-0.134323
0.0702735
0.09304
-0.0588911
0.240644
0.307881
0.454843
0.335688
0.163831
-0.00169979
0.0798118
0.380252
0.155828
0.409258
0.588715
0.0657931
0.343938
0.242246
0.0355577
0.913545
0.264348
0.191473
0.526763
6.05686e-05
0.159479
0.768973
0.212637
0.161494
0.0237282
0.32015
-0.016885
0.563961
0.455247
0.143301
-0.00429985
0.109587
-0.093623
0.117069
0.307212
-0.0349619
0.129689
0.0144416
0.248203
0.028203
0.0367602
0.227479
0.0696623
0.139517
-0.0351492
0.703279
0.29975
0.0800138
0.0947501
-0.0734148
-0.108176
0.161331
0.247298
-0.146718
0.508534
0.537838
0.0739159
-0.0152891
-0.280097
0.347417
-0.109491
0.940077
0.348913
0.205314
0.0481338
0.509327
-0.02032
-0.049633
-0.011333
0.618621
-0.149884
0.113977
-0.0602934
0.291465
0.373152
0.209773
-0.000243329
-0.0617226
-0.0866609
0.19544
0.313059
0.0874708
0.279808
0.0494604
0.168019
0.118912
0.0217323
0.29229
0.0807387
0.178929
0.186582
0.458289
0.15274
0.0754756
0.070072
0.103833
0.0166179
0.135666
0.0259448
-0.231271
-0.202056
0.0985372
0.456668
0.675543
-0.0216547
-0.122969
0.113145
0.984974
0.233552
0.42424
0.0177316
0.320516
0.0965024
0.19593
0.2171
0.130994
0.198823
0.395975
-0.14945
-0.0834297
0.0136922
0.127123
0.0517414
0.218163
0.0856436
-0.0848723
-0.100324
0.243444
0.0860477
0.278414
0.384638
0.541371
0.257039
0.558478
0.257036
0.153082
0.0334293
-0.199477
0.0170991
0.164059
-0.0900745
0.31509
0.346103
0.190768
0.0663641
0.119333
0.0129815
-0.141118
-0.0542074
0.11421
-0.037617
0.192122
0.0557865
0.5446
0.0756384
-0.0819265
0.148226
-0.0391655
-0.161489
-0.0319038
0.108511
0.17526
0.00759253
0.0158641
-0.019162
0.112976
0.730521
0.584597
0.38917
0.0427193
0.157268
0.0155659
0.340064
0.290905
0.17529
-0.366952
0.064786
0.13989
0.214456
-0.0802166
-0.161313
0.181131
0.00833339
-0.0383835
0.0907802
-0.0370046
-0.0333505
0.0181033
0.182241
0.210408
0.641604
0.135845
0.229427
0.0103468
-0.0310154
0.67276
1.15733
0.864612
0.404598
0.507681
-0.0363034
0.0644705
0.185236
0.187208
-0.165331
0.203543
0.393524
0.095653
0.159031
0.272602
0.138022
0.172608
0.0812552
-0.170292
0.762193
0.0615891
-0.0396551
0.550707
0.575713
0.327505
-0.0348181
-0.128927
0.0590388
-0.173306
0.445755
0.138487
0.278373
0.234233
0.143035
-0.0258209
0.0887135
0.376158
0.382915
0.369228
0.174166
0.488368
0.009946
-0.121622
0.213849
0.28106
-0.101993
0.603172
-0.0245135
-0.218539
0.0477431
0.205274
-0.0528324
0.250487
-0.14291
0.147601
-0.220073
0.341908
-0.209682
-0.0456077
-0.0160425
0.452532
0.528522
0.58278
0.187856
0.215453
-0.104786
-0.0586248
0.16541
0.300796
0.0752452
-0.135852
-0.00848552
-0.0625478
0.34838
0.583703
0.0811349
0.384534
0.488341
0.00581666
0.622603
0.161786
0.525457
0.537759
-0.126217
0.239986
-0.0352191
0.0530103
0.12938
0.341308
-0.0487316
0.174257
0.0170976
0.0154626
0.0968986
0.0620403
0.0700426
-0.0180393
-0.114084
0.0743573
-0.139175
-0.0888376
-0.110946
0.155009
0.504562
0.242696
-0.0173212
0.0411486
0.322523
0.179985
0.23935
-0.0547427
0.649575
0.493434
-0.153687
0.074077
0.0406176
0.223652
0.132615
0.301519
0.225651
0.110382
0.275478
0.180504
0.328334
0.11452
0.0528667
0.171698
0.0720374
0.706485
1.16924
0.285779
0.426127
0.452007
0.469375
0.0903889
0.103354
-0.167246
0.00193679
0.0856927
-0.151203
0.109388
0.115526
-0.0946349
-0.0375011
0.147361
0.093007
-0.0869489
-0.0388235
-0.216979
0.145445
0.04487
0.000987204
0.387557
0.591102
0.141483
0.193256
0.38835
0.0799666
0.283827
0.300626
0.174837
0.197234
0.117187
0.00594507
-0.0467621
0.24355
0.403778
0.0207567
0.10302
0.0518196
0.0179109
-0.025672
0.384387
0.308215
0.0577889
-0.0271065
0.320535
-0.00141503
0.192443
-0.00957303
0.243164
0.33541
0.519893
0.255132
0.411033
0.0729193
0.293562
0.139331
0.28324
0.500076
0.0853376
-0.179498
0.304129
0.0217278
0.20235
-0.214836
0.306476
0.00694976
0.138877
0.162419
0.180421
0.234657
0.042274
0.0738019
0.188296
0.397493
-0.0800931
0.0078922
0.322495
0.273997
0.147001
0.240794
0.00787628
0.287872
-0.0913397
-0.17233
0.274461
0.221272
0.134893
0.515766
0.511936
0.375091
0.699872
0.543347
0.234197
-0.041557
0.306385
0.136738
0.0694455
0.254957
0.199258
0.0544587
0.314671
0.117567
-0.0176104
-0.13825
0.127771
0.242123
0.298601
0.102035
0.45122
0.193825
0.280727
-0.0449965
0.143421
0.0930349
0.0344154
0.148891
-0.174207
0.0355522
0.335547
0.453542
0.501772
0.206172
0.0850501
0.0376631
-0.0161693
0.061866
0.402115
0.362983
0.904255
0.188149
-0.00687316
0.41822
0.0676508
-0.154718
0.000155536
0.171457
0.00239902
0.276496
-0.249242
0.0736747
0.0597877
0.818834
0.45617
-0.00505002
0.355541
0.16348
0.00528596
0.157823
0.120982
0.150032
0.530214
0.00394173
0.377832
0.317006
0.0969713
0.338091
0.07684
0.00991906
-0.103961
0.0439012
-0.00414382
0.364641
-0.0298196
-0.0626524
-0.00925371
0.203414
0.286326
0.172164
0.419317
0.440005
0.40317
-0.228431
-0.338577
0.201498
0.260412
0.200608
0.0372707
0.360847
0.596834
0.0930661
0.476899
-0.0652188
0.0478608
0.0371139
0.388848
0.230709
1.16952
0.309328
0.412242
0.539699
0.624384
0.0995771
0.0331071
0.205374
-0.0147333
0.193684
-0.199729
-0.119388
0.214335
0.0668551
0.153107
0.171702
0.0921295
0.0241233
0.497642
0.0213139
0.0313779
0.0570859
0.108695
0.149753
-0.109729
0.338402
0.381619
-0.0588618
0.194533
0.564363
0.0811402
0.195389
0.636886
0.0527539
-0.148686
-0.0147045
-0.0832978
-0.0908018
-0.037073
0.125474
0.383353
0.260239
0.589412
0.589731
0.90154
0.21696
0.167669
-0.296031
0.162925
0.124436
0.0067881
0.145071
0.350215
0.0815912
-0.231857
0.0523294
0.224659
0.199212
0.12385
-0.0723261
0.27835
0.215762
0.0250849
0.14637
0.0952696
0.122383
0.201475
-0.126002
-0.0622438
0.0650505
0.0600874
0.267622
0.569675
0.0209709
0.227848
0.0041703
0.171993
0.0892169
-0.101166
0.278428
0.444128
0.460554
0.287608
0.46484
0.115277
0.401278
0.504701
0.6437
0.267431
0.141839
0.0865758
-0.0591162
0.0345987
0.173325
0.552404
0.509514
0.810655
0.123255
0.316704
-0.00642517
-0.321642
-0.168322
0.100449
0.131864
0.161771
0.142554
0.320175
0.446733
0.0814951
0.205186
-0.0469258
4.42166e-05
0.226757
-0.191635
0.33804
0.0472589
0.462484
0.0686925
0.231729
0.0554972
0.230659
0.650378
0.203461
0.585385
0.318787
0.349784
0.806631
0.292814
0.0640984
0.262512
0.0229897
0.140622
0.171334
0.456312
0.51144
-0.304093
-0.094772
0.0261348
0.0966574
0.0759887
0.150419
0.52763
0.472856
0.328022
0.204557
-0.033321
0.124372
0.385759
0.11554
0.213902
0.28218
0.0295623
0.146234
0.350557
0.139527
-0.0540417
0.301068
0.124198
-0.0238542
-0.0302515
0.666343
0.0247485
0.224271
0.14953
-0.127752
0.128836
-0.411635
0.37833
0.0204384
0.336568
0.0762887
0.11546
0.0880963
0.199619
0.0490931
-0.0636535
0.35404
-0.0286276
0.199576
-0.00683965
-0.119578
-0.103136
-0.0351846
0.097889
0.139946
0.0248756
-0.126049
-0.00185039
-0.137247
0.000179686
0.0168407
0.00369205
-0.00972335
-0.0279508
0.126123
0.240535
-0.00284663
-0.0610136
-0.250539
0.218267
0.864605
0.469257
0.0734852
-0.0885457
0.0842575
0.231286
0.697602
0.717165
0.0311087
-0.0426945
0.0313226
-0.08321
-0.018996
0.675419
-0.034881
0.230386
-0.19253
-0.0419587
0.338816
-0.312408
0.524785
0.331728
0.460237
0.284003
0.0321975
0.265696
0.155021
-0.182292
0.015998
-0.116357
0.00640263
0.274356
0.261011
0.00600535
0.321162
0.371198
0.0577252
-0.0757636
0.0747552
0.0325596
0.200498
0.240661
0.185913
0.795652
0.0634541
-0.0487936
-0.04497
0.101118
0.352575
0.0953167
0.154498
0.11934
-0.111958
0.581352
0.241365
0.620016
0.136826
0.139888
0.336342
0.154231
0.142671
0.256953
0.100199
0.143585
0.437695
-0.127159
-0.0854092
0.187169
0.121225
0.572399
0.00128973
0.00878799
0.184997
-0.00116363
0.192006
0.0677669
-0.0207222
-0.309322
-0.135807
0.0784133
0.152075
0.185292
-0.0518169
0.0561359
0.0745301
-0.0134841
0.113132
0.266827
0.161647
0.223006
0.0296863
0.182931
0.198938
0.0717476
0.242001
-0.00784713
0.189205
-0.344521
0.0932307
0.214379
0.187562
0.133371
0.275523
-0.0297706
0.515443
0.558459
0.317261
0.432606
0.0344971
0.341936
-0.182142
-0.0417594
-0.0529902
0.134909
0.117394
0.0756927
0.272835
0.332499
-0.17103
0.0625895
0.0313667
0.407672
0.0731021
0.140906
-0.119008
-0.0550225
0.801916
0.0881731
0.261342
1.0034
0.258581
0.609206
-0.0567923
0.0419858
0.13976
0.321847
0.25294
0.268888
0.0575948
0.231715
0.076013
0.0850953
0.239006
0.156826
0.144621
0.596073
0.369024
0.869794
0.00967888
0.0981383
0.25298
0.182616
0.365566
0.499866
-0.0513077
0.0267621
0.0530065
0.923789
0.266216
0.212892
0.276109
0.220874
0.410586
-0.12209
-0.335676
-0.00556129
0.08596
0.176606
0.777083
0.0785416
0.0614767
-0.0506196
0.106076
0.104952
0.140684
-0.103275
0.0929458
0.145549
0.696354
0.0648912
0.0808287
0.0888349
-0.0836655
-0.0405506
0.474168
0.263321
0.285418
-0.233568
0.15764
0.0661595
0.533629
0.388822
0.194755
0.470789
0.0410132
-0.0462746
0.0874672
0.035236
-0.0239737
0.398435
-0.0466274
0.205004
0.289316
-0.0147428
0.235897
0.217248
0.432104
0.193427
0.478611
0.2666
0.081872
0.0177004
0.165084
0.51475
0.221767
0.0779598
-0.155434
0.0249319
0.207851
0.334865
-0.0364303
0.351734
0.645781
0.215392
0.112272
0.0329373
0.320166
0.0220446
-0.325236
0.158993
-0.0687729
0.0118188
0.115457
0.179011
0.179236
0.356586
-0.010157
0.168462
0.154656
0.035563
0.0399091
0.115756
-0.002484
0.308719
-0.0360674
-0.0389853
0.110243
