0.376808
0.164141
0.00761233
-0.525761
-0.598358
0.0454147
0.105451
-0.148674
0.0890109
-0.154519
-0.076371
0.171541
-0.0288551
0.00181407
0.0717098
-0.0335252
0.135534
0.0277282
-0.101256
0.39087
-0.497047
-0.0607603
-0.127195
0.157704
0.111256
0.00173475
0.274896
0.240954
0.265818
0.0686628
-0.116543
0.201754
-0.413462
0.304171
-0.056013
-0.607313
0.0854628
-0.128469
0.14143
-0.122506
-0.20016
0.0861095
0.0528821
-0.0218188
0.162349
0.116721
-0.0055634
0.17388
0.054865
-0.117906
-0.193382
0.0238196
-0.101618
-0.0788472
-0.0585018
-0.259209
0.102072
-0.0694708
0.0797772
-0.0372481
-0.0488349
-0.0890565
-0.0169803
0.0456949
-0.345845
0.093951
-0.187187
0.1686
0.0663405
-0.0479836
0.0343648
-0.116352
-0.0889934
0.433103
0.136776
0.166923
-0.136303
0.196521
-0.265686
-0.31266
-0.0509673
0.0822239
-0.0521941
-0.0282991
0.157655
-0.49928
0.0651743
0.339493
0.440829
0.0299964
-0.216993
-0.0950866
0.387267
0.136449
-0.046466
0.216541
-0.0874242
-0.0675319
0.303109
0.0529774
-0.133407
-0.278696
0.243524
-0.307887
-0.221899
-0.0249931
-0.237982
-0.320183
0.283058
0.317712
-0.0693953
0.13306
0.223822
0.0610082
-0.180748
0.335388
0.721012
0.217177
0.100819
0.339516
-0.264259
0.0859195
0.163597
-0.174526
-0.0117266
0.0156508
0.130705
-0.285532
0.0166137
0.0414888
-0.301123
0.18791
0.202628
-0.104443
-0.209339
-0.192871
-0.067688
0.0743749
-0.297665
0.213159
0.631617
0.142575
0.567496
-0.132523
0.0648163
0.0764074
-0.0860522
-0.337165
-0.00886739
-0.12856
0.195665
-0.0832005
0.036606
-0.110132
0.107384
0.509549
0.323383
-0.0839621
-0.209396
0.26874
0.030898
-0.254483
-0.117021
0.0104438
0.0693623
0.107755
-0.201243
0.00204314
0.218464
-0.211613
-0.233923
-0.0518418
-0.628209
-0.261668
-0.0613936
-0.295767
0.0474648
0.0291358
-0.0652871
0.110673
-0.180578
0.194831
-0.109813
0.104202
0.0166818
0.161949
0.190319
-0.0725375
0.11878
-0.0215574
0.250127
-0.0490526
-0.514123
-0.302045
0.122854
0.433616
0.22349
0.0274275
-0.0582241
-0.291163
-0.0744694
0.172089
0.287947
0.557314
0.111932
-0.320394
-0.0648302
0.311201
-0.157648
-0.603593
-0.193899
-0.110051
-0.122319
0.299579
0.106746
0.161751
0.035611
0.0170379
0.177152
0.0305709
0.00769979
0.230094
0.0119216
-0.247283
0.240462
0.370359
-0.00136169
0.161566
0.333547
0.0434134
-0.0696047
-0.304514
0.132395
0.0756011
0.178012
0.165822
-0.22657
-0.267118
-0.146918
-0.161795
0.328182
0.584101
-0.361073
-0.30437
0.0219213
-0.0405591
-0.0607236
-0.129395
-0.117044
-0.288391
0.00534961
-0.0636382
0.107466
0.168842
-0.129915
0.13504
-0.203463
0.0527636
0.220959
0.213516
-0.21616
0.322412
0.240125
0.0879901
0.254039
0.331158
0.0523105
-0.356934
-0.0421713
-0.299527
0.0612789
-0.0617401
-0.0387279
0.0825278
0.0830592
0.0341549
-0.244736
0.0802124
-0.166696
0.126764
-0.0567253
0.0465272
-0.0326069
0.218963
-0.15515
0.272258
-0.125954
0.115954
-0.278366
0.00317306
-0.551935
-0.483448
0.0980434
-0.235127
-0.0350425
-0.013142
0.110866
-0.520489
-0.0677701
0.181752
-0.0527937
0.0107965
-0.0315596
-0.103752
-0.00755207
0.0601084
0.208793
0.00478514
0.303253
-0.0681603
-0.329156
0.012499
-0.170273
0.258022
-0.435124
0.248585
0.0744027
-0.0347151
-0.0674568
-0.009068
-0.0153026
-0.0468196
-0.277162
-0.0057432
-0.0722303
-0.379955
-0.37434
0.189425
0.302325
-0.210303
-0.0842007
-0.0286312
-0.135463
0.225848
-0.119329
-0.111924
0.0783619
-0.107145
-0.12611
-0.0551414
-0.058923
0.104851
0.0108474
0.0852836
-0.0517332
-0.0255344
-0.104057
-0.235424
-0.360827
0.11243
-0.01997
0.012203
0.0579404
0.169923
-0.149806
-0.0114194
0.485085
-0.0494161
0.206499
0.0461432
-0.0433576
0.248228
-0.33807
-0.369552
-0.190262
0.0301257
-0.225194
-0.0494655
0.176305
0.180265
-0.0828133
-0.167374
-0.292651
0.048595
-0.129478
0.341836
-0.0916809
-0.184117
0.220398
-0.476734
-0.336321
-0.00577213
-0.100933
0.14484
0.111993
0.0221875
-0.206731
0.168623
0.0269454
-0.0927518
0.706073
-0.0582174
-0.0813454
-0.610018
0.0292007
0.17266
-0.057531
-0.0250716
0.10888
0.0349618
0.289466
-0.0286942
0.0289464
-0.100314
-0.527384
-0.259876
-0.0159798
-0.0648254
-0.217265
-0.0236731
0.191868
0.12306
0.132739
0.574846
-0.413519
0.480277
0.0929382
-0.0561423
0.14706
-0.241385
-0.0961078
0.361225
0.0991464
-0.192745
-0.00529054
-0.0303078
-0.178873
0.243809
0.128007
0.0675739
-0.224766
0.220356
-0.0078285
-0.0562665
-0.341092
-0.000902337
0.0167945
-0.184138
-0.0585532
-0.230844
-0.00872984
0.00955333
0.0675362
0.118419
-0.0888536
-0.023593
-0.115265
0.271782
0.0391777
-0.0570596
-0.025113
-0.0908501
-0.151751
0.022141
-0.169875
-0.549993
0.347658
0.000990853
0.0617441
0.0399313
-0.118277
0.169787
0.398731
-0.238462
0.211457
0.217838
-0.26462
0.430661
0.258631
-0.0579505
-0.199119
-0.168801
-0.173174
-0.00460167
-0.121892
-0.0537083
-0.048994
-1.05096
-0.290581
0.0813823
0.0720445
-0.625381
0.11764
-0.106201
0.0348536
-0.045931
-0.538981
-0.0691659
0.0558293
0.156628
-0.0784505
-0.17319
0.0650133
-0.159424
-0.0743341
0.368167
0.118369
-0.352049
-0.0179656
-0.242298
-0.155311
0.234935
0.174467
-0.0872575
-0.618913
-0.0266279
-0.249402
-0.0898562
-0.347748
-0.404933
0.238287
0.685293
-0.00472854
-0.434027
0.346849
0.149098
0.0922352
0.208627
-0.276294
0.0588683
-0.350594
-0.0933478
-0.0834331
-0.10733
-0.0744641
0.0262653
0.0452706
-0.061034
0.158898
0.0399696
0.127169
-0.0240584
-0.226518
0.0491006
-0.100781
-0.154064
0.0303223
-0.0141467
0.328257
0.109056
0.0389645
0.29365
0.234663
-0.151125
-0.31091
-0.285942
0.0384526
0.121165
0.0411372
-0.0682535
-0.223558
-0.0143455
0.390954
-0.0696868
0.00898977
-0.0382805
0.0398531
-0.0766505
0.00880461
-0.0610079
0.13467
-0.190378
0.0544725
0.0539785
0.0838116
-0.211605
-0.0280281
-0.0215309
-0.489041
-0.17431
0.13171
-0.22388
-0.243451
0.145636
0.0359672
0.184681
-0.144828
0.106531
-0.385956
-0.0612032
-0.0919243
0.0144841
-0.0342462
-0.318102
-0.00505371
-0.207607
-0.0294037
-0.140361
0.227854
0.0966628
0.0336373
-0.486259
-0.291198
-0.159884
-0.540488
-0.361117
0.160184
-0.081073
-0.113681
-0.150565
0.00372742
-0.308844
-0.0311726
0.357999
-0.225392
-0.123129
-0.190404
0.0797272
0.350039
0.310415
0.0181427
0.220765
0.180115
0.14286
-0.170245
-0.0291567
0.0167309
0.186059
-0.0124577
-0.176538
-0.484159
0.269854
0.0689476
0.1779
-0.263814
-0.149095
-0.243652
0.0517349
-0.10819
-0.118796
0.212153
-0.153213
0.281885
0.00852374
0.052847
-0.159454
-0.190229
-0.232017
-0.062481
-0.226747
0.0312078
0.193489
-0.00946314
0.0713977
0.0998591
-0.248141
0.0637858
-0.0444923
-0.0440434
-0.208952
0.0853321
0.369823
-0.00550057
-0.0427213
0.0189462
0.127635
-0.0291469
0.0503043
0.548996
0.330356
-0.0126244
0.0403681
0.0761249
0.0358815
-0.0054432
0.306147
0.217027
0.157164
-0.212147
-0.228296
-0.458052
0.0224989
0.123829
-0.0534162
-0.544362
-0.161313
0.00226549
-0.0380475
0.0354559
-0.0248908
0.0996886
-0.328833
0.172405
-0.409447
0.0048056
-0.166512
-0.13677
0.52565
0.319995
0.124895
-0.236862
-0.170867
-0.00833374
0.00169306
-0.154485
0.120728
-0.182417
-0.353974
-0.137298
-0.422164
-0.136409
-0.693316
0.0688338
0.0499818
-0.477663
-0.086864
0.0846773
-0.160119
-0.346835
-0.221054
0.104768
-0.118764
-0.148089
-0.221337
0.0337637
-0.135283
0.0672036
-0.133178
-0.208644
0.352465
-0.0210438
0.391469
0.10804
0.061734
0.0555394
-0.219007
0.15483
-0.00451624
0.16122
0.133283
-0.110527
0.213976
0.259338
-0.00511388
0.0843966
0.129076
0.140002
0.260728
-0.00415325
0.086709
-0.0167073
-0.422806
-0.23087
0.155492
0.693297
0.0846414
0.392061
0.0991329
0.184144
0.429822
-0.126089
0.0528285
-0.0636534
-0.102632
-0.039567
-0.065173
0.183396
0.0114901
0.0850685
-0.0668398
0.0434009
0.123605
-0.212523
-0.0773553
-0.110477
0.381254
0.0411005
0.155385
0.382138
0.0356387
0.188051
0.308266
0.0155244
-0.00337669
0.0496664
-0.0841698
0.0679777
0.119337
-0.00383423
0.0741982
0.0423009
0.071008
-0.0386524
0.0499917
0.469193
0.0820378
-0.193649
-0.0251879
-0.138065
-0.0489988
0.0753714
-0.0133304
-0.00787563
0.187116
0.550172
0.0457974
0.519316
0.404046
-0.347301
-0.101323
0.105119
-0.196682
0.021203
-0.119443
-0.21301
-0.118663
0.0888783
0.0461634
0.261284
-0.363178
-0.0740109
-0.147662
-0.501874
-0.59469
0.308324
-0.108544
0.296417
-0.0127553
0.0210114
0.0898208
0.282237
0.16439
-0.0298564
0.574704
-0.0952748
0.102608
-0.0459703
-0.00436657
-0.0798582
0.0368961
-0.140177
0.165087
0.255142
0.482059
0.160554
0.160288
0.505661
0.578379
0.232426
-0.0499026
-0.0685028
-0.267417
-0.404993
-0.135488
0.0694873
0.304443
0.151937
-0.00842678
-0.0191872
-0.171291
-0.164107
0.501038
0.276403
-0.179045
-0.0620917
-0.0446174
0.13398
-0.0249468
0.212496
-0.144497
-0.195756
-0.426816
-0.196343
-0.406632
0.0927501
-0.0256832
0.140467
0.140199
-0.203791
0.113668
0.179287
-0.343286
0.167836
0.422564
-0.0935772
0.0708957
0.142496
0.431304
-0.286013
0.0623948
0.49509
-0.218966
-0.0428321
-0.0260057
-0.128107
0.492792
0.0964465
-0.257371
0.229879
-0.00498337
-0.0164596
-0.0385013
0.101308
0.314293
0.0481038
-0.0184848
-0.209835
0.135669
0.371018
-0.0149051
0.579175
-0.136691
-0.147429
-0.0336531
0.367209
-0.171378
-0.231363
-0.278676
0.156275
-0.0341842
0.182971
-0.0237795
-0.115919
-0.123099
0.634688
0.123891
-0.153877
0.00565746
0.103636
0.222115
0.753376
0.0777946
-0.125832
0.0398073
0.175646
0.0504533
-0.229569
-0.102634
0.21026
-0.0523031
-0.0383076
0.485188
0.653685
0.251773
0.163945
0.269198
-0.124154
-0.245156
0.237495
-0.252632
0.0211083
0.189994
-0.245538
-0.0224437
-0.30866
0.373964
0.334475
0.0648561
-0.179374
-0.0441499
0.0874256
-0.157795
0.212444
-0.165303
0.0503672
-0.0359121
-0.0404691
0.250527
-0.203888
-0.0291244
0.0817356
0.326703
-0.243349
0.0446021
-0.129985
-0.139676
-0.014761
0.18967
-0.147816
0.047189
-0.00178203
-0.0201783
-0.349031
-0.430802
0.0345594
0.0677637
0.185653
0.107887
-0.00622765
0.0899593
-0.118774
0.188844
0.294823
0.0306781
0.193983
0.251698
-0.299832
-0.0381487
-0.253879
0.119355
0.0978222
0.0126385
0.665802
-0.190287
-0.22248
-0.800148
0.0281089
-0.0504171
-0.0181718
0.112931
0.0409413
0.246522
0.0781299
-0.0079377
0.0254528
0.165432
0.415116
-0.00794664
0.0820984
0.433493
0.0288755
0.0842648
-0.109259
0.303489
0.661883
0.456799
0.461856
-0.0846484
0.0695465
-0.0333458
0.0946469
-0.237058
-0.00141781
0.502546
-0.217206
-0.322777
-0.575815
0.274377
0.228175
0.186524
0.199501
-0.0763983
0.0295688
-0.236725
-0.0651773
-0.164712
-0.181022
0.0309759
0.223598
0.105857
0.0534599
-0.120501
0.208393
0.105161
0.752764
-0.0973989
0.222523
-0.0847724
0.0554048
0.595167
0.0320275
0.0438014
0.0741145
0.326211
-0.0656938
-0.0053559
-0.178373
0.398416
0.275822
0.239631
-0.248893
-0.0259243
-0.441717
0.0773746
-0.0490316
-0.021452
0.0454336
0.0734326
0.793662
0.195831
0.503266
0.387294
-0.0980529
-0.128284
0.010534
-0.204821
-0.0905792
-0.122045
-0.0843298
-0.0552353
0.0832581
-0.712367
0.129398
-0.158221
-0.419281
-0.227268
-0.283862
0.0638752
0.00356654
0.116153
0.0280351
0.0387718
-0.0514926
0.424605
0.183059
0.0815593
-0.0327714
0.0161833
-0.19169
-0.0443343
0.0325183
-0.00740069
0.0262987
0.160055
-0.0838981
0.069325
0.0751968
0.212049
0.217563
-0.291908
0.13099
-0.0644704
0.112476
0.0011428
0.161419
-0.112603
-0.0485943
-0.000280772
0.384481
-0.196942
0.499505
0.241763
-0.185872
0.0856162
0.000196129
-0.541157
-0.156932
-0.122151
0.0366325
-0.0973569
0.0128916
0.195943
-0.00849689
-0.00144371
-0.113605
0.377226
-0.0681796
0.123246
-0.083492
0.0462092
-0.220184
-0.141699
0.0335205
0.432944
-0.0468723
-0.294341
-0.0915331
-0.264102
0.176717
0.0570612
0.312843
0.679103
0.230609
-0.386533
-0.0515091
-0.0166699
-0.300312
0.126353
0.147899
0.14605
-0.160701
-0.231681
-0.359688
-0.0647279
0.504786
0.343886
-0.171486
0.152724
0.203388
0.122002
-0.0157672
-0.351341
-0.0721783
-0.0452446
-0.0200284
-0.00225946
0.00763498
-0.214182
0.180588
-0.0773766
0.0763315
-0.0559063
-0.13058
-0.140941
-0.00104153
-0.165826
-0.0502989
0.881413
-0.00714531
-0.086932
0.0400847
0.0925734
-0.0763238
0.131585
0.0113738
0.0422225
0.158618
0.0305501
0.100148
-0.171479
0.0314375
-0.0847915
0.180624
-0.282312
-0.00948498
0.282168
-0.241277
0.112949
0.0714095
-0.0962485
-0.248931
0.0970781
0.0183907
0.37634
0.414065
-0.0050976
0.849729
-0.260551
-0.290784
-0.222505
-0.281042
-0.338811
-0.107204
0.143691
-0.0806357
0.22694
-0.270839
0.0664499
0.70167
0.255927
0.12617
0.217266
0.0102792
0.0877757
0.065568
0.0661682
-0.0731696
-0.176467
-0.399756
-0.0571557
-0.216317
-0.0675861
-0.092386
0.0859816
0.167037
0.122999
0.0121025
-0.0778452
-0.327274
0.202302
0.371159
0.219312
0.214047
-0.28516
0.011903
0.131293
-0.0792928
1.03986
0.490397
0.115447
-0.0532035
0.30886
-0.170348
-0.160289
0.203055
0.573951
0.0712359
0.395124
-0.00854141
-0.132928
0.199598
0.191116
0.0578511
0.367844
-0.0440805
0.2752
-0.13889
-0.127414
0.197547
0.0964347
0.0860611
-0.214854
-0.126306
0.140029
0.048578
0.0620199
0.147836
0.0496114
0.149488
0.2454
-0.134173
-0.0891721
-0.020694
-0.131686
-0.107996
-0.15332
0.0335516
0.124436
0.250949
0.345606
-0.0200946
-0.018428
-0.0580457
0.0289259
0.396935
0.0560943
0.0429198
0.72873
-0.0665641
-0.354318
-0.0331683
-0.00957526
0.184947
-0.242965
0.117247
-0.0334156
-0.0403845
-0.359366
0.00359412
0.0785847
0.194157
0.266212
0.440443
0.0773335
0.260506
-0.126019
0.0731513
0.603548
0.335596
0.164292
0.142254
0.467435
0.0928589
-0.086788
0.0410603
0.35703
-0.155721
0.164817
-0.045579
0.0501138
-0.0399249
-0.0564566
-0.00203445
0.0503276
-0.305417
-0.100937
0.0519051
-0.0838633
-0.125857
-0.0736107
-0.30239
-0.208926
-0.0195402
-0.137926
-0.109436
0.00225582
-0.00201908
0.0101896
0.0323248
-0.0709954
0.195811
-0.167932
-0.0919099
-0.153052
0.304086
-0.0448975
0.0605893
-0.282475
-0.390462
0.359796
-0.0118329
-0.232209
-0.31668
-0.029665
-0.448522
0.114308
0.0474751
-0.0222225
-0.041884
0.28059
9.39077e-05
-0.0324292
0.230712
0.0229221
0.0467963
0.36471
0.051414
-0.0171202
0.163565
-0.423244
0.0531265
-0.310673
-0.240065
0.00747488
-0.321077
0.518537
0.458285
-0.50974
0.0485381
0.253568
-0.14048
0.486773
-0.0115239
-0.117838
-0.475483
-0.433111
-0.335649
-0.611968
0.430861
0.153058
0.0928776
0.0742353
0.137135
0.165083
-0.643314
-0.576698
-0.0418633
-0.185819
-0.158709
0.0369939
0.0215021
0.0706657
-0.035317
-0.112221
-0.00712877
0.0817499
0.00648285
-0.0839705
0.184519
0.038925
-0.318711
-0.0693525
-0.109321
0.121306
0.023387
0.0404913
-0.0133739
0.0584032
0.0384066
0.145513
-0.0458192
0.0974058
-0.462487
-0.105565
-0.189993
-0.0205211
0.307454
-0.328027
0.03183
0.132246
-0.374235
-0.355034
-0.170101
0.308006
-0.257885
-0.265453
-0.126037
0.00473312
-0.0825932
-0.156365
-0.071983
-0.00704706
0.124147
0.0842598
-0.174997
-0.141138
0.0130448
-0.183448
0.222299
0.25515
-0.00739468
-0.158119
-0.197273
0.0542305
-0.069756
-0.269576
-0.271136
-0.112319
0.0109877
0.490864
0.436678
-0.0859768
0.0491862
0.0281335
0.0120282
-0.279455
-0.69154
-0.160956
-0.245533
-0.253895
-0.0321505
-0.214678
0.333445
0.876573
0.436045
0.188137
0.0955188
-0.0151562
-0.277073
0.214718
0.229667
0.0216301
0.0978467
0.150626
0.00688203
-0.268512
-0.114548
-0.0035738
0.0728709
-0.0427078
-0.237346
0.393928
-0.0581256
-0.212282
-0.0839792
-0.411972
-0.174765
0.0124815
-0.105588
-0.0619774
0.0239117
-0.112474
0.0888233
0.344458
-0.0570817
0.0237033
0.190694
0.0824804
0.367528
0.632043
-0.17125
0.100723
-0.0878727
0.0560324
-0.101625
0.245792
-0.175714
0.113255
-0.0185662
0.0663019
-0.0841638
-0.230637
-0.191106
-0.0367973
0.122034
-0.0174644
0.155818
0.19337
-0.161634
0.537044
0.0388588
-0.0861675
0.11591
-0.22936
0.0291413
0.353737
-0.0979022
0.10734
-0.425814
0.106786
0.155166
0.278376
0.333778
-0.186325
-0.114852
-0.0607753
0.642954
0.434238
0.352342
-0.0131784
-0.0843363
-0.148854
-0.174511
-0.0200143
-0.204858
0.067206
0.0184914
-0.0321003
-0.0434589
0.0221349
-0.143558
-0.157599
0.0598351
0.000361595
0.384169
-0.0586735
0.0196963
-0.044783
-0.176713
-0.0240306
-0.168786
-0.0769548
-0.263116
-0.00637923
0.329764
0.303904
-0.0405641
-0.260385
-0.119918
-0.0639238
-0.112238
-0.328532
0.302344
-0.105723
0.236139
0.187903
0.17799
0.0904292
-0.516833
-0.112522
-0.195747
-0.275299
0.0571972
-0.202852
-0.578194
-0.128286
-0.368381
-0.189126
-0.134654
-0.0252977
0.418505
0.138254
0.297016
-0.0213741
-0.190416
0.118608
0.174409
-0.0974573
-0.45327
0.0532033
-0.313052
-0.335237
0.134029
0.210711
-0.0657891
0.027273
0.0191253
0.0673284
0.0509542
0.0232058
0.219886
0.0657173
-0.446211
-0.507571
-0.0135715
-0.0623575
0.119132
0.355415
-0.0382747
0.214252
1.21279
0.0422897
-0.195866
-0.00200678
-0.130591
-0.0510065
-0.10147
-0.159806
0.133114
0.0284351
0.167024
0.173092
0.00283067
0.0349132
0.113052
0.137092
0.263266
0.438624
0.382
-0.483163
0.148306
-0.118647
-0.258266
0.0426995
-0.0654672
-0.0656405
0.126749
0.221362
0.0982093
-0.0211063
0.0873775
0.0230771
0.132937
0.00955008
0.0417969
0.132648
0.162681
-0.00824093
-0.102814
0.322146
-0.137244
0.392568
0.131875
0.101535
0.400701
-0.0552286
0.0919981
-0.0142832
-0.0299943
0.179571
0.29869
0.148065
0.0137826
-0.111473
-0.0241568
0.0958153
0.128959
0.360013
-0.0779605
-0.0795614
0.0453475
-0.0513702
0.0607963
-0.00706916
0.211751
0.0840182
-0.317399
0.0222559
-0.239592
0.215849
0.209754
-0.483434
-0.72731
0.203964
0.133663
-0.0846997
0.00387434
0.424087
0.156144
0.00340629
0.0104609
-0.099597
-0.0102384
-0.0711042
-0.141238
-0.260657
-0.0670798
0.323083
0.0667233
0.114704
0.283169
0.104153
0.0532122
0.356682
0.131156
-0.0812149
-0.393763
0.134591
-0.193768
0.138914
-0.0816331
0.335792
-0.00775009
-0.129069
-0.194743
-0.0613816
-0.123685
-0.1538
-0.1185
-0.485222
0.156965
-0.053562
-0.166146
-0.381293
0.486185
-0.489047
-0.0805156
0.0940579
-0.237643
-0.101904
-0.197988
0.0364904
0.198284
0.014429
0.167713
-0.173551
0.222245
0.0391992
-0.0712832
0.322995
-0.0191923
-0.509801
-0.263402
0.145667
-0.131226
-0.250769
-0.0359098
-0.118563
0.0614881
-0.169634
-0.0854348
-0.110954
-0.124182
0.0249862
0.154651
-0.0839196
-0.185891
0.0060788
0.0866183
-0.163794
-0.428628
0.156692
-0.39908
0.205847
0.1458
-0.233974
-0.271275
-0.1193
-0.0636062
-0.389164
-0.366988
-0.27826
-0.0416915
0.00872384
0.00980828
-0.17041
0.0608374
0.225194
0.258744
0.09907
0.0700967
0.317445
-0.0927009
-0.0283591
-0.0439964
-0.209954
0.0113934
0.1511
-0.15329
0.509009
0.0214094
0.0233364
-0.0299448
-0.107748
0.21923
-0.114005
-0.476691
-0.0751891
-0.310239
0.073547
-0.0508088
-0.0350591
-0.0182299
-0.0619353
0.475715
-0.0170642
0.0116478
0.237086
-0.139466
0.00638084
-0.0420073
-0.141058
-0.258009
-0.321947
0.121878
-0.173827
-0.0624092
0.225137
-0.00707503
0.0675267
-0.0244968
-0.053211
-0.0726999
-0.465713
0.0406195
-0.0328791
0.151467
0.236586
0.0241916
0.177504
-0.153076
-0.360519
0.135758
-0.0557827
-0.308065
-0.168851
0.0109526
-0.00131553
-0.142963
0.0990394
0.0591237
0.341516
0.168851
0.234637
-0.223263
0.1122
-0.0775484
-0.0208926
0.118011
-0.0183239
-0.0916735
-0.280033
-0.379577
-0.45368
0.802862
-0.0579801
0.153
0.091309
0.171437
-0.00789931
0.759763
-0.0107981
-0.141504
0.0211572
-0.0321422
-0.106435
0.0406994
-1.01932
-0.396681
-0.260562
-0.136847
-0.441328
-0.0472867
-0.314386
0.0782022
-0.361404
-0.130563
0.00250903
0.155279
-0.000967581
0.0762439
0.151547
-0.209583
-0.318428
0.140405
0.0185386
0.570055
-0.140453
-0.228129
-0.0260503
0.0452382
-0.145247
-0.0909286
-0.0422437
0.0324604
-0.0704548
0.160381
-0.362516
-0.126988
0.370557
-0.0286351
-0.0171526
-0.0853544
-0.12402
-0.0839955
0.113009
0.0867291
0.0545192
0.405592
0.316149
0.13599
-0.212
0.0134128
0.17255
-0.279141
0.39774
0.44065
0.19405
0.184862
-0.126363
-0.306519
-0.222553
-0.165643
-0.0117497
-0.00267085
-0.277346
-0.0853001
-0.0374615
0.0623739
0.496921
0.260168
0.17739
0.0859379
0.328935
0.000147241
0.125057
0.111279
0.287406
-0.154569
-0.272164
0.0480897
0.0162845
0.0664178
0.00275227
-0.0162256
0.12251
-0.67297
-0.0207249
-0.0491836
-0.258455
0.121148
0.00752616
-0.159081
-0.365239
-0.951907
-0.0778086
0.0474643
-0.0178405
0.0877334
-0.311562
-0.242146
0.159978
-0.056604
0.051311
-0.151834
-0.102793
-0.0166369
0.0227482
0.619769
0.00766981
-0.336537
0.251786
0.0920563
0.417907
0.146367
0.283427
0.285402
0.631541
0.0122251
-0.0828295
0.11662
-0.311715
-0.0705212
0.29663
0.240432
0.174293
-0.288929
-0.0849452
-0.424132
-0.275487
0.278824
-0.083466
0.0877497
0.0683624
-0.208207
-0.258722
-0.117587
0.140801
0.0091024
0.13719
-0.387706
-0.0774547
0.169994
0.118966
0.215615
-0.414991
-0.210807
-0.422387
-0.250514
0.0747803
0.115525
0.138495
0.100246
0.160158
0.000582559
-0.183235
-0.189672
-0.0206782
0.0202521
0.138501
-0.159729
0.0661373
-0.00483945
-0.1207
0.138169
-0.0571442
0.0554403
-0.0474139
-0.8131
0.0568166
-0.243331
0.459321
0.0153336
0.0422435
-0.0375763
0.118095
0.0906156
0.170775
-0.248088
0.0164377
-0.0864997
-0.381063
-0.0649389
0.393626
-0.100094
0.481856
-0.0728221
-0.117505
0.0955194
0.0117699
0.15401
0.0265158
0.207236
0.0453537
-0.0959409
0.0488401
0.0272061
0.0993846
0.148088
0.318238
-0.0498034
-0.0113422
0.077418
0.0285391
0.0629909
0.0380645
0.00443604
0.115214
0.0280714
0.038248
-0.140248
0.268642
0.104167
-0.0579829
-0.0228819
0.115453
-0.0978463
-0.00935539
0.0732989
-0.0698492
-0.26105
-0.375326
-0.152394
0.345606
-0.133214
-0.333033
0.0155453
0.172767
0.16295
0.144325
0.207375
-0.0993837
0.516798
0.757022
0.111008
0.405392
0.198853
0.126559
-0.146009
-0.102421
-0.173868
-0.0303396
0.164858
0.0179225
-0.107193
0.260473
-0.0916126
0.170017
0.237493
0.579252
0.227553
-0.410267
0.0125241
-0.466166
-0.365987
-0.240058
-0.471748
0.0395096
-0.0942182
-0.539061
-0.0158771
-0.115119
-0.193028
-0.333058
0.0725965
-0.056377
-0.156043
0.16466
0.453844
-0.0478199
-0.432302
-0.00300564
0.107673
0.120905
-0.126852
-0.0262342
-0.458464
-0.413631
-0.0839857
-0.256262
0.0320028
0.0921286
0.0588344
0.00629018
-0.191273
0.0739022
0.00171056
0.073356
0.0948866
0.0662949
-0.326202
-0.0723788
-0.151929
-0.145938
0.1988
-0.407573
0.300478
0.160537
-0.19588
0.0531037
-0.403787
-0.166216
-0.15038
0.247159
-0.0460061
-0.20879
-0.150116
-0.0153085
-0.100854
0.0456335
0.108954
0.0291902
-0.215159
-0.0918278
0.0492981
0.142817
0.0683609
-0.356746
-0.0505107
-0.0178753
0.338186
0.0885844
0.208511
0.168313
0.0418323
-0.250168
-0.112027
-0.000777123
-0.403492
-0.166679
-0.261957
0.312665
0.211454
0.0348093
0.227369
0.321238
0.229727
0.0312028
-0.2005
-0.193731
-0.146417
0.0764453
0.00468929
-0.0466525
-0.144062
0.0215537
0.591374
0.327877
0.0111758
0.167008
0.121132
-0.177935
0.156513
0.00147713
0.176101
0.0653711
0.222425
-0.0119782
-0.127049
-0.0244196
-0.210277
0.0643554
-0.0336701
-0.10661
-0.170988
0.261877
-0.464582
0.0465802
0.301972
0.0165042
-0.00572466
0.169167
0.112746
0.124335
0.00242231
0.357387
0.0350442
0.0379737
0.239579
-0.120464
-0.0497408
0.156871
-0.00760355
0.11764
0.00294321
-0.208408
0.0291679
0.0356952
-0.049523
0.122595
-0.104213
-0.0219248
0.325091
0.233126
-0.243971
-0.303882
-0.0740864
0.102213
-0.209947
0.314555
0.164265
0.0745823
0.158291
0.0486912
-0.0542857
0.077254
-0.47605
-0.265158
0.0681563
-0.00603163
0.437673
0.140336
0.187136
-0.172045
0.172439
-0.232528
-0.0640228
0.205153
0.121884
-0.312898
0.033182
-0.343319
-0.241425
0.122835
-0.0513377
0.262637
-0.256708
-0.158771
-0.436811
-0.0645095
0.0676297
0.093243
-0.0403856
0.0977955
0.0208256
-0.194309
-0.0712131
-0.0177328
-0.0203161
-0.195921
0.142732
0.0314932
-0.285666
0.0780757
-0.0197983
-0.139943
-0.10939
-0.0141418
-0.29452
0.392333
0.00936249
-0.0516182
-0.0228192
-0.280082
-0.0996245
0.0206026
0.204244
0.171418
0.275319
0.267947
-0.020758
0.346224
0.451407
-0.0187389
0.0807554
-0.0834576
0.0114685
-0.173373
0.0818229
-0.0439502
-0.0577837
0.0642186
0.368409
-0.033831
0.173721
0.334867
0.130725
0.534394
-0.0162115
-0.527206
-0.132135
0.00176414
-0.310921
-0.153978
-0.0714271
-0.0497396
0.09797
0.268291
-0.0685797
0.014015
0.0618893
-0.109605
0.185696
0.480893
0.285322
0.145338
-0.372898
0.0649119
0.110427
-0.460863
-0.126311
0.11593
-0.0403232
-0.151414
-0.0139493
0.467239
0.0859893
0.0840389
0.214587
-0.00520936
-0.155166
0.0552109
0.125912
0.0540769
0.065249
-0.599482
0.0884246
0.171674
0.0300575
0.111197
0.0828131
0.347888
-0.0527688
-0.00398295
-0.142918
-0.0334282
-0.0438419
-0.00253159
-0.126556
0.0527358
-0.0542298
-0.315821
-0.114932
0.337508
0.336232
-0.00657559
-0.0527735
-0.0358876
0.245792
-0.162719
-0.153752
-0.202181
0.0310022
0.191203
0.258227
0.111872
0.120667
0.00593397
-0.308783
-0.250829
0.162207
-0.0849622
0.177853
-0.0182419
-0.165245
-0.145995
0.0169566
-0.19863
-0.49199
0.027155
-0.0765363
0.0785931
-0.076822
-0.0252892
0.0905793
0.057782
-0.0823477
-0.00781732
-0.0622836
-0.2419
0.0739159
0.152622
0.356221
-0.0852062
0.0056331
0.0579041
0.149101
0.229567
0.309205
0.673351
0.077486
-0.697908
-0.629398
0.386906
-0.0131513
-0.0595678
0.522729
-0.158562
0.324167
-0.157284
0.178166
-0.22921
-0.136977
-0.274049
-0.573625
0.0965268
-0.108656
-0.208011
0.121539
0.195533
