0.0345995
0.154692
0.345706
-0.0855566
-0.173619
0.0913088
0.233888
0.24525
-0.682092
0.0450693
-0.0101465
0.0514786
-0.0799031
-0.343169
0.00134413
-0.151677
0.212316
-0.142673
-0.173464
-0.291116
-0.1736
-0.134701
-0.268737
-0.095245
-0.0990422
-0.0510766
0.0997733
-0.0134944
-0.0574771
0.224164
-0.193741
0.538889
-0.0967453
0.283616
0.218063
0.367296
-0.178934
0.316148
0.221094
-0.236617
-0.109252
0.097167
-0.119831
0.0359332
0.084511
0.267007
0.435949
0.442039
0.0436047
-0.0866313
0.0250514
-0.0143036
-0.000326848
0.0592046
-0.191721
-0.380625
-0.00334075
0.379962
-0.288701
-0.306372
0.00300358
-0.291894
-0.0985573
0.00466941
0.389885
0.267144
0.0785323
0.365009
0.036698
0.075405
0.189457
-0.0181863
-0.0868201
-0.147405
-0.205157
0.234333
-0.00419881
-0.0208574
-0.0974446
-0.0815738
-0.285565
-0.232751
0.0585735
-0.045284
-0.0700199
-0.0187333
0.0932603
0.128404
0.016319
-0.20462
-0.102258
0.323286
-0.111459
-0.144842
-0.132444
0.300377
-0.154116
-0.0587319
-0.146398
0.108909
0.069561
0.051276
-0.0342257
0.276479
0.10815
-0.167372
-0.00241514
0.226315
-0.54901
0.289729
-0.398176
-0.0792366
-0.0561317
0.0922157
-0.660333
0.239408
0.0428338
0.235075
0.197135
-0.0611824
0.240257
-0.117541
0.0763288
0.0707177
0.238715
0.141189
-0.131338
-0.0996075
0.0808884
0.424952
-0.596161
0.2942
0.0216539
0.2025
-0.065778
0.16691
0.061675
0.0518101
0.0197512
-0.19779
0.237401
0.17852
0.0510903
-0.174776
0.0257413
0.400816
-0.161628
-0.0047455
-0.109824
0.0803252
-0.134188
-0.201177
0.309775
-0.593158
0.197206
-0.445124
0.0456352
0.0677574
0.0466687
-0.0411875
-7.54711e-05
-0.351639
0.288499
0.130274
-0.410828
0.195125
0.050559
-0.0720092
-0.037649
-0.295218
0.0214188
-0.0847664
-0.429008
0.37497
-0.444224
-0.656023
-0.676191
-0.0965452
0.063237
0.338531
0.0182247
-0.176914
0.122732
0.233706
0.0111563
-0.150474
-0.321725
-0.552814
0.154625
0.296917
-0.122061
-0.107943
-0.178396
-0.235224
0.0394973
0.298818
0.134356
0.00651509
0.136732
0.0597938
0.0451666
0.37931
0.221881
0.314663
0.203709
0.340785
-0.0649799
-0.103867
0.0745372
0.16601
-0.47853
-0.327591
-0.652963
0.212868
0.149866
0.0626944
0.0795646
0.0876738
-0.106181
-0.0387022
0.0272708
-0.00669916
-0.039805
0.124769
0.898575
0.439229
-0.288934
0.0270616
-0.0296429
0.129679
-0.203664
-0.285688
0.487442
0.163525
-0.139953
-0.15967
0.212684
0.301585
0.283732
-0.342489
-0.117059
-0.255963
-0.0132223
0.368862
0.0861458
0.0648574
-0.255678
0.122531
0.00741755
-0.0377496
0.323193
-0.038226
-0.290036
0.325425
0.0236872
-0.292568
0.0161598
-0.0829436
0.192582
0.126787
0.304774
-0.371059
0.0934796
-0.178637
-0.135044
-0.441347
-0.0367173
-0.0361523
0.0322641
-0.460467
0.170395
0.010178
0.050536
0.117142
0.201198
-0.396777
-0.0139418
0.299591
-0.0291719
0.175933
-0.0968062
-0.115028
-0.054373
-0.138523
-0.0411923
0.0576573
-0.258342
-0.178335
-0.620045
0.0610676
-0.0323515
-0.517178
-0.104643
-0.296436
-0.286059
-0.125618
0.337192
-0.0535138
-0.508128
-0.0396357
0.0927152
-0.111607
0.0605974
-0.0651919
0.0112091
0.0250467
0.362785
-0.147437
0.000153403
0.399774
0.242956
0.0942607
-0.0513494
-0.230823
0.211561
0.406114
-0.163668
-0.0187687
-0.0542182
1.05298
0.105362
0.0688225
-0.0767223
0.107214
-0.110892
0.221224
-0.0585086
-0.244154
-0.337638
0.139451
0.0513104
-0.116886
-0.0747436
0.349825
0.0151981
-0.144591
0.0906374
-0.522336
-0.400355
-0.21962
0.725307
-0.143175
-0.000384703
-0.104289
-0.0253425
-0.106942
-0.103373
-0.398995
0.13403
0.13369
0.0965066
0.428149
-0.236908
-0.0062385
0.000976155
0.0973962
0.16597
0.112933
0.25808
-0.12646
0.0416752
-0.185291
-0.549335
0.013104
-0.22311
0.185701
-0.205398
0.21916
-0.10106
-0.256038
0.0550004
0.156343
-0.108164
0.0224639
-0.350594
-0.0823445
-0.104503
0.249079
-0.0687676
-0.588136
-0.158744
-0.22353
0.271702
0.466516
0.348902
0.119838
-0.100453
0.131232
0.0375036
-0.0882179
0.295094
0.0427789
-0.0894826
0.149904
0.141179
0.0401538
-0.0342022
0.0549598
-0.0474698
-0.0805946
-0.0753356
-0.160896
0.00199573
0.0250797
-0.947221
-0.215522
-0.018437
-0.0677329
0.230246
0.420912
0.376985
-0.0188844
0.198827
0.0445919
0.310345
0.113049
0.251041
0.273791
0.138529
0.22398
0.123242
0.0814816
-0.454605
-0.352362
-0.0160614
-0.0199658
-0.235882
0.161299
0.0373832
0.337804
-0.201291
-0.201783
-0.357431
0.106509
0.495851
-0.297239
-0.00208347
0.0111031
-0.053642
-0.303134
-0.364259
0.0388538
0.426233
0.0467725
0.0169806
-0.0188677
-0.205131
0.17867
-0.0264937
-0.0264927
-0.0823086
-0.0743967
0.0148877
-0.172018
-0.0827572
-0.190406
0.0724062
0.0765959
-0.171934
-0.334392
-0.13184
0.0428435
0.245361
0.658847
0.223577
-0.0328599
-0.298285
0.0525098
-0.0702362
0.0184437
0.103264
0.194202
0.0697624
-0.144794
-0.0725043
0.0654889
0.284512
0.055102
0.245635
-0.240935
0.0258275
-0.324989
-0.122881
-0.0549542
0.0463391
0.596539
-0.0602392
-0.337453
0.0817926
-0.120373
0.0793491
0.062495
0.0868314
0.108393
0.0850739
0.118198
0.0815173
-0.0864201
0.0391914
-0.113061
-0.0190603
-0.0264597
0.0162065
0.132329
0.568738
0.238987
-0.549491
0.235959
-0.202885
-0.329285
-0.153057
-0.238043
0.111502
-0.152198
0.111165
0.0363593
-0.204212
-0.12271
-0.238726
0.300943
0.495841
0.0113578
-0.214752
0.00162367
-0.0698137
0.0805477
0.149175
0.0426078
-0.00645665
0.102826
-0.00569242
-0.0241726
-0.261592
0.193709
-0.111638
-0.00249779
0.20588
-0.132872
0.525083
-0.293899
0.0747209
0.30361
0.740981
0.0541308
0.0237586
0.195766
-0.233047
0.015418
-0.110631
-0.00662416
-0.0837859
0.426657
-0.271531
0.158499
-0.249206
0.744997
-0.0518215
-0.507584
0.00537749
0.242436
0.0514083
-0.175188
0.0323716
0.0521592
0.0231498
0.0232432
-0.197647
-0.0508294
-0.175123
0.0742508
-0.00729918
0.165574
-0.252654
-0.0208676
-0.0877736
0.138734
0.156146
0.221406
-0.00363863
-0.096273
-0.0768383
0.00740234
0.0213632
0.0300701
0.176997
-0.196573
-0.137594
-0.20069
-0.0909552
0.163665
0.104687
-0.240601
-0.00761915
-0.252966
-0.172615
0.239938
0.0407831
-0.0664358
0.0480348
0.0435337
0.15902
0.159736
-0.114911
0.145451
-0.219518
-0.141419
0.260287
0.211104
0.178677
0.0496701
-0.044602
-0.5201
0.0974081
0.273994
0.331664
0.000700113
0.0492646
0.110834
0.393304
-0.317427
-0.561688
-0.0448322
0.0495223
0.0497563
-0.15139
0.0168819
-0.0876381
-0.0355673
-0.156149
-0.13704
0.0359382
-0.634148
-0.0726765
-0.0162761
-0.210222
-0.078561
-0.166817
-0.081063
-0.00725233
0.799511
0.0597754
0.216865
0.0796833
-0.040712
-0.167295
0.199308
-0.211957
0.0395222
-0.04636
0.0616258
-0.170325
0.0343508
-0.112619
-0.281209
0.189865
0.0689831
-0.147548
-0.0386076
-0.082774
0.602554
-0.0693187
0.048643
-0.0341303
0.192049
-0.173149
0.0521223
0.28314
-0.501148
-0.838388
-0.429514
-0.33137
0.224749
0.0266688
-0.240314
-0.169313
-0.685448
-0.189664
-0.0826409
0.232258
0.00916513
0.113543
-0.0506951
-0.0174314
-0.413768
-0.00977227
-0.0782976
-0.271937
-0.0525549
-0.131333
-0.0459833
0.0672736
0.073805
-0.060682
0.0473564
-0.039947
0.0822991
0.220817
-0.299708
0.0778372
-0.176687
-0.237855
0.569425
0.184291
-0.487311
-0.115849
-0.58551
-0.0218947
0.204885
0.200832
0.0724064
0.0118884
-0.0420332
-0.047262
0.232709
0.00147281
-0.404507
0.396005
-0.277006
-0.182322
0.336369
0.0405614
0.0958586
0.237032
-0.0826184
0.0143297
0.27395
-0.209018
0.160924
0.466174
0.0661469
0.0456597
0.0725559
0.0865979
-0.00880675
-0.00123585
0.135389
-0.0402046
-0.0586111
0.266031
0.638956
0.5544
-0.214734
0.00489503
0.0101661
-0.360631
0.00183271
0.35824
0.0176614
0.23133
0.134216
-0.0490717
0.222462
-0.179328
0.0192302
0.107544
0.0697877
0.330075
0.386183
0.321816
0.065771
-0.304846
-0.128041
-0.0251974
0.00452189
0.0219537
-0.268021
-0.087529
-0.130486
0.0287133
-0.407137
-0.135173
0.138173
-0.118866
0.239162
-0.00182582
0.12328
0.0187715
-0.0127125
-0.0963664
0.0797128
0.214135
0.0900184
-0.184259
-0.223431
0.399611
-0.0198158
-0.0251509
-0.288693
-0.356167
-0.0678018
0.29949
0.0552972
0.343389
0.0324614
-0.166272
0.470591
0.0933027
0.00284618
-0.0845814
-0.135754
0.0143834
-0.0557159
0.527112
0.704835
0.385288
0.0047313
0.438111
0.0153413
0.0527217
-0.237112
0.042704
-0.203395
0.068217
-0.0183649
0.305327
-0.0537637
-0.489724
-0.13446
-0.28223
0.0315759
-0.0302807
-0.0481249
-0.2922
0.359368
-0.0276155
0.107805
0.095639
-0.00806329
-0.000347924
0.0956361
-0.239197
-0.0232518
0.341744
-0.0224606
-0.385755
-0.252401
0.213401
0.434085
0.00864869
-0.118831
-0.288278
-0.0127739
-0.000676818
-0.061948
-0.143902
0.269714
-0.207234
-0.028144
-0.241895
-0.110885
-0.372459
-0.406173
-0.135225
-0.0339912
-0.602177
-0.553121
0.0525962
-0.0155269
0.31799
0.012614
-0.121636
0.0551879
-0.358622
-0.144007
0.00374655
-0.0756842
0.0329618
-0.0658582
0.0263812
0.215407
0.0400832
0.0565981
0.0377698
-0.34259
0.0707937
-0.173442
0.221445
0.188522
-0.451216
-0.0389953
0.0175277
0.256193
-0.00363113
-0.163556
-0.1604
-0.0197579
0.0110772
-0.313194
-0.125953
0.0502547
-0.03897
0.135889
-0.140777
0.00709528
0.0245565
0.251065
-0.142021
-0.131874
0.107899
0.0248909
0.099281
0.474985
-0.297128
-0.226549
0.0573773
-0.22145
-0.105933
0.0543933
0.220368
-0.266903
-0.106053
0.126154
-0.47499
-0.00778397
0.376657
0.315536
0.0150854
-0.0849983
-0.233182
-0.295586
0.127824
0.163317
-0.123075
-0.00581269
0.030157
0.105364
-0.149417
0.115354
0.236333
0.296769
0.0838663
0.530561
-0.0985681
-0.53873
0.0227347
0.179036
0.174476
0.395402
0.214055
-0.0793908
0.0875877
-0.0744937
-0.566118
-0.0497652
0.0940318
-0.10019
-0.150834
-0.0949097
-0.36822
-0.361053
0.224589
0.0690663
0.0173672
-0.0536724
-0.143491
0.0442942
0.1833
0.0717387
-0.192336
-0.065794
0.310813
0.534124
-0.322313
-0.00875307
-0.15303
-0.324114
-0.101403
0.184593
0.0218247
-0.019015
0.0817686
-0.420081
0.00634644
-0.230347
-0.136448
-0.177219
-0.155981
-0.0994781
0.0285837
0.626022
-0.282416
0.0964552
0.0811616
-0.0518289
0.15098
0.511202
0.0811284
0.188577
0.0222357
0.823268
0.322315
-0.116274
0.297147
-0.0243757
0.12947
-0.00365621
-0.319099
0.0280629
-0.0544045
-0.217821
0.154338
-0.105176
-0.0862261
-0.165784
0.371762
-0.03124
-0.0715006
0.0397504
0.191994
0.171668
0.356701
0.0614785
0.0992158
0.273525
0.315327
0.430514
0.323725
-0.00545125
-0.288733
0.26427
-0.0424032
-0.0731711
-0.0681216
0.371543
-0.00753639
0.174577
0.317424
0.345489
-0.173388
0.577555
0.13351
-0.0805611
0.0139829
0.602919
-0.0423718
-0.0163357
-0.0445676
0.0478544
-0.541476
-0.0129288
-0.181224
0.0662232
0.0380107
0.106201
0.490939
-0.129112
-0.105127
-0.0605844
-0.0856882
-0.297276
0.0508757
-0.186914
0.0799618
0.320634
0.131651
0.104126
-0.176066
-0.367283
-0.124953
0.0574181
-0.174596
-0.0153557
0.496133
0.307711
-0.148504
0.0539008
-0.0144877
0.536927
0.563945
0.388885
0.243128
-0.182404
-0.100042
-0.226049
-0.239426
0.331646
-0.00384361
-0.0199908
-0.0424611
-0.0353927
-0.0526616
-0.199561
-0.441563
-0.0569263
-0.196411
-0.0830601
-0.160289
-0.00922908
0.0496327
-0.00866773
0.134118
-0.393059
0.167916
0.191875
0.0938749
-0.345208
0.0292185
-0.0793432
-0.012072
-0.108748
0.0318421
-0.231703
-0.304158
0.299263
-0.158063
-0.0280452
0.084713
0.404651
0.181129
-0.0344516
0.203971
0.159363
-0.0726283
-0.238659
0.352043
-0.0892839
0.0444436
0.0811563
-0.036903
0.184131
0.241624
0.00544581
0.0508849
-0.108047
-0.0751321
-0.435366
-0.103946
-0.453064
-0.385126
0.194295
0.0447427
0.325047
0.027436
0.0979796
-0.229495
-0.205191
-0.0136693
0.242067
0.0201636
-0.0275096
-0.22273
-0.130825
-0.0115048
0.183865
-0.0703792
0.0161053
-0.310944
-0.335124
-0.433725
0.0916365
0.632843
-0.406152
-0.0874515
0.0325716
-0.0720617
0.2446
-0.078278
-0.0843308
-0.14631
0.160495
-0.116357
0.0996657
0.0519165
-0.249011
-0.243029
-0.144466
0.599102
0.0399934
0.192821
0.0572427
0.212729
0.231926
0.0513454
0.0561348
0.0930722
-0.0930309
0.102296
0.0245065
0.0266573
0.112112
0.00800841
0.0143425
0.13872
0.0582339
-0.014853
-0.176961
0.110546
0.132598
-0.155899
-0.031122
-0.00126605
-0.0206656
-0.130957
-0.13839
-0.0356126
0.212273
0.0965934
0.0274063
0.0293016
0.57798
0.0349988
-0.0580178
-0.212761
0.662473
0.391812
0.374047
0.308637
-0.0127675
-0.259234
0.133664
-0.419083
0.100905
0.10867
0.494727
-0.120226
-0.0760631
-0.0330603
-0.045023
-0.475445
-0.0188845
-0.138759
-0.375322
-0.323463
-0.0594683
-0.0259264
0.107696
-0.34943
0.0110261
0.126186
0.314138
0.0176713
-0.0282556
-0.175451
-0.0478336
0.39348
0.325385
0.0996932
0.364369
-0.0345114
-0.0965131
0.0776664
0.0697545
-0.315502
-0.0518076
-0.187443
0.0234119
0.00311712
-0.135552
-0.154438
0.268515
-0.196636
0.101338
0.174386
0.215908
0.00694516
-0.0884023
-0.0649286
1.03345
0.490147
0.263671
-0.201254
0.492917
0.166785
-0.461252
0.020685
0.821514
0.364424
0.0542141
0.106111
-0.222735
-0.0369617
-0.276091
-0.104868
-0.244574
0.114522
-0.0869673
0.047171
-0.206379
-0.246982
-0.00214672
0.337227
-0.143545
-0.143624
0.0373972
0.0112466
-0.177152
0.282563
0.0798462
0.26041
0.0346601
0.073816
-0.0812234
-0.342741
-0.138205
-0.0086811
-0.0711825
0.069273
-0.243855
0.00727638
-0.268625
-0.716131
-0.216937
0.15971
-0.151284
0.0475846
0.251675
-0.182957
-0.15118
-0.688193
-0.26581
-0.374781
-0.199014
0.125452
0.0350011
0.208737
0.137809
-0.112642
0.422893
0.232742
-0.00149336
-0.246409
0.165195
-0.0107137
-0.182736
-0.147329
0.0584657
0.0540744
-0.186089
-0.0221089
0.237808
-0.00330568
0.310635
0.0563273
-0.118094
0.156796
0.41967
-0.0100427
0.122103
0.0984091
-0.159537
-0.215484
-0.266456
-0.345283
0.110386
-0.175194
-0.46592
-0.087256
0.408453
-0.27069
-0.0297724
-0.276722
-0.221468
-0.179893
0.133995
0.205057
0.193143
-0.0999918
0.0404528
-0.0689759
0.232589
-0.121662
0.0141658
0.123386
0.341494
-0.1194
-0.137999
-0.0475654
-0.541718
-0.246316
0.043528
-0.0758734
0.0705192
-0.0488091
-0.309414
0.517472
0.143013
0.248278
0.188327
-0.00681184
0.016199
0.0169614
-0.257143
0.0488841
-0.280762
0.146511
0.515552
0.0298461
0.100594
-0.307752
0.0672396
0.183649
-0.121839
0.0202533
-0.387518
-0.379623
-0.346789
-0.315585
-0.711846
0.213869
-0.0409396
-0.349286
-0.27498
-0.278084
0.363714
-0.0643688
-0.51245
-0.114165
0.0721888
0.160008
0.149573
0.140514
-0.0612777
0.210472
-0.0733696
-0.308631
-0.226097
0.0458445
0.0852331
0.286507
0.0753283
0.331224
0.29716
-0.0559305
0.0200119
-0.0240558
0.0490166
0.12491
-0.470341
-0.119597
0.0031172
-0.0740092
-0.342631
-0.147569
-0.00587623
0.0128924
0.318331
-0.0837362
0.167086
-0.117218
0.0750102
0.0291556
-0.0628303
-0.107103
-0.0748069
0.144812
0.0924724
-0.198764
0.0684657
-0.101576
0.844055
0.192379
-0.0542769
0.116278
-0.124306
-0.0169838
0.062487
-0.222836
-0.0293707
0.115987
-0.413721
0.319626
0.363077
-0.250027
0.0724669
0.467869
0.0846362
0.0839485
-0.196228
0.258426
0.156491
0.350988
-0.167693
0.178318
-0.253061
0.0472424
-0.105607
-0.105923
-0.150331
-0.0558443
-0.653102
0.200422
-0.0184941
-0.022017
0.0374738
0.413367
0.138731
-0.045187
0.0591006
-0.0399553
-0.162179
0.0148212
-0.121943
-0.250363
-0.285847
-0.0500804
-0.0583906
-0.0556184
-0.141611
0.0256364
0.435297
0.266599
0.104603
0.105851
0.215468
0.0784478
0.0860693
-0.174513
-0.0524386
-0.0543534
-0.2143
0.0760012
0.183437
-0.264583
-0.0548704
-0.105323
0.0799682
-0.0575335
-0.0340569
-0.103443
-0.236528
0.103261
0.281559
0.153638
0.0234402
-0.295115
0.0463987
0.0657223
0.0791875
0.0237638
0.433883
-0.357811
-0.0209894
0.100367
-0.883212
-0.173858
0.421732
-0.0184274
-0.0359551
-0.361237
0.0740355
-0.218755
0.0683729
-0.224528
-0.229405
-0.0966688
-0.104688
0.312046
0.111878
0.0468221
-0.0719501
-0.0644806
0.0503367
0.0820401
0.0372358
0.0611438
0.916522
0.270658
0.0744232
-0.0829319
0.129247
0.107298
-0.218257
0.0836638
-0.237011
0.00363373
-0.0425756
-0.0859584
0.0269384
-0.517989
-0.0672134
-0.0363355
-0.19387
0.000161558
-0.0736336
0.000955608
0.131494
-0.210212
-0.0732858
0.0678646
0.508281
0.0555099
0.213516
-0.184607
-0.0646972
0.721467
0.669022
0.0988189
0.102239
-0.0872098
-0.403011
0.165703
-0.0912419
0.105864
0.0395725
-0.325059
-0.194797
0.0128455
-0.363315
-0.0932167
-0.391835
-0.355247
0.202499
0.0147882
0.0424034
-0.138478
0.126414
0.282247
0.0296874
-0.538586
-0.0753645
0.0317312
0.134597
0.145045
0.14565
-0.0282519
0.312514
0.239122
0.183884
-0.238168
0.0865066
0.24639
0.126746
0.57027
0.0832779
-0.0270669
0.124464
0.121916
-0.523773
0.0703507
-0.135326
-0.123959
0.322357
0.0748797
-0.046952
-0.250224
-0.431177
-0.362208
-0.0799835
0.0726044
0.00505355
0.387737
-0.0942856
-0.192126
-0.174323
-0.00983891
-0.0274362
-0.184056
-0.0518424
-0.0073382
0.303629
-0.0197946
0.380731
0.0154998
-0.134989
-0.206405
-0.170711
0.012703
-0.0211159
0.0674543
-0.0391103
0.248887
0.109983
-0.146804
-0.235587
0.319175
0.466622
0.20022
0.0382801
0.202602
-0.211152
-0.0183419
-0.177001
0.0909785
0.0642883
0.14382
-0.0456402
-0.00284145
0.169026
-0.0121221
-0.0550982
-0.199009
-0.210334
0.0125217
-0.161462
-0.153204
-0.0386919
-0.128674
-0.146197
0.109502
-0.0363977
0.0759683
0.0388921
0.15758
0.223745
0.348203
-0.0589566
-0.05928
0.210947
-0.00713752
-0.158719
-0.0891755
0.171631
-0.0886217
-0.111744
0.0287452
-0.137358
-0.140487
0.1355
0.110584
0.153303
-0.0284145
0.0129159
0.10976
0.215179
-0.0432586
-0.169691
0.0353343
-0.0905144
0.170407
-0.0333157
0.0284164
0.156055
0.14965
-0.0568058
0.0675013
0.048168
0.0303755
0.0778585
-0.0184947
0.0841451
0.132937
0.0908831
0.0874178
0.350864
-0.0807542
-0.636358
-0.244518
-0.0556985
0.29385
0.500575
0.396354
0.0921322
0.241194
0.461764
0.115485
0.0544441
-0.450967
0.0144566
-0.0198632
-0.332897
0.0517873
-0.00685656
0.0111833
0.0481913
0.198544
-0.0189209
0.31221
-0.458131
-0.20536
0.0645451
0.229791
-0.392942
-0.171976
-0.2517
-0.142651
-0.165603
-0.353082
-0.0503845
-0.233641
-0.113141
0.0295166
0.327411
-0.0399926
0.475661
0.190168
0.282291
0.199483
0.0212033
0.158134
-0.0294168
0.0896686
-0.054426
-0.105607
0.128309
-0.0713225
-0.0517893
-0.0766502
0.198652
-0.0307868
0.0954236
-0.110326
0.332977
0.714634
0.164357
0.229449
0.0136093
-0.182231
0.0887656
-0.0113803
0.165352
0.0843852
0.0194999
-0.493
0.16716
0.39312
-0.116813
-0.0705341
-0.0015918
-0.00689368
-0.339502
0.0639922
0.0226812
-0.193651
-0.0148884
0.0833224
-0.0248587
0.130889
0.180223
-0.0243811
-0.439358
-0.0928005
-0.176387
-0.333546
0.0838602
0.0182559
0.00667911
0.214743
-0.0470007
-0.016887
-0.270481
0.153142
-0.0804232
0.0797628
0.0643773
-0.266384
0.114574
-0.777121
-0.348721
-0.84158
-0.26186
-0.187819
-0.32581
-0.197571
-0.107281
-0.0829205
-0.0688886
-0.176147
0.218107
-0.0335092
0.071328
0.0205534
0.018489
-0.200601
-0.0818826
0.324613
0.215068
-0.157621
-0.125345
-0.128814
0.0513642
0.176589
-0.0558484
-0.000290241
-0.274784
-0.560475
-0.189252
0.00424873
0.311156
0.222039
0.0970559
0.0405429
-0.243599
0.0924909
-0.14036
-0.321069
0.480033
-0.0913918
0.0899329
-0.320884
0.241533
0.0175423
0.203719
0.150897
-0.263654
-0.18928
0.027674
-0.226361
0.180647
0.29489
0.176328
0.365178
0.148537
0.0691397
-0.186589
0.198061
0.566851
0.135262
0.00127703
-0.102004
-0.128714
-0.290759
-0.0456599
-0.155516
-0.0793876
0.0316771
-0.06831
-0.114528
-0.248887
0.309899
0.136859
0.0917875
-0.0447219
0.147859
0.0763403
-0.13053
0.0370374
-0.122036
0.383247
-0.109033
0.0646949
-0.0439901
0.101729
0.179018
-0.120466
-0.0783352
0.223055
0.36479
-0.280758
-0.0376748
0.12902
0.198505
-0.268507
0.200816
0.0853182
-0.0725456
-0.509735
-0.21943
-0.184225
0.0185031
-0.0567718
-0.128841
-0.333532
0.0413952
0.363743
0.193683
0.417073
0.425719
0.06333
-0.243842
-0.0626687
-0.368669
-0.347444
-0.0555461
-0.153091
0.0481636
-0.24956
-0.0469133
0.307089
-0.00363308
-0.143315
0.0451741
0.118143
-0.279594
-0.451991
-0.200981
-0.152207
-0.135508
-0.132599
-0.05113
0.153101
0.121295
0.0666496
0.0680104
-0.3135
-0.0745231
-0.241343
0.00215824
0.488562
-0.181107
0.018309
0.136969
-0.15426
-0.0637157
0.10611
0.180408
0.0233493
0.280352
-0.234444
0.119348
0.0174847
0.116407
-0.0709012
0.0968842
-0.285983
-0.907521
0.0807574
-0.0735681
-0.0104692
-0.429434
-0.268513
-0.0479418
0.165738
0.297935
-0.0194926
0.0956276
0.0503404
-0.0068207
-0.0654707
0.486275
0.229777
0.234184
0.423541
0.193259
-0.338005
0.116408
-0.296015
-0.0261146
0.101595
0.307599
-0.08662
-0.087013
0.0396989
-0.196421
0.223528
0.662185
-0.0637492
-0.326017
-0.368792
-0.572982
-0.0562209
0.154925
0.0289173
0.337262
0.259136
-0.249124
-0.349521
-0.146198
-0.143138
0.147573
-0.355396
-0.0134038
0.0759447
-0.0288004
-0.0249239
-0.0412386
-0.456023
-0.0869239
-0.280496
-0.28953
-0.132678
0.261335
0.322497
-0.000614561
-0.43999
-0.356218
-0.0396867
0.142034
0.112553
0.298559
0.0972427
0.495494
0.255385
-0.0970712
0.13161
-0.0222066
-0.18169
0.305552
-0.231136
0.171131
-0.0818498
-0.307023
0.00512836
0.113852
0.037578
0.0777133
0.133341
-0.0728265
0.250813
0.260922
-0.40019
-0.222635
0.624073
0.10351
0.146717
0.127827
0.2793
0.0323788
-0.0256332
0.144562
-0.0837328
-0.346556
0.0750715
0.0725126
0.224711
0.259352
0.457005
0.246343
0.265332
0.246047
0.268156
-0.0211729
0.122105
-0.191202
0.144412
0.346361
-0.140905
0.0044988
0.00535817
-0.115756
-0.19216
-0.673922
0.0149263
-0.0969902
-0.0458651
-0.100045
-0.034562
-0.0784824
-0.0546214
-0.0520344
-0.10342
-0.268528
-0.00323321
-0.419856
0.398526
-0.0232829
-0.309787
-0.323776
0.128946
-0.0816288
-0.0885023
0.286772
-0.0857352
0.44126
0.682828
0.223437
-0.197241
-0.090746
0.0638237
-0.00759587
-0.0221605
0.0259687
-0.245952
0.0122138
0.0593403
-0.227012
-0.0027021
-0.187424
0.266374
-0.0696584
0.489377
-0.00274222
0.30903
0.0229825
0.109851
-0.366943
0.101072
-0.1907
-0.516606
0.186208
0.0916266
-0.0372809
-0.0433471
-0.0870442
-0.0222435
-0.0403884
0.19187
0.323772
0.490161
0.506377
0.585673
0.415234
-0.0930812
0.217792
0.263263
-0.171901
0.317149
0.0703562
0.344052
0.000953286
0.285383
0.340164
-0.014885
0.0491159
-0.0454256
-0.123676
-0.0796952
0.147281
-0.00367155
-0.287833
-0.100823
0.290739
0.0124676
0.0599844
-0.234094
-0.210526
-0.271902
-0.310847
0.174501
0.0914385
0.10185
-0.0635356
-0.110908
-0.150273
0.310207
-0.169254
-0.00789997
-0.176755
-0.236611
-0.362139
-0.170066
-0.281082
-0.247251
0.0805103
-0.292942
-0.0601199
-0.0527211
-0.243591
0.257982
0.0848507
-0.0504231
0.132111
0.0714774
0.275767
-0.183371
0.0109835
-0.0397205
-0.110788
0.183961
0.13711
-0.0269954
0.0197344
0.0687571
0.120093
-0.0351683
0.583434
0.132271
0.227276
0.104703
-0.0334196
-0.0933481
0.0775572
0.111617
0.218933
0.237837
-0.235477
-0.00481234
0.178868
0.0106637
0.112048
-0.158194
-0.352537
-0.0490158
0.110683
-0.26645
0.136428
0.108835
-0.206253
-0.35622
-0.329657
-0.109017
-0.259429
-0.394672
0.272135
-0.573595
-0.142958
0.145995
-0.460426
0.000743746
-0.398734
-0.621641
0.218591
-0.0313362
-0.0295768
0.270426
0.179632
-0.345711
-0.246231
-0.0668695
0.118008
-0.244902
-0.52079
0.00882917
0.0243186
0.0741112
0.184232
-0.00912714
0.0343699
0.183146
0.0745208
-0.0333869
-0.0240287
-0.0402982
-0.134292
0.0941935
0.154502
-0.186798
0.170543
-0.0624942
-0.231449
0.0980846
0.0449553
-0.204877
0.0777356
0.0459557
0.443568
0.0155484
-0.469105
0.360246
0.347096
-0.0152837
0.043572
0.0375168
-0.258332
-0.215875
-0.246504
-0.262725
0.0708439
-0.843802
-0.17653
-0.191512
-0.0531808
0.296375
0.0505146
0.0111599
-0.0576928
0.145843
-0.00364634
0.275008
0.21145
-0.0749521
0.299076
-0.197367
-0.0475021
0.161792
-0.592521
0.128648
0.336448
0.00788697
-0.130579
0.124186
0.374263
0.0370133
0.198149
0.0247467
0.0214341
-0.533389
0.00234786
0.117603
0.137675
0.338873
-0.18725
0.122614
0.113428
-0.0940539
-0.0922037
0.290026
-0.198771
-0.249303
-0.0275117
0.288707
-0.165889
0.150913
0.478831
0.128419
0.118199
-0.114134
-0.164619
0.00279465
-0.0930748
0.107595
0.0807021
0.106002
0.281963
0.0950269
-0.106306
-0.203439
0.0741895
0.042417
0.0704775
0.460218
0.423159
-0.145996
0.459051
-0.0501735
-0.331001
0.0121665
-0.0658867
-0.149084
-0.133406
0.409312
-0.349974
0.0136526
0.151391
0.0994799
-0.0606899
-0.176448
-0.229751
-0.0669555
0.205797
-0.0290435
-0.196469
0.124158
0.0431622
-0.0248739
-0.536756
-0.445441
-0.154257
-0.341962
-0.0747537
-0.00203082
-0.10047
-0.230241
-0.203441
-0.00700864
0.572373
-0.0101655
-0.0419344
-0.118838
-0.0384203
0.0462482
0.338845
-0.464591
0.060034
-0.184424
0.0119394
-0.211954
-0.00793343
0.0172629
0.162341
-0.140866
-0.0690769
0.0183981
0.0940387
0.16989
-0.0368064
0.597033
0.0730393
-0.283879
-0.551828
0.0187336
-0.0536869
-0.0380174
-0.0871416
-0.0400949
-0.221241
-0.0793165
-0.0895876
-0.0443838
0.40221
-0.618902
0.0235736
-0.0296931
0.116907
0.124206
-0.251091
-0.150675
-0.121677
0.121797
0.0474047
-0.00391933
-0.151454
-0.138186
0.106581
0.0163189
-0.167936
-0.12545
-0.149117
-0.146145
-0.128216
0.108375
0.286485
-0.163396
0.140995
0.0479513
-0.0497062
0.021932
-0.0374259
-0.423222
0.0652803
-0.491141
0.0629344
-0.469711
-0.0716173
-0.109103
-0.326922
0.0598334
-0.267209
0.154187
0.0898517
0.0682058
-0.0276692
-0.0841648
0.208672
-0.192385
-0.110451
0.0673315
-0.115303
-0.115056
-0.135077
-0.328717
