0.151662
0.0277034
0.38084
0.721084
0.0453634
-0.0141356
0.131637
0.135079
-0.0300598
0.193366
0.0680425
0.00840649
-0.154231
-0.279716
-0.216313
-0.35468
0.522928
0.458731
0.376444
0.191427
0.119854
0.462358
-0.27775
-0.185919
0.179086
-0.105426
-0.395289
0.0742491
0.208189
0.0743434
0.444749
0.0654435
0.137151
-0.0303714
0.189268
0.446206
0.202211
-0.170952
0.200212
0.419022
-0.144325
-0.0784759
0.181032
-0.315402
0.0166314
0.367787
0.147602
0.226325
0.0656206
0.0547528
-0.240975
0.169057
0.0271838
0.00865996
-0.07136
-0.0414994
0.0226982
0.292341
0.0107852
-0.027525
0.0608845
-0.0587962
-0.22979
-0.048626
0.153737
0.21883
0.154021
0.152497
0.137408
0.0406461
-0.0605861
-0.0271497
-0.0218334
-0.00856914
0.239378
0.0825603
0.171661
0.0385683
-0.330696
-0.0729108
0.189606
0.252469
0.650789
-0.0327593
0.101206
0.367358
-0.19829
1.02433
0.978389
0.32023
-0.274626
-0.554194
-0.0854624
0.0770984
-0.074042
-0.090003
0.184823
0.151498
0.164392
0.122646
0.497335
0.477341
0.0935379
-0.157867
0.754357
0.0617107
-0.0245821
0.049789
0.0686352
-0.452164
0.14759
-0.0496994
-0.0432876
-0.172925
-0.18265
0.028245
-0.209645
-0.107953
-0.204962
0.114518
-0.00483332
0.265703
0.235123
-0.152025
0.24882
-0.307247
-0.100875
-0.00418046
-0.165383
0.387208
0.0885114
-0.392472
-0.280631
-0.275357
-0.148534
0.0146512
0.0384927
-0.0920496
0.117461
-0.0903218
-0.232076
-0.021954
0.120024
0.362743
0.0859101
0.273998
0.00693773
0.213733
0.117098
0.165579
0.0934628
-0.29774
0.0858153
0.457931
0.0502071
-0.267784
-0.0723196
-0.119432
-0.0926315
-0.106655
-0.144137
-0.0517641
-0.0297657
0.16223
-0.32284
0.0210231
0.211015
0.302902
0.325785
0.0609851
0.168922
0.0593475
0.269748
0.177743
0.0902699
0.401989
-0.0613837
-0.0726314
0.33154
0.589965
0.238929
0.227612
0.193394
0.0406257
0.0311947
0.242895
0.409105
0.12786
0.620189
0.0999498
0.436116
-0.0224019
0.0662282
0.25902
0.359764
0.23761
0.054784
-0.0178178
-0.335231
-0.0294479
0.50186
0.0585411
0.0134294
-0.269011
0.364394
-0.255768
0.0763008
0.113666
0.27122
0.186002
0.231766
0.302161
1.00853
0.21648
0.282926
0.0508894
-0.0114017
0.0779487
0.0507949
-0.116373
0.102646
0.110688
0.012691
0.0801603
-0.58776
0.0419048
0.0299141
0.16432
-0.197269
-0.0587596
0.132469
0.745581
0.135695
0.0792616
0.352618
0.0527895
0.0801456
0.109606
0.20279
0.392415
0.191533
-0.0958839
0.102957
0.319479
0.539703
0.0948498
0.116399
0.0761357
-0.111554
0.1879
0.427581
0.832793
-0.133847
0.330762
-0.131312
0.0934227
0.253657
0.14095
0.153564
0.0757241
0.471108
0.157165
0.244248
0.0424408
-0.0974392
0.13094
0.00276779
0.216121
0.00949961
0.477019
-0.199336
-0.0469545
0.0256047
0.22532
-0.0738545
0.293796
0.299555
-0.33098
0.260037
-0.0692009
0.0181034
0.743562
0.108567
0.161954
0.403279
0.198562
0.455163
0.0106489
0.462351
0.550573
-0.0981042
-0.248476
0.323508
0.150011
0.320887
0.0172884
-0.132879
-0.282095
0.0379008
0.0921649
0.274235
-0.104196
0.190987
0.495661
0.10332
0.148083
-0.288328
0.234492
0.433827
0.627236
0.0472015
0.528667
0.137516
0.31892
0.195098
0.37466
0.0229885
-0.0196987
-0.000616144
-0.410111
-0.216388
0.0959082
0.174005
0.438097
0.219643
0.281781
0.0274588
-0.315984
0.0512852
-0.0223706
0.28121
-0.0692256
-0.0946714
-0.00223043
0.163868
0.197882
-0.174975
0.169592
-0.228753
0.182004
-0.023388
-0.0514098
0.220507
0.0891225
0.175082
0.205625
-0.0552782
-0.0491533
0.142565
0.385081
-0.0673886
-0.0831179
-0.187052
0.0708254
0.221008
-0.153936
0.402702
0.105625
0.125616
-0.113185
-0.0318996
0.160218
0.300575
0.143769
0.183271
0.0660771
0.13143
-0.145031
-0.104955
-0.700345
-0.0894472
0.108644
0.207012
0.206085
-0.160051
0.0285623
0.284368
0.168713
-0.206553
-0.11759
-0.0357234
-0.366737
0.2141
0.338243
0.14252
0.0887117
0.309513
0.15959
0.082906
0.00885003
0.0980176
0.217659
-0.113074
0.119354
0.188984
-0.153488
0.0291632
-0.0784586
0.132609
0.0825142
0.337643
-0.0686903
0.00403834
-0.0742115
0.0735209
0.06773
-0.00954976
-0.199763
-0.0913095
0.319242
0.130206
0.0617492
-0.0206387
0.370649
0.246931
0.179371
-0.0249221
-0.0901624
-0.056895
0.340809
0.312754
-0.256868
-0.319013
0.108525
0.18982
0.195669
0.297828
-0.00725554
0.209819
0.143424
0.0322149
0.00514262
0.146825
-0.446179
-0.48321
0.297222
-0.0861175
0.235552
-0.118231
0.265987
-0.121266
0.0484844
0.124717
0.122162
-0.0958002
-0.0959275
-0.0651608
0.113577
0.286778
0.142677
-0.302563
0.0786862
0.183913
0.17175
-0.00246982
0.296438
-0.373924
0.0891621
0.137195
0.324539
-0.0994528
0.177685
0.776357
0.562524
0.497257
0.0858693
0.0205707
0.303576
-0.0190513
0.0830031
0.118114
0.208609
0.239559
-0.0984404
-0.132961
0.562052
0.417408
-0.458501
0.180577
-0.00630034
0.397264
0.140301
0.0200692
-0.0225371
-0.0817518
0.0953107
0.358174
-0.047547
0.0536058
-0.305728
0.632333
0.375214
-0.099136
0.0564487
0.0361537
-0.182569
0.244086
-0.0220997
0.353667
0.0579974
-0.0747678
0.236823
0.121178
-0.177279
-0.0439357
0.258755
-0.00743364
0.251735
0.212305
0.404064
0.102426
-0.153511
0.436118
0.420056
-0.0677366
0.0615158
0.00964859
-0.193136
0.0392395
-0.302654
-0.474614
-1.1622e-05
0.0234563
-0.115322
0.0882032
0.0921127
0.260264
-0.0406045
-0.0739814
-0.145417
-0.044632
0.0930082
0.11378
-0.263525
-0.0225049
-0.0307219
-0.0148414
-0.116182
0.00554357
0.341251
0.276664
-0.448715
0.336742
-0.229853
0.384916
0.26036
0.191196
-0.00934205
-0.0456688
0.0900712
-0.264161
-0.0200398
-0.170788
0.0424655
0.566976
0.227299
0.120316
0.107846
-0.0174935
0.0386059
-0.0605937
0.103129
0.0366294
-0.0955387
-0.225503
0.163277
0.332279
0.0151897
0.0244691
-0.115012
-0.0300422
0.0297935
0.607589
-0.357811
-0.136
-0.0272273
-0.246839
0.282084
0.48898
-0.00269211
0.0584733
0.0648487
0.0686601
0.00166128
-0.048793
-0.161913
0.269273
-0.357709
0.345699
0.0601234
0.181649
-0.204831
0.0383227
0.0942654
0.314781
0.0241164
-0.0581759
-0.0499703
-0.220448
0.0213131
0.163331
0.0107062
0.061003
0.107686
0.122879
0.146284
-0.17579
0.291669
0.22635
0.124616
0.136527
0.0640599
0.110469
-0.226276
-0.205171
-0.225149
0.0289
0.368828
0.369761
-0.246036
0.021613
0.234717
0.04464
0.0617941
-0.0396992
0.304893
-0.321157
-0.0262686
0.12087
0.0456735
0.140196
0.252726
0.0664983
-0.0363763
-0.534393
-0.215912
0.534768
0.486044
-0.21969
-0.300673
0.0813541
-0.18167
-0.128971
0.0586562
0.126085
-0.0504086
-0.264384
0.0321028
-0.0308195
0.202505
-0.0299515
-0.113798
-0.0396931
-0.0231152
0.260732
-0.129419
0.220762
-0.184757
-0.731306
-0.0841847
-0.0116768
-0.0957987
0.107321
-0.0167005
-0.218121
-0.248315
0.100598
0.320001
-0.155647
-0.277059
0.131031
0.390029
0.130391
0.165667
-0.0341164
0.51935
0.189596
-0.135855
-0.145474
0.0523763
-0.10736
0.0574799
0.380793
0.365676
0.162281
0.0713047
0.137787
0.040613
0.338248
-0.1694
0.018004
-0.0834368
0.0849861
0.192517
-0.104452
-0.155769
0.253169
-0.0166996
0.527636
0.173926
0.146273
0.01496
0.0073162
0.197216
-0.148774
0.224721
-0.0251644
-0.0901815
0.120279
-0.354937
-0.0563655
-0.00571319
0.169373
-0.255572
0.039559
-0.127024
0.565064
0.258705
0.335754
-0.0360635
-0.0707134
0.0630196
0.255603
-0.149553
-0.0608034
0.148571
0.355469
0.190405
-0.147795
0.244546
-0.20029
-0.0427581
-0.277218
0.0480932
0.0513617
-0.150104
0.121915
-0.131674
0.108446
-0.0682731
0.114821
0.270407
0.00625774
-0.0794262
-0.293083
0.0037891
-0.0970629
-0.110233
0.0858551
0.4703
0.292235
0.126676
-0.0528656
0.0474291
0.00834455
-0.0973093
-0.0171719
-0.0633985
0.240985
-0.344697
0.0859727
-0.156487
0.0656662
-0.0782529
-0.141324
0.200005
0.1285
-0.279313
0.0558033
0.640517
0.236137
0.131599
0.084431
-0.216934
0.171236
0.109512
0.142836
0.0719823
0.189975
0.0963296
0.127709
0.120937
-0.206782
0.0625865
0.236995
-0.0123726
-0.27242
-0.0306482
0.495621
0.10224
-0.195739
0.390624
-0.038048
0.0965807
0.482513
1.16642
-0.20641
0.185746
0.00866348
0.0339567
-0.197083
0.122236
0.30236
-0.166453
0.444561
0.193573
-0.098865
-0.0220187
-0.149328
-0.190717
0.0124497
0.899576
0.052128
-0.118007
0.108878
-0.0816417
0.352789
-0.029142
0.183349
-0.124731
0.269788
0.375976
0.742237
-0.324769
-0.0708281
0.0887696
0.127162
0.0120421
0.02401
0.0867
0.73634
-0.253977
0.237346
0.0136605
-0.00180508
0.307792
0.0463298
0.240261
0.0707581
-0.197789
-0.056985
0.375299
-0.107747
0.0790674
-0.100579
-0.0286379
0.187958
-0.123594
0.0122045
-0.162131
0.345387
0.228458
0.444458
-0.0160495
-0.175343
0.190683
-0.127386
0.0702815
-0.218296
0.152492
0.307966
0.318046
0.210425
0.209606
-0.00441746
-0.0990547
0.022887
0.00603476
-0.162749
0.0961086
0.0812477
-0.0232595
0.042326
0.134163
0.184222
-0.144847
0.0460959
0.145695
-0.135879
0.153182
0.34694
0.156657
0.0443329
0.0646779
0.119316
-0.0657752
-0.222342
-0.263161
0.205252
-0.123046
-0.0144712
-0.119835
-0.427388
-0.189963
0.0291336
0.235751
-0.172034
-0.137695
-0.0791897
-0.0166455
-0.289547
0.352685
-0.0624836
0.140941
0.19107
0.128273
0.257529
0.216682
0.0557296
0.00504358
0.0916868
-0.275528
0.211517
0.1663
-0.149399
-0.0690263
0.232786
0.086621
0.422909
0.419554
0.239709
-0.0304174
-0.117155
0.0557068
0.164252
0.0123077
-0.0970923
-0.2141
-0.162959
0.0817388
0.116371
-0.0691507
0.0446341
-0.0692259
-0.258558
0.225798
0.217983
-0.520779
-0.0265205
0.203075
0.10177
0.152257
0.0030287
0.073607
0.0705156
0.0770131
0.275483
0.44186
-0.038979
-0.328506
0.0902778
0.0214112
0.025257
0.0626568
0.0218315
0.0470232
0.308893
0.044533
0.153495
0.0952102
0.106133
-0.195076
0.214211
-0.0781102
0.335092
0.174088
0.025867
0.293514
-0.0775346
0.0509521
-0.199402
-0.131509
0.472684
-0.0661101
-0.059368
-0.172395
0.137501
-0.108788
0.0139898
-0.311525
-0.0608176
-0.0344567
0.254788
-0.0141906
0.202135
-0.349674
0.0950858
0.256734
-0.129683
-0.0893769
0.375473
-0.181159
0.14198
-0.00511021
0.125269
0.359583
0.193546
-0.00576203
-0.0228384
0.0931614
0.147789
0.426525
0.0530094
0.583051
-0.300165
0.694921
0.103122
0.158507
0.206639
0.186523
0.131892
0.138915
0.183013
-0.270353
-0.390826
-0.359832
0.265053
0.0878615
-0.161436
0.0384438
0.0853966
0.00324302
0.22741
0.00653055
0.0693397
0.0036753
-0.154799
-0.0772115
0.344588
-0.719409
-0.264922
-0.0465356
0.0510046
-0.0216231
-0.0189548
-0.123639
-0.110875
0.0205884
-0.0664424
0.159916
-0.132587
0.204807
0.0724894
-0.197572
0.283552
0.111601
-0.716488
-0.291619
-0.252747
-0.0216396
0.0789021
0.10987
0.146747
0.121706
-0.0506008
0.00579167
0.062868
0.305343
-0.0266033
-0.033467
-0.0411636
-0.129934
0.163044
-0.284671
-0.0195483
0.065365
-0.151947
-0.218116
0.307102
0.391399
0.424096
-0.201421
0.0147958
0.268323
-0.0418159
0.0875749
0.0510624
-0.154692
0.0866188
0.079018
0.247959
-0.339334
0.144522
0.247406
0.545295
0.213564
-0.248222
0.115481
-0.0710477
-0.0204363
-0.125266
-0.0725866
0.295171
0.137997
-0.19909
0.233379
-0.306693
0.0468927
-0.298575
-0.150991
0.0539945
-0.0507909
0.268352
-0.00319414
0.0412448
0.26368
0.31112
0.101788
0.0814681
0.473114
0.479921
-0.0506482
0.0917866
0.0708923
-0.0417116
-0.307644
0.0715686
-0.139497
-0.0369412
0.133493
0.256407
0.277203
-0.0558748
0.0465856
0.628762
0.14845
-0.208921
0.824671
0.244688
0.210068
0.173835
0.0497288
-0.251325
0.0670934
-0.0515536
-0.0209132
0.0215919
-0.102693
-0.306031
0.114754
0.0857468
0.00675763
-0.134514
0.238464
0.0292162
0.184081
-0.257004
0.00201772
-0.336531
0.124316
-0.128812
-0.216638
0.413221
0.38
-0.0122574
0.518622
0.222481
0.0397614
0.611926
-0.163521
0.0204505
0.378292
-0.109242
0.0749124
-0.0324418
0.0130895
-0.332939
0.303873
0.272985
-0.291512
-0.649302
0.332218
0.279984
-0.0216266
-0.00993427
-0.128464
0.184483
-0.15358
0.540754
0.0146253
-0.162439
0.0249209
-0.108498
0.0397098
0.383521
-0.159566
-0.181598
-0.0963804
-0.07533
-0.0436612
-0.0592825
0.0148836
-0.101397
-0.0293753
0.0172105
-0.103574
0.133832
0.150505
-0.0774487
0.500664
0.167062
0.104267
-0.16624
-0.136055
0.00426809
-0.102948
0.302714
-0.0351759
0.0597594
0.0248749
0.319247
0.0516152
-0.042281
-0.17896
0.101839
0.220716
0.735017
-0.000252916
0.533549
0.0895594
0.106902
-0.254083
0.434692
0.02792
0.17055
0.0694403
0.156556
-0.0625964
0.0568222
0.0417547
0.0356262
0.181585
0.0340134
0.0525217
0.00210474
0.373787
-0.0781071
0.0981191
0.507495
-0.00510016
-0.13748
0.136085
0.477653
0.0754773
0.136929
0.17251
-0.0282088
0.124405
-0.174227
0.098491
-0.206699
-0.0743725
0.0289042
0.228535
0.0314553
-0.0540692
-0.102928
0.251355
-0.619094
0.0311218
-0.407404
-0.443728
0.0224544
-0.474594
0.0704593
0.101998
0.165377
-0.0400053
-0.115893
0.0609875
0.158051
-0.0512338
0.0771202
0.22465
0.104623
0.0846696
0.0338025
0.174187
0.223255
-0.137676
-0.290782
0.160873
0.057051
-0.0520941
0.0288625
0.0504433
-0.149909
0.0186684
0.20551
-0.326167
0.0530028
0.126403
-0.410305
0.0118473
0.0208942
-0.433584
-0.0513529
0.00557017
0.159593
0.159788
-0.0323442
-0.0554353
0.0961838
0.0675292
-0.377028
-0.181391
0.284962
-0.0331026
-0.139216
0.324705
0.225762
0.0790851
-0.0134422
-0.073789
-0.0487608
-0.118346
0.263307
-0.0671004
0.116145
-0.181157
0.0945377
0.294485
0.186375
0.00443509
0.291831
0.283498
0.243963
0.752887
0.259552
0.063596
0.0355825
0.106711
-0.086503
-0.0726224
0.334667
-0.226003
0.0401115
0.0205261
0.136253
-0.127677
-0.139252
-0.0451697
0.0745108
-0.151255
0.29174
-0.0748806
-0.0975829
0.049137
-0.173576
0.053928
0.10784
0.307785
0.20479
-0.105024
-0.0265015
0.192531
0.16934
0.0471091
0.116979
-0.257
0.194088
-0.477652
0.435608
0.159923
0.229188
0.261283
0.172387
0.0406632
0.0845185
0.496064
-0.0626697
0.00459668
0.128922
0.104623
0.0744046
0.0736233
-0.0694267
0.215488
0.185609
-0.0284192
-0.052725
-0.310647
0.102539
0.622663
0.355276
-0.272305
-0.155348
-0.0147964
-0.021893
0.394448
0.191305
-0.0672942
0.0400776
0.0309051
0.583064
-0.338101
-0.340071
0.292406
0.35338
-0.0883874
0.190971
0.457961
0.187528
-0.127678
0.201691
0.23401
0.100276
0.158941
0.295104
0.0702419
0.185871
0.0846833
0.0935198
0.233557
0.334374
0.263197
0.1132
0.151528
0.203692
0.311741
-0.0884245
0.482468
0.0115194
-0.0370162
0.0694251
-0.123362
-0.0144004
-0.249162
0.2649
-0.0299871
0.177757
-0.334772
-0.149717
-0.145059
-0.0333335
0.109124
0.112123
0.0284415
-0.100291
0.156206
0.190616
0.0585722
0.600047
0.313479
0.113213
-0.0772402
0.0473771
0.372855
0.31312
0.453554
-0.252922
0.337139
0.141188
-0.141887
-0.173465
-0.401536
0.121886
0.022855
0.226953
0.0867494
0.112925
-0.0143762
0.0378183
0.053983
0.206963
0.0596123
-0.0704179
-0.0671661
0.243288
-0.0863276
-0.140202
0.54376
0.284881
0.000421485
0.192994
0.225746
0.175027
-0.0225451
0.0591814
0.0103817
-0.0319169
-0.0978933
-0.131866
-0.0058412
0.160792
0.064665
0.298699
0.0871328
-0.161453
0.00645394
-0.136181
0.246119
0.0823219
0.195943
-0.374302
0.123156
-0.00449754
-0.0467286
-0.389476
-0.312141
-0.199355
0.0352488
0.153178
-0.21799
0.0167358
0.0368443
0.0259374
0.0312108
-0.0605502
0.449589
0.168433
0.0171811
-0.0593234
0.138891
0.160933
0.102892
0.0538286
0.162531
0.13855
-0.00518229
-0.0869554
0.271107
-0.262294
0.0190407
-0.0958958
-0.11513
0.387759
0.600376
0.455088
0.398267
0.373515
0.0664864
0.0681688
0.524037
0.301693
0.371185
0.111212
-0.0287017
-0.179618
0.0231751
0.1939
0.181587
0.124704
-0.0591213
0.0133741
0.142553
0.284563
0.443963
-0.0808659
-0.074645
-0.287939
-0.0324134
-0.0202295
0.459723
0.0398101
0.634103
-0.0458543
0.0674413
0.381789
0.115206
0.0146585
-0.0195866
0.294689
0.0412187
-0.230211
-0.118963
0.714813
0.0533439
0.0963222
0.145786
-0.0617964
0.817448
-0.0489709
0.0935944
0.224327
-0.0633547
0.115794
-0.0290648
-0.132943
-0.148956
0.050811
-0.0118927
-0.128352
-0.0948023
-0.0950732
0.111385
0.103709
0.0319517
-0.247317
0.0406305
0.0923687
0.0242318
-0.109569
0.133071
-0.123192
0.364424
-0.184043
0.0510931
0.121829
-0.0317555
0.652865
0.278201
-0.0710466
0.0452409
0.00741072
-0.211847
0.124172
-0.066691
0.0834752
-0.134191
-0.269925
0.034698
0.104978
-0.300143
0.196722
-0.164094
0.246667
0.231021
0.0249017
-0.00307052
0.629838
0.0991005
0.64055
0.0263606
-0.173596
0.159139
-0.122593
0.229031
0.120652
-0.0216368
-0.189491
-0.4111
-0.256489
0.0162876
0.0759603
0.318615
-0.353206
-0.118623
0.0357126
-0.103213
0.157832
-0.0165945
-0.0778439
0.0794771
0.00330832
0.0507122
0.11492
0.158727
-0.00902277
-0.422623
-0.0399491
0.0088295
-0.0119767
0.0603477
0.268809
0.398848
0.0487083
-0.039786
-0.0208497
0.160866
0.0460472
0.0647282
-0.00720594
0.102191
-0.0216508
-0.0156078
-0.113105
0.193083
0.16799
-0.244764
0.365207
-0.18195
0.0294838
0.416654
-0.312483
0.247924
0.0566299
-0.201107
0.100617
-0.000715988
0.158316
0.0907897
-0.0652584
0.110989
0.18163
0.104058
0.294565
-0.0477375
0.250402
-0.0869332
0.118913
-0.0732723
0.128589
0.166183
0.354549
0.010138
0.478184
0.0490222
-0.0485527
0.235257
-0.290741
-0.129827
0.0263006
-0.0592822
0.00525221
-0.0413118
0.24883
-0.186338
-0.0149302
0.00910987
-0.0955885
0.231568
0.367666
0.191071
0.195367
0.500912
0.479683
0.136604
0.0542486
-0.0623938
-0.0123401
-0.0794481
0.385999
0.105216
0.308792
0.173753
-0.000959706
0.178541
-0.0935979
0.198837
0.698111
0.0479458
-0.0929174
0.030584
0.0689898
-0.210314
-0.425296
-0.0753737
0.174094
0.326331
0.52787
0.0229508
0.119431
-0.223184
0.0187442
-0.234282
-0.256688
-0.0939249
0.426901
0.184657
0.162649
-0.0378772
-0.0740411
0.32071
-0.060467
-0.0890759
-0.356251
0.284705
0.355055
0.243218
-0.263381
0.16574
-0.0623833
0.389181
-0.0267575
-0.201154
0.106686
0.29555
0.280254
0.571274
0.424329
-0.0464271
0.27343
-0.281975
0.310617
-0.347223
0.233744
0.18387
0.202435
0.0157885
0.0163355
0.48497
0.980461
0.200749
-0.147082
-0.210245
0.120912
-0.367027
0.141206
-0.305222
-0.130506
0.0031621
-0.0670787
0.0543449
-0.31222
0.145267
-0.138276
-0.173503
0.104424
-0.432765
0.178969
0.114334
0.0697513
0.183486
-0.145103
-0.162156
0.518227
-0.0130853
0.110664
0.239961
0.409192
0.487919
0.27735
-0.16068
0.0867637
0.0277556
-0.0533265
-0.190896
-0.0595219
0.155288
-0.136981
-0.0924694
0.136423
-0.345663
-0.0302904
0.0063765
-0.14494
-0.0784053
0.110545
0.0552029
-0.101096
-0.024998
0.113417
-0.223163
-0.133817
0.147052
-0.145843
-0.0925786
0.471088
0.0854941
-0.33599
0.217945
0.0222864
-0.113428
0.329322
-0.0272872
0.000357497
0.117848
0.10628
0.175337
0.257862
0.0807251
-0.000136668
0.161205
0.116391
0.0722696
0.24443
0.189572
0.173437
0.0951221
0.221627
0.222387
0.119381
0.0717165
0.114744
0.200798
0.292032
0.398799
0.117425
-0.0413754
0.196375
0.270308
0.100211
0.0340654
-0.00253669
-0.190763
-0.0650791
0.0440819
-0.0661372
-0.131881
0.00354288
-0.0325686
0.0303403
-0.243159
-0.179468
0.00560079
0.00952808
0.312023
0.1521
-0.00794762
-0.230933
0.0331032
-0.0810167
-0.202046
0.332253
-0.38697
0.167042
-0.0469069
0.29015
0.0923725
0.202916
0.0197758
0.170519
0.0857141
-0.0321413
-0.0630234
-0.102882
0.000230978
0.214087
-0.0131343
-0.203012
0.0771575
-0.175724
-0.0723405
0.103516
0.00777827
-0.0565594
-0.142679
-0.135343
0.251461
0.256803
0.216569
0.223926
0.621925
0.204506
0.0512978
-0.0355775
0.00192033
0.0486475
0.00853647
-0.233966
-0.0105629
0.11497
0.116674
-0.0311974
0.143056
-0.192377
-0.304287
0.157139
0.359296
0.52553
0.0247007
-0.118576
0.110669
0.223085
0.301744
0.103164
0.0923585
0.0170825
0.188966
0.730419
0.0400842
0.0058219
-0.171458
0.214672
0.286692
-0.00618995
0.109021
-0.275151
0.0486791
-0.312189
-0.278371
0.0157434
-0.0654909
0.58147
-0.368485
0.132052
0.139057
0.0187207
0.404535
0.319594
0.0432785
-0.24382
-0.0960356
0.0755509
0.133338
-0.00369867
-0.137271
0.0344542
0.199926
0.0645142
0.111741
-0.0226644
0.167644
0.0710364
0.0760778
-0.024547
0.403828
0.209333
0.1553
0.090348
0.0601319
0.423192
0.72695
0.26647
-0.671203
-0.0204393
-0.0574952
-0.292426
-0.315015
-0.45368
0.0663309
-0.115671
0.00820612
-0.0838534
0.0551359
-0.0468924
0.0736374
0.135929
0.321303
0.128273
0.190466
-0.168533
-0.361762
0.164216
0.378343
0.0287265
0.163202
0.0911331
0.0458458
0.251228
0.276762
-0.0703042
-0.155305
-0.29629
0.0845399
0.255847
-0.00457931
-0.201528
-0.222084
-0.0948318
-0.144269
0.00455319
0.0200033
0.250799
0.0417216
-0.0547111
0.125498
0.159947
-0.00550589
0.373135
0.0117858
0.130722
-0.138679
0.190523
0.523241
-0.388696
0.157883
0.26344
0.07874
0.190372
0.0653329
0.27893
0.788733
0.364042
0.236505
0.153263
0.108281
0.276331
-0.0187825
-0.218089
-0.00566655
0.00434648
0.00784632
0.0548914
-0.239317
-0.238179
-0.168195
0.0197426
-0.126547
-0.195545
0.259941
-0.35318
-0.01731
0.0316305
-0.210963
-0.119063
-0.263276
0.143499
0.566618
0.417897
0.384905
0.341921
-0.175732
0.158873
-0.412266
-0.00921789
0.0480157
0.126038
0.0799716
-0.047332
0.286228
0.24123
-0.24493
-0.0716369
0.419093
-0.0308907
-0.856383
-0.179174
-0.086204
-0.0860124
0.205455
-0.13733
0.0163014
-0.0683785
0.237372
0.0409173
0.189288
0.319359
0.302938
-0.0426846
-0.0655604
-0.160365
0.00636531
-0.0550244
0.0729524
0.106001
0.395774
-0.134681
-0.238961
-0.0831853
0.388485
0.405203
0.0777103
0.00109509
-0.0264314
-0.0259278
0.131862
0.219222
0.152451
0.0408951
0.044194
-0.28693
0.0745904
0.0283981
0.0879279
-0.210118
0.324936
-0.182949
-0.328801
-0.260576
0.0264899
0.460968
0.0302784
-0.08649
0.176966
-0.0722774
-0.24161
-0.131035
0.0925177
0.0398392
0.15267
0.042088
0.271712
0.470592
0.455714
-0.271832
-0.122472
-0.0873706
-0.558963
0.176071
0.389669
-0.0138452
-0.24542
-0.0606325
-0.00904349
0.207784
-0.1812
0.288927
0.234071
-0.0855826
0.0326156
-0.255921
-0.388602
-0.0525474
-0.110491
0.402381
0.186506
0.158037
0.110732
-0.0550178
0.152516
-0.0427548
0.0264324
0.208722
0.0666181
0.0309034
0.129163
0.210616
0.110553
-0.00229357
-0.332207
-0.110216
0.249025
-0.0278616
0.392074
0.386082
-0.0732316
-0.0456536
0.203094
0.455711
0.260064
-0.0599059
0.702089
0.197543
0.123279
-0.153255
-0.136453
-0.151679
0.109127
0.250925
0.351632
-0.0313268
0.290368
-0.0987358
0.123423
0.223406
-0.238358
-0.0136539
0.121505
0.251584
-0.084688
-0.017753
-0.210414
-0.0808527
0.101736
0.0845456
-0.348859
-0.152563
0.0393726
-0.0276306
-0.0998135
-0.136022
0.0513787
0.455933
0.604722
0.491026
0.461403
-0.177353
-0.0799966
0.0106705
-0.170267
-0.141392
0.0147306
0.206055
-0.178628
0.0274033
0.227041
-0.0349619
0.0524183
-0.0432815
0.108869
-0.150383
0.0385488
0.139056
0.044922
0.534205
0.047356
0.156244
-0.266363
-0.150781
0.371129
0.115496
0.677949
0.0662869
-0.00812758
0.0295158
0.157678
0.239965
-0.0310698
0.0317672
0.123503
-0.118523
0.248942
0.149152
-0.0782103
0.05945
-0.158665
-0.155139
0.226563
0.118967
-0.118147
0.00744344
0.0491885
-0.359915
0.203175
0.0267222
-0.252303
-0.0679668
-0.053879
0.134544
-0.0810256
-0.0321243
-0.32147
-0.248677
0.638471
0.156783
-0.134925
-0.0106671
0.150233
-0.305529
0.321632
0.142779
0.323236
0.260554
0.358729
0.0319752
0.260318
0.481141
-0.0818667
0.0925199
0.108509
-0.104893
-0.0935887
-0.361926
0.104841
0.0852731
-0.19438
0.0825912
0.0305533
0.0594237
-0.0592108
-0.0611628
-0.09228
-0.0359336
0.572519
-0.0435283
0.22787
0.277312
0.251339
-0.348676
-0.0443908
-0.122147
0.121849
-0.11738
0.0329126
0.139697
-0.0574808
0.156457
0.668918
0.112488
0.00696297
0.178541
0.037038
-0.0496362
-0.419614
-0.0601522
-0.215555
0.462448
0.390549
0.135048
0.457308
-0.0751725
0.564612
0.115707
0.130915
-0.261124
-0.51853
-0.614898
0.00835339
0.00696592
-0.195535
0.0567578
-0.0431297
-0.0752394
0.148322
0.0159182
0.138447
0.417127
0.204169
0.154606
-0.156982
-0.0260975
0.148847
0.168456
-0.0160238
-0.157219
-0.403738
-0.0498637
0.264387
0.320224
0.0896228
0.0604941
-0.0900974
-0.0301495
0.0823428
0.127376
-0.164416
-0.137294
-0.362675
-0.406836
0.250734
0.26846
-0.233724
-0.13968
0.137243
0.683487
0.124151
0.500852
0.222265
0.134594
-0.0354669
-0.0709517
-0.141872
0.546298
-0.20587
-0.032748
0.0523269
0.061795
-0.0685244
-0.32416
0.156942
0.136052
-0.153236
0.557487
-0.190203
-0.0825966
0.145211
-0.00428638
-0.189339
0.291343
-0.217119
-0.113614
0.191455
-0.0980027
0.308652
0.0262937
-0.0388018
-0.30972
-0.152017
-0.0132492
0.147661
0.156892
0.0486915
0.0531818
0.0627205
0.139811
0.329214
0.139122
-0.179645
-0.00641118
0.304811
0.253684
0.516782
0.0374163
0.198241
0.329933
-0.162825
0.162933
-0.0803922
-0.116766
-0.0919891
-0.305394
-0.0302177
0.228055
-0.180637
0.129471
0.248135
-0.12729
0.035494
-0.108468
-0.163872
-0.0301153
-0.0103847
0.00651233
0.0482904
-0.0947354
0.356224
-0.106736
0.167358
0.0860639
-0.372053
0.0763836
0.086928
-0.0446256
-0.194057
0.144342
0.587889
0.488225
0.0099327
0.034537
0.484547
-0.304511
-0.185685
-0.376696
-0.120353
-0.0446431
0.0380498
0.11781
-0.192183
0.0732248
-0.110985
-0.235413
0.056692
-0.425704
-0.0269307
0.0791259
0.0487159
0.0224308
-0.112507
