0.267226
-0.0834714
0.131349
-0.219
-0.365873
0.0884651
-0.0965938
-0.240354
-0.387207
0.236948
0.0599519
-0.0687962
0.109958
0.273903
-0.181979
-0.138369
0.309886
0.0307531
-0.644108
0.490379
-0.622419
0.184109
0.0692143
0.138155
0.00806682
-0.0247002
-0.141406
-0.0330933
0.0120383
-0.13492
-0.12889
-0.0948601
0.717059
-0.00165217
-0.723136
-0.179515
0.00756616
0.0320464
-0.0565542
-0.0977029
0.479241
-0.0393044
-0.111273
-0.101286
-0.260991
0.227227
-0.106317
-0.0626034
-0.151543
-0.103509
-0.0172777
0.053343
0.240399
0.386836
-0.341896
0.134812
-0.0784385
0.153335
0.00163001
-0.0839912
0.00611418
0.120219
0.159222
-0.0312707
-0.449976
-0.121523
0.00542317
0.0925775
-0.0369121
0.0173681
-0.316422
0.108854
0.0654613
-0.12824
-0.153014
-0.262513
0.168619
0.0316826
-0.551986
0.161606
0.112555
-0.230591
-0.317835
0.050703
-0.102012
-0.203259
0.080445
0.291137
0.278895
0.119378
0.00137773
0.650582
0.108474
-0.9505
-0.0393672
-0.238104
-0.246189
-0.202545
0.0570101
0.0010748
-0.0319896
-0.289799
0.114366
-0.284934
-0.565855
0.0690398
-0.563661
-0.282074
0.234857
0.295416
0.212458
-0.0795542
0.414983
-0.19313
-0.600339
0.435238
-0.0489664
-0.264836
-0.540738
-0.172104
0.0971309
0.0381643
0.0648154
-0.15366
-0.041842
-0.108125
-0.052497
0.0647003
-0.140634
-0.0511516
0.437968
0.159466
-0.181192
-0.608802
-0.226172
0.435403
0.125852
-0.000611883
-0.153534
0.0919072
0.564659
-0.0355844
0.263039
0.127661
0.0625267
-0.319984
0.150344
-0.294686
-0.0289858
-0.0197033
0.0900024
0.18301
-0.126552
-0.348398
-0.31582
-0.192632
-0.23819
-0.0260863
-0.402384
-0.232499
-0.142363
-0.316054
-0.117491
-0.0258576
0.101173
0.0744852
-0.198232
-0.287391
0.199583
0.224314
-0.135571
-0.0180405
-0.322794
0.121722
-0.00159467
-0.0513677
-0.416708
0.0289153
0.160535
0.38355
-0.00551534
0.56138
0.156359
0.264836
0.0733466
0.337502
0.00885433
0.172856
0.0873344
-0.40214
-0.171784
0.00570399
0.182847
-0.249738
-0.104594
-0.461558
-0.225809
-0.0348664
-0.238554
0.398662
-0.0733957
0.00448337
-0.0155757
0.302506
0.224037
0.253321
0.300313
0.0459655
-0.206701
0.0846737
0.607116
0.560818
0.551345
0.252414
0.0349389
0.0751052
-0.0199715
0.0287318
0.185085
0.2021
-0.00974064
-0.0912927
-0.265004
0.0948199
0.0708712
-0.0923562
0.10649
0.223844
0.0053717
0.0493462
-0.0890357
0.947431
0.386368
-0.261201
-0.287715
0.0659917
0.293906
0.0870044
-0.217942
0.607188
-0.024294
-0.470663
0.409439
-0.0737942
-0.120174
-0.0608906
-0.0466137
0.174074
-0.0528048
-0.101685
0.389356
-0.026138
0.120308
0.169617
-0.03022
0.0572422
-0.0238612
0.119842
0.329305
0.1568
0.208308
-0.0994004
0.00851506
-0.0502127
0.143787
-0.335812
0.189229
-3.2657e-05
0.0431307
-0.00354086
-0.0541512
-0.156694
-0.0106622
-0.374573
-0.0767205
-0.00689309
-0.391219
-0.0672055
0.0822999
0.0188055
-0.0868773
0.0999301
-0.0516181
0.0264067
-0.0769169
0.00635132
0.503919
-0.127759
0.467955
0.220219
-0.41875
0.118009
0.127208
-0.15454
-0.0181153
-0.00988458
-0.0873984
-0.404549
0.232239
0.0507811
0.123286
-0.0219423
0.101243
-0.0885078
0.116144
0.16407
-0.247203
0.050659
-0.40529
-0.279986
0.189657
0.187525
0.120343
0.447625
-0.116684
0.116624
0.0441744
0.0913043
0.0225335
-0.820178
-0.0267069
0.104435
0.337803
-0.222587
-0.0587037
-0.159589
-0.0216439
0.366774
-0.307916
-0.527106
-0.042571
-0.00259674
-0.0569068
0.0620537
-0.177629
0.533402
0.000336409
0.49002
0.482204
0.146373
-0.11813
-0.00338586
-0.060803
-0.0837217
0.100995
-0.173529
-0.147918
-0.0352136
-0.069397
-0.069771
0.0548122
-0.0236113
0.0497296
0.213256
-0.114595
0.187257
0.339176
0.0153342
-0.225986
0.0619957
-0.033282
0.136103
0.251645
0.743239
-0.0960809
-0.0347185
-0.0576577
-0.0734034
0.0247341
0.171366
-0.292801
0.148691
0.0598726
-0.481418
0.00613684
-0.00417279
-0.300413
-0.222717
-0.30251
0.201767
0.190419
-0.135327
-0.203448
0.505053
0.190448
-0.120036
-0.069927
-0.0512932
0.00877982
-0.125722
0.14655
0.000174653
-0.157072
0.210527
0.13966
-0.0863374
-0.163457
0.0212967
0.00843067
-0.117416
0.0173412
-0.11859
-0.244256
0.0632955
0.47067
-0.0445622
0.106927
0.0696597
0.160763
-0.204747
0.104733
-0.0630978
0.245881
0.0845015
-0.456073
-0.630383
0.051565
-0.0664504
0.0979107
0.364532
0.0458165
0.0296248
-0.383458
-0.0345026
-0.0796874
-0.293137
-0.130723
0.0945118
0.0111184
-0.0691851
0.247113
0.229136
0.606288
-0.0125812
-0.174789
-0.376065
0.0787295
0.458639
0.229741
-0.110812
0.234005
-0.00117294
-0.219316
0.00679303
0.0711292
-0.0284728
-0.0447634
0.168113
-0.459338
-0.0697184
-0.110358
-0.103626
-0.00712294
0.148647
-0.00251135
-0.695252
-0.179118
-0.010964
-0.0474106
-0.0532369
-0.488519
0.0472701
-0.0525004
0.336337
0.111748
-0.013228
0.233491
0.33248
-0.164094
-0.0100498
-0.115199
-0.225638
0.0919107
-0.151584
-0.237949
0.156579
0.233339
-0.295978
-0.10832
0.118264
-0.423733
-0.145887
0.174104
0.161694
0.0634111
-0.353374
-0.0164525
0.197746
-0.00556455
0.406606
0.0500505
0.0211966
0.0481599
0.0504795
0.118299
0.0523011
0.0296285
-0.239802
0.0198575
-0.0234229
-0.0497026
0.0888686
0.165962
-0.0854608
-0.309742
-0.391208
0.104273
0.17328
0.0786731
0.334154
0.433328
0.178015
-0.045881
-0.0052705
-0.174081
0.0477345
-0.00397818
0.31678
-0.0743669
-0.27368
-0.070704
-0.0487098
-0.141504
0.0727157
-0.189634
0.221041
-0.391551
0.0287058
-0.152055
-0.111307
0.0330369
0.25241
-0.145717
-0.0773397
-0.101632
-0.478903
-0.0939055
0.112809
0.0801197
0.0351075
-0.0688823
0.130846
0.13355
0.0144493
-0.0443818
-0.00594642
-0.0285887
-0.0500222
0.205748
-0.101139
0.10089
0.165468
0.231765
-0.285053
0.0556221
0.131254
0.00152166
-0.234878
-0.108559
-0.0738767
0.134819
-0.144523
-0.0695878
0.216775
-0.0868081
0.228541
0.0577879
-0.0547776
-0.339299
0.125696
-0.0918247
0.0129584
0.387102
0.324642
0.0506699
-0.0676645
0.148598
0.200486
0.196414
0.0329718
-0.0512985
0.110288
0.041579
-0.181397
0.193678
0.306771
-0.16369
-0.125654
0.185921
0.662139
0.112795
0.452244
0.00146987
0.428219
0.380305
0.0681534
-0.511775
-0.294591
-0.174399
0.00423159
0.233376
-0.401316
0.115232
0.352661
-0.0554397
-0.112887
-0.166223
-0.355333
0.221215
-0.454845
-0.0956287
0.0276407
-0.0405801
0.151465
0.0710995
0.380028
0.00013179
0.0260308
0.190275
0.147978
-0.067381
-0.230016
0.0536076
-0.220188
0.137005
-0.280333
-0.575631
0.0704074
-0.245898
0.412794
-0.154973
-0.766648
-0.258644
-0.323646
0.170142
0.432636
-0.139318
0.346577
-0.179286
0.481369
0.40869
-0.144482
0.0480702
0.0963228
0.552351
-0.0558676
-0.115018
-0.0561755
-0.00631928
0.0891703
-0.0943002
0.0718811
0.0269235
0.191432
-0.136929
0.332574
0.221073
0.0574125
-0.0173938
0.377374
0.117614
0.430851
0.181376
-0.183439
0.0462181
0.303819
-0.0473882
-0.189437
0.622341
-0.369797
-0.284207
0.16841
0.263755
-0.252246
0.0213842
0.281781
0.596443
-0.127474
0.299361
0.0969836
0.0282905
-0.156368
0.0775353
-0.360473
-0.166016
0.340415
-0.114839
0.175687
0.082609
-0.00900256
0.18259
0.0380098
-0.077846
-0.121906
-0.0727147
-0.134806
-0.117511
-0.281634
0.299452
0.181401
-0.0100837
-0.00150432
-0.0989144
0.401504
-0.0780301
0.223301
0.10823
0.087018
-0.296675
0.0149699
0.0290213
0.000110607
0.12377
-0.144992
0.204105
0.377179
-0.50861
0.284141
0.100255
0.793967
0.081213
0.0835876
-0.206818
-0.0734975
-0.023759
0.154187
-0.403808
-0.085945
-0.256729
0.0688662
0.0576672
-0.029025
-0.335501
0.0421255
0.0168272
0.162515
0.0374066
0.126677
0.202438
0.185371
0.613864
0.581456
0.0560861
0.00954335
-0.0397121
0.101972
-0.264735
-0.00902922
0.0565889
-0.246821
0.243541
-0.301739
-0.054707
0.166436
0.0987998
0.158327
0.15487
0.261615
-0.122663
0.136837
-0.154032
-0.047834
-0.0784881
0.347024
0.501772
0.254301
-0.0387681
0.0980057
-0.258164
0.241782
-0.156277
-0.0654588
0.010463
0.4945
-0.115477
0.0237099
0.0213793
-0.130743
0.116845
-0.0485813
0.106014
0.255761
-0.10164
-0.17193
0.30247
0.134034
-0.38758
-0.0304128
0.0613874
-0.0562028
0.183259
0.487479
0.121558
0.341685
-0.211163
-0.544682
-0.238869
0.122022
-0.207078
0.105573
0.142097
-0.246091
0.163979
-0.0177445
0.596461
0.0715204
0.107868
-0.171372
-0.029671
0.225817
0.359018
0.643942
0.232122
0.248725
-0.24074
0.067139
-0.106201
-0.342463
-0.0861482
0.330461
0.109417
-0.104061
0.0226657
-0.125711
0.0923252
0.0714265
0.0501912
0.000821951
0.179751
0.0527214
-0.349042
0.265495
-0.165327
0.218696
-0.0430772
-0.161126
0.389295
-0.0390249
-0.0397737
-0.278408
0.116689
-0.409331
-0.352912
0.17597
0.23862
-0.224191
0.307328
0.081322
0.0402577
0.266282
0.2156
-0.102384
0.0550053
-0.328897
-0.0110897
-0.133431
-0.301842
0.0488833
-0.0390957
0.314381
-0.00152831
0.0369336
0.0919612
0.103531
0.0382638
-0.012066
0.0213016
0.098255
-0.13983
0.0660994
0.177806
0.144877
0.133323
-0.19791
0.0210162
0.0980559
0.0357818
0.235143
-0.0930756
0.122342
-0.110821
-0.164585
-0.263926
-0.0365293
0.0526592
0.301001
-0.0433081
0.0755345
-0.0791848
-0.0771489
-0.0148392
-0.0164892
-0.00144941
-0.0320272
-0.106582
-0.208898
0.152475
-0.112645
-0.239301
0.0741579
0.439856
0.0989671
-0.00509361
-0.367902
0.0166147
-0.102246
-0.0322024
-0.209223
-0.377763
0.154981
0.164178
-0.0851754
-0.0421053
-0.0985714
0.544377
0.00429225
-0.0199441
0.0485563
-0.0497343
0.109989
-0.0757659
-0.0553914
0.214082
0.0238094
0.0636198
-0.135205
0.0817326
-0.00871808
0.00148358
-0.119033
0.0443736
0.340484
-0.158515
0.2467
0.529898
-0.0894571
-0.0781285
0.2908
-0.0893015
0.0414748
-0.309593
-0.282495
0.0198191
-0.323906
-0.294889
-0.155213
-0.395061
0.371674
0.214289
0.571737
-0.0503983
-0.0150524
0.0726463
-0.453301
0.0610441
-0.124799
-0.396637
-0.233848
0.0729765
-0.128505
0.0337622
0.0309235
-0.295873
0.143165
-0.0498103
-0.0144137
-0.0645175
-0.125039
-0.21134
0.0366842
0.0327181
0.184042
0.159572
0.272779
0.0696344
0.137469
-0.347946
0.237619
0.0221913
-0.212559
0.251019
0.178828
-0.115019
0.0183462
0.175517
0.0755248
-0.29955
0.15855
-0.223747
-0.612153
0.0204114
0.286436
-0.438701
0.0495693
-0.083851
0.182513
0.280981
0.0159322
-0.0312813
0.129885
0.113123
0.263789
0.315502
0.519988
-0.10027
-0.273174
0.178611
-0.0572096
0.331138
0.120872
0.089062
-0.131645
-0.12253
0.509852
-0.0131111
0.291514
-0.154384
0.168917
-0.0547281
-0.0413265
0.150603
0.201418
0.205786
-0.222634
-0.192078
-0.11583
0.149089
-0.226345
-0.287458
0.0286108
-0.136688
-0.0186924
0.0871973
0.0181492
-0.0305314
-0.097913
-0.0475718
-0.274764
-0.320958
-0.0107493
-0.0125011
-0.187039
0.136956
-0.12042
0.294006
0.0802745
0.316926
0.286485
-0.321159
-0.220492
0.0937198
0.0187245
0.129241
0.207969
-0.0634874
-0.0524484
-0.0834267
0.0717876
0.356482
-0.00953824
0.00125002
0.101862
-0.429251
-0.192604
-0.388285
-0.00442039
0.144186
0.565005
0.536468
0.0885273
0.198312
0.356467
-0.0143741
-0.11716
0.313069
0.280859
0.142409
-0.193928
0.00446876
0.0196564
-0.356311
0.0885624
0.16403
0.18764
0.111214
0.0134833
-0.104557
-0.0423061
-0.201207
-0.0807965
-0.00918927
0.295591
-0.00269932
0.190453
0.0101064
-0.136265
0.151982
0.0736594
-0.233081
0.131707
-0.0990754
-0.0801551
-0.0109174
-0.201662
0.124199
-0.107655
0.0204154
-0.340716
-0.00713829
-0.242071
-0.0246262
-0.00293935
-0.114847
-0.116688
0.0864308
-0.00535619
0.0559257
-0.361686
0.217082
-0.144898
0.0180951
0.156995
0.535691
0.0360778
0.272341
0.192468
-0.275839
-0.0777386
-0.208275
0.151218
-0.0435404
0.0519398
-0.227312
-0.152092
-0.291516
-0.0778506
0.214241
-0.122546
-0.274514
-0.22811
-0.355361
-0.0291621
0.124851
0.304683
0.078934
-0.0809233
-0.501212
0.194027
0.183968
0.16486
-0.155311
-0.423127
-0.318168
0.145914
0.164753
0.254614
-0.105542
0.897234
0.14449
-0.0240707
0.0624833
0.424251
0.139329
0.149462
-0.268436
-0.236184
-0.0467964
0.145099
0.144345
0.284692
0.0529063
-0.145869
-0.0692657
0.219542
-0.00276755
0.00602751
0.149865
0.0972271
0.398356
0.154755
-0.167459
0.012069
-0.186849
0.0234952
-0.148669
-0.190411
-0.226483
0.09456
-0.0258659
0.0413356
0.0224979
-0.0913493
0.0723601
-0.0578881
0.170364
0.0596297
-0.021464
0.0858743
0.213251
0.0848028
0.0197929
0.111621
0.216635
0.288717
0.0439285
0.0923019
-0.317039
0.201509
-0.243557
0.0763244
0.217626
-0.130204
-0.00945235
0.467897
-0.0722562
0.20315
-0.0800639
0.0899492
0.771127
0.432609
0.692115
0.07264
0.4809
0.454445
-0.147832
-0.105779
-0.110249
-0.0929615
0.491425
-0.193784
-0.0115537
0.104079
0.261079
0.0389501
-0.105304
0.300766
0.0158226
0.208892
-0.0548898
-0.0346468
-0.321387
0.124788
-0.118614
0.0146428
-0.138444
-0.31415
-0.0607976
0.134409
-0.282611
-0.453622
0.175161
-0.0425389
-0.0630258
0.0279189
-0.113083
-0.0448059
0.104739
-0.141885
0.522404
0.170707
0.470139
-0.127917
0.157694
0.0771051
0.277332
0.173548
0.132839
-0.0996219
-0.0564783
0.0214378
0.33793
-0.100341
-0.47363
-0.420233
-0.174357
0.323868
-0.0145821
0.31418
0.0871771
-0.105166
-0.157054
0.0362381
0.0416358
0.118969
0.0394443
-0.0454868
0.056325
-0.189907
-0.0762721
0.131853
-0.218587
-0.043853
-0.263846
0.0455862
-0.0264209
-0.165376
-0.0228211
-0.180811
-0.351109
-0.0382343
-0.209269
0.0575945
-0.161876
0.0541756
-0.594188
0.110408
-0.127915
-0.883534
-0.139622
-0.172723
-0.415317
-0.0854135
-0.085633
-0.332459
0.221397
-0.00415774
-0.259322
0.0674483
0.252252
-0.176184
-0.70977
-0.0894611
0.00663383
0.123115
-0.341829
0.17082
-0.15464
0.145745
0.146085
-0.184718
0.168754
-0.0544228
-0.0622401
-0.0324876
0.052717
-0.214442
-0.122814
0.279849
0.176649
-0.0454898
0.0456658
0.364911
-0.0155354
0.0653989
0.174942
0.0608393
-0.0578919
0.152263
0.139562
0.0558755
-0.133767
-0.0483446
-0.115377
-0.184686
0.00515367
0.086697
0.0115093
0.233923
0.0219286
-0.135116
0.0664318
-0.00133691
-0.195258
-0.084577
-0.284506
-0.0449361
-0.20383
-0.148235
0.238359
0.150752
0.0073212
-0.161822
0.0312872
-0.063819
0.285795
-0.0248925
0.17016
-0.513732
-0.296685
0.120916
-0.0176945
0.250371
0.241463
0.224632
-0.386842
-0.3799
-0.116148
-0.016057
-0.311752
0.122876
-0.0597396
-0.333911
-0.272258
0.161051
-0.146308
0.135334
0.0132774
-0.030089
-0.320248
-0.276542
0.18151
0.0625579
0.115435
-0.135998
-0.404399
-0.170857
-0.313427
0.137156
0.171991
0.0578506
-0.132484
-0.150547
-0.210883
0.217125
0.219772
-0.00342919
-0.0803748
-0.459863
-0.0277883
0.0186995
-0.105811
0.147164
0.0208985
-0.00883848
-0.0243509
0.121562
0.238801
-0.147486
-0.0105072
-0.0150523
0.103622
-0.258448
0.00350705
0.0274791
-0.0781671
0.0149115
0.149343
0.297166
0.214763
-0.12467
0.213811
-0.19998
0.0128501
-0.221536
0.420502
0.0940142
-0.0526612
0.534875
0.0154965
0.132368
0.205695
0.105845
-0.336512
0.133852
0.35232
0.506714
0.119554
-0.0504453
0.262107
0.284601
0.310852
0.393317
0.0157202
-0.27095
0.0241868
0.0384661
-0.0570571
-0.0266247
-0.264734
0.162402
0.00704353
0.166939
-0.0104354
0.243807
-0.0461372
-0.0449552
-0.139544
-0.139256
-0.0869784
-0.113172
-0.240175
-0.0904506
-0.027041
0.165469
-0.042983
0.297809
-0.0909418
-0.209538
0.00948716
-0.0691565
0.0327213
0.109691
0.00973145
-0.606743
-0.0595957
0.0760742
0.103501
-0.0799426
-0.369973
0.466075
0.30496
0.175496
-0.165225
-0.179208
0.107459
0.379154
0.140624
0.149631
-0.0672187
-0.500654
-0.0891223
0.273737
-0.0292395
0.29824
0.144245
-0.0757369
-0.241435
0.114282
-0.399432
0.0451361
-0.0961165
0.0460126
0.291495
-0.0092561
0.171686
0.110227
-0.135363
-0.445272
-0.284689
0.08516
0.62113
-0.00246355
0.050409
-0.0112993
-0.48198
0.216411
0.0888941
0.0495127
0.329407
0.148968
-0.390484
-0.315444
0.0111225
-0.0975821
0.290708
0.072362
0.0512112
0.472068
-0.0417708
-0.412217
-0.287087
-0.152207
0.111095
-0.0799353
-0.0746278
0.316847
-0.357939
-0.0533216
-0.00675282
0.0139856
-0.0761918
-0.117439
-0.229106
-0.139329
0.0293311
-0.0550862
-0.0334435
0.417627
-0.124674
-0.239857
-0.220267
0.560763
0.175993
0.062807
0.265745
-0.142305
0.19113
-0.0621394
0.0395086
0.427208
0.261418
-0.44327
-0.27659
0.35802
0.0792094
0.00430342
0.209418
-0.00227442
0.0171467
0.200943
0.0784872
-0.0387732
0.0883676
0.0450989
-0.131566
-0.127704
-0.0352499
0.115525
0.305521
-0.0341941
0.0772683
0.156227
0.0496093
0.11896
0.161423
0.236732
0.111469
-0.0733303
0.222669
0.0202853
-0.196571
-0.285342
0.324297
-0.119534
0.0257564
0.643858
0.333104
0.122576
-0.0289757
0.0262564
0.453837
0.0255595
0.536365
-0.059055
-0.0905241
-0.0550429
0.181285
-0.261253
-0.623324
0.159888
0.157641
0.511642
-0.106728
-0.0396792
-0.00671082
-0.148911
-0.0201379
-0.0490089
0.0199615
-0.158825
-0.211682
0.280895
-0.298065
-0.229761
0.0809905
-0.052319
-0.154696
-0.0887017
0.0576702
-1.19695
-0.0558648
0.039329
0.438266
0.0228269
-0.159593
-0.342499
-0.174274
0.0192438
0.158128
-0.431502
-0.23974
0.340573
0.0660276
-0.253694
-0.132151
0.162736
0.174123
-0.0766844
-0.195365
0.186776
-0.144377
-0.018001
-0.0525329
-0.263968
0.0342937
-0.0213657
0.0367625
0.110887
-0.141594
-0.0102699
-0.000462729
0.326793
0.0882009
-0.373877
0.105524
-0.268826
-0.132196
-0.0754643
-0.0277729
-0.172308
-0.0943596
0.45301
-0.0202001
0.201176
-0.153549
-0.559125
0.099764
-0.0445448
0.243122
-0.0533984
-0.164598
-0.0397433
0.0506625
0.176673
0.0542025
0.0833475
0.521388
0.315155
0.15405
-0.00389963
0.0282624
0.0263139
-0.139236
0.417007
0.129705
0.467308
-0.166047
0.129402
0.349051
0.0799525
-0.379829
-0.34313
-0.0410109
-0.213113
-0.0282363
0.00716399
0.0237948
0.109202
-0.0646457
0.0260027
0.844721
-0.0413084
0.0455347
0.441594
-0.248243
0.11588
-0.174067
0.209568
-0.395321
-0.0320998
-0.275925
-0.0913839
0.0159685
-0.315803
-0.177127
0.0297379
-0.102757
-0.0817614
-0.0687995
0.150767
-0.0425267
-0.199112
-0.183078
0.0747249
-0.0244951
-0.042831
0.389142
0.0836739
0.0462786
-0.258334
-0.441215
0.0154453
-0.108002
-0.210412
0.143877
0.290705
0.0933189
0.127464
0.363026
-0.12511
0.202005
0.144415
0.0540084
-0.11651
-0.0505187
0.0962634
-0.00191404
0.176684
-0.0341428
0.323073
0.00186655
-0.141385
-0.0750398
0.0408695
-0.0305688
0.203091
-0.0645188
0.0967938
0.0383791
-0.0705211
0.0906077
-0.127986
-0.101427
-0.383743
-0.320176
-0.335544
-0.0463818
0.318364
0.233465
0.233986
0.394358
0.110619
0.0595327
0.340012
0.168601
-0.0316099
0.104544
0.0366648
-0.000541801
0.510006
0.237343
0.315184
-0.085708
0.0889586
0.373376
0.171327
-0.0212449
0.0548846
-0.0788612
-0.438079
-0.0479993
0.329234
0.409737
-0.113106
0.112033
0.443553
-0.113704
-0.0118107
0.0976054
0.17256
0.0921296
0.00521973
0.0936183
-0.411788
-0.10294
-0.00531034
0.727291
0.139506
-0.236391
-0.282703
0.0698096
0.0967399
-0.18828
-0.0609796
0.148042
0.107145
-0.0226322
0.482116
-0.0251514
-0.0357994
-0.31238
-0.227661
-0.25791
-0.0734299
0.308161
-0.00472946
0.166788
-0.00719956
0.0425347
0.0999558
0.0509984
0.344122
-0.0462458
0.131023
0.158119
0.0031161
-0.101778
-0.581461
0.0976952
-0.0310967
-0.124286
0.0535269
-0.0975662
0.0735683
-0.205822
0.293306
0.179309
0.0258795
0.295997
0.0519553
0.115247
-0.0701403
-0.18614
-0.371757
0.106865
-0.0892901
-0.327464
-0.445189
-0.606672
-0.153324
-0.0417997
-0.0527945
-0.0719176
0.123821
-0.417055
-0.23593
0.0956356
-0.135398
0.0576469
0.088237
0.104618
0.232441
-0.00524715
-0.107137
0.145403
0.0337672
0.121048
-0.16069
-0.0965801
0.0631548
0.175724
-0.0108758
0.0349188
-0.046465
0.244228
0.0266329
-0.365553
-0.694971
-0.144491
-0.301078
-0.000264954
0.0503533
-0.271767
0.128584
0.52269
-0.227928
0.293868
0.350481
-0.263455
0.0130501
0.0284865
-0.253718
-0.0653339
0.162867
0.226955
0.166957
-0.01231
0.247415
0.117894
-0.194914
-0.229269
0.0364862
-0.243145
-0.128753
0.00990153
-0.0991361
0.104648
0.267942
0.740001
0.326299
0.259464
0.161846
0.0463743
0.14819
-0.364885
-0.175191
0.0503189
-0.536419
0.16604
-0.0548135
-0.247881
0.441008
-0.159728
0.105475
-0.0822316
0.032465
-0.0630187
0.240073
0.285337
0.391637
-0.259464
0.475798
0.255102
0.00782357
0.122053
0.188112
0.241724
0.261058
-0.0941161
0.405362
0.0838741
0.046482
0.174044
0.371241
0.00852867
0.0231083
-0.361111
0.144274
0.137218
0.0862265
0.135559
0.00960467
0.356538
-0.627406
-0.431556
-0.460461
-0.0577209
-0.0346381
-0.413591
-0.0942119
-0.152221
-0.0585414
-0.259064
-0.0393583
-0.0772018
-0.246956
0.0540466
-0.174354
-0.102458
-0.105734
0.354256
0.0398646
0.431577
-0.256303
-0.253157
0.105556
-0.0764773
0.034322
0.0162165
-0.146286
-0.0485968
-0.325632
-0.00305967
0.0448346
0.134449
-0.343581
-0.031689
-0.139591
-0.220783
-0.141903
0.103055
-0.0539663
0.0919588
0.118535
0.0127913
-0.10672
0.235575
0.3096
0.535367
0.276544
0.121649
-0.1399
0.167941
0.343986
-0.117534
-0.183138
-0.422703
-0.0738825
-0.195578
0.158019
-0.0478713
0.552016
0.0676262
0.537051
0.323735
0.339372
-0.0103458
-0.0424067
0.200246
0.251119
-0.0274094
0.135313
-0.0496203
-0.0662226
0.014956
0.270302
0.256298
0.0532056
-0.124966
-0.307309
0.0287005
-0.197856
-0.194938
0.159327
0.00711353
-0.430115
-0.173092
0.0684802
0.6152
0.373862
0.18809
-0.0218695
0.115699
0.096194
0.237795
-0.195482
0.0387492
-0.177261
0.0165447
-0.0251138
-0.280641
-0.21597
0.128287
0.100299
0.0176956
0.00335791
-0.215371
-0.22049
0.058971
-0.267088
0.198441
0.263883
0.318696
-0.0646417
-0.288617
0.167391
-0.0608316
0.175143
-0.267738
-0.0290637
-0.0806973
0.0598916
-0.2185
0.0421107
0.152022
0.261187
-0.0688211
-0.0643464
-0.0799074
0.0266278
-0.0607493
-0.0196345
0.0362814
-0.0120145
0.0171789
0.0447565
0.252481
0.0785907
-0.124235
-0.165948
0.0793344
-0.118166
0.341404
0.102427
-0.00334897
0.0271381
0.0841544
0.156845
0.0676578
0.0593558
0.0874516
-0.0884827
0.222482
0.0993129
-0.0147471
0.105954
-0.125822
-0.190296
0.318313
0.163954
0.0823032
-0.048303
0.0036676
-0.08295
-0.0786939
-0.137067
-0.172584
0.110237
-0.0758163
0.149744
-0.214272
-0.121789
-0.0640572
-0.274719
0.147925
0.0705367
0.189669
-0.361582
-0.64246
0.265509
0.205785
0.0569232
-0.176432
0.241964
0.114628
-0.353193
-0.146397
0.073332
-0.0959681
-0.511805
-0.0387147
0.203263
0.268635
0.00357453
-0.111683
-0.047774
-0.0949864
0.0299343
-0.144824
-0.00653794
-0.319533
-0.182833
0.0488313
-0.16386
0.116462
0.140553
-0.10928
-0.293091
-0.136387
-0.0101732
0.16291
0.00687443
0.105484
-0.324354
-0.0631087
-0.00124586
0.124064
0.231216
-0.0692045
0.200792
-0.226808
0.102779
-0.0427754
0.421169
0.0536121
0.0207099
-0.0999092
0.260713
-0.0433273
0.190871
0.0676045
0.0233647
-0.170658
0.126291
0.00929984
0.142934
0.153403
-0.124059
0.0639587
0.0947445
-0.0459031
-0.114203
-0.0129703
0.167066
1.00946
0.149213
-0.0360722
0.13938
0.0653603
0.0181699
0.121293
0.159887
-0.0643078
-0.0448163
-0.148735
0.0539323
-0.0954232
0.0797695
0.142954
0.193585
0.0225036
0.270595
0.280547
0.0479588
-0.296653
-0.00338561
-0.403302
-0.378777
-0.603421
-0.191148
0.642562
-0.0101347
0.269493
0.17531
-0.193996
-0.149246
0.322162
-0.210862
-0.319847
-0.0830097
0.156892
0.229723
0.0582224
-0.0532844
0.699974
-0.419284
-0.217984
-0.24245
-0.100644
-0.414798
0.222205
0.122528
-0.0436089
-0.0463445
-0.31299
0.0499404
0.0844013
-0.0760269
0.174492
0.19347
0.545805
-0.0184483
-0.0568141
-0.143879
0.100427
0.0827525
-0.240545
0.0222704
0.168856
-0.081143
-0.276265
-0.00691198
-0.172252
0.00785152
-0.110955
0.167398
0.0173186
0.145662
-0.168972
-0.350198
-0.141545
-0.329302
-0.336819
-0.201571
-0.12263
0.193422
0.255947
0.194639
0.1958
-0.21234
0.25461
-0.00629931
-0.244058
-0.040262
0.0269481
0.149321
-0.0501898
-0.245561
-0.574709
0.132865
-0.270322
0.0358579
-0.0553077
-0.230311
-0.280456
-0.210848
0.134213
0.056916
-0.0208896
0.00819828
-0.0442689
-0.141171
-0.340301
-0.230889
0.135649
0.338129
0.166729
-0.0759752
0.0774071
0.00870934
0.0291103
0.0231761
0.0802905
-0.343095
0.103819
0.24466
-0.0323953
0.280183
0.496378
0.490591
-0.128205
0.393154
0.293994
0.173591
-0.136816
-0.0822702
0.00931733
0.195996
-0.397654
-0.645476
-0.245849
0.022546
0.213162
0.0333544
0.0399601
-0.121733
0.109956
0.00785082
-0.0429411
0.047723
-0.0816755
0.133126
-0.477165
0.0121176
0.0374399
-0.186443
0.035601
-0.126923
0.10701
-0.0951314
-0.0866583
0.357569
0.0458078
0.243588
0.291944
0.711478
0.209644
-0.0112798
0.477321
0.011957
-0.0464687
-0.0728983
-0.0559067
0.00946057
0.0541026
0.341652
-0.297019
0.0976918
0.0422382
-0.0281378
0.444321
0.0169103
0.127352
-0.0913436
0.103163
0.51229
-0.0553168
0.294677
0.0360332
-0.107052
0.19555
0.0443167
-0.0289994
0.124636
-0.0211869
0.115686
0.0804063
-0.0082407
0.0793342
0.0974172
0.196821
0.0402474
-0.131569
-0.374996
-0.151728
0.341645
0.0434606
-0.21572
-0.231969
-0.230032
0.0024919
-0.1054
-0.131376
0.30053
0.00956821
0.0692781
0.0384452
0.0150183
0.214841
0.071189
0.0280895
0.0741816
-0.211047
-0.0188174
0.168517
0.120046
-0.0122188
-0.198006
0.231895
-0.0617137
0.06603
-0.119538
0.080617
0.0820381
0.243631
0.211982
0.00248202
0.0600748
-0.267729
-0.0274935
0.0982158
0.138076
-0.159399
0.0444189
0.14109
0.121218
0.0151995
0.517322
-0.0403199
0.284989
-0.016733
-0.264007
-0.0941241
-0.0873273
-0.253713
-0.264947
-0.434492
-0.10035
0.195306
-0.00455726
0.176289
0.220027
-0.00782044
-0.118048
-0.28118
0.0109123
-0.14571
0.0825935
-0.0676811
0.232208
