0.36825
0.0655244
0.101672
0.0780029
0.0482188
0.124724
0.322374
-0.100846
-0.327988
0.15243
0.075966
-0.0469449
0.196725
0.154012
-0.0584356
-0.138044
0.0690215
-0.0367872
0.351535
0.256591
-0.102483
0.0280917
0.111293
0.328753
0.0295308
-0.0232781
-0.149323
0.0381156
-0.228604
-0.192465
-0.0724878
-0.189533
0.560517
0.0815439
-0.486506
-0.119802
0.173468
-0.26541
0.102495
-0.164796
0.306234
-0.0937914
-0.00672616
0.143997
-0.112469
-0.336002
0.215019
-0.157387
0.281887
-0.0725498
-0.033608
-0.144536
-0.0113843
0.216072
-0.217219
-0.0709044
0.0296289
0.179316
0.147207
-0.267215
-0.148045
0.187988
0.151166
-0.020236
-0.664684
0.173659
0.0953528
-0.339977
-0.443272
-0.0313352
-0.317478
-0.356766
-0.00141451
0.0856417
0.453608
-0.319374
-0.132971
0.033717
-0.209614
0.184351
-0.0188383
-0.109773
0.0607007
0.0498054
-0.0104108
0.200166
0.369446
0.0122535
-0.328198
0.130336
-0.0110572
0.476822
0.173429
0.00705231
0.141947
0.146909
-0.224465
-0.287904
-0.159665
-0.0304913
0.116096
0.433313
0.0637497
-0.0651974
-0.441259
0.199716
-0.623542
-0.321057
-0.166921
-0.0590181
-0.0345905
-0.0702206
0.364476
-0.610481
-0.335212
0.257621
0.106318
-0.362851
-0.340251
0.135994
-0.0930416
-0.262452
0.207786
0.145058
-0.124532
-0.180208
0.0432282
0.00646986
-0.269801
0.163069
0.177455
0.0558603
-0.373922
-0.346862
0.122317
0.207507
0.109014
0.139654
-0.193267
0.0747644
0.755313
-0.308512
0.170297
-0.0735501
0.124999
-0.0760218
-0.0570854
0.176462
0.126397
0.23955
0.0133228
0.182159
-0.105538
-0.134018
-0.165388
-0.254741
-0.153298
0.0475975
0.067776
0.0669818
-0.0995467
0.157613
0.0305391
0.0390168
0.107939
0.0128783
-0.196965
-0.054273
-0.13972
0.356093
-0.674668
-0.261243
-0.114333
-0.0373085
0.103904
-0.225135
0.0903485
-0.0803455
0.2524
0.237296
-0.195165
0.604812
0.335674
0.157554
0.0632704
0.275326
0.206818
0.403952
-0.233611
0.0854512
-0.121382
0.00273405
-0.0730815
-0.518838
-0.171407
0.0632164
-0.211372
0.00735906
-0.284319
0.244248
0.0509544
-0.210255
-0.357359
0.236945
0.364388
0.140577
0.0234564
0.32677
-0.340955
-0.179531
-0.0510286
1.00628
0.463889
0.447
0.222326
-0.11677
-0.00962816
0.0458241
-0.166713
0.065685
0.0536699
0.241685
-0.276335
-0.0620044
0.11897
0.118382
0.0169252
0.0607704
0.267084
-0.162992
-0.0533412
0.450549
0.50076
-0.244661
-0.27513
0.349456
-0.264077
0.184527
-0.394238
-0.0777728
-0.0920217
0.139828
-0.177026
-0.2168
0.130117
0.241999
0.356191
0.0369483
-0.0192092
-0.0809088
0.103006
0.713166
0.338149
-0.161489
0.0863507
-0.0601474
0.126333
0.123715
-0.0939553
-0.323822
0.0657864
-0.207849
-0.497094
-0.214828
-0.0429758
-0.223127
-0.345849
-0.0933156
-0.000436882
-0.0181431
0.159479
-0.256562
-0.00100579
0.00871466
0.293527
-0.0601004
-0.181791
0.144866
-0.0224738
-0.022147
0.14064
0.296567
-0.0695221
-0.108341
-0.446326
-0.0220436
0.265434
-0.302979
0.302085
0.187689
0.144879
-0.106089
0.174547
-0.0951907
0.158688
0.07933
0.159399
-0.44332
0.244101
0.151287
0.058859
-0.0210607
-0.0668134
0.0519257
0.0992301
0.0029133
0.266451
0.317677
-0.267141
-0.607422
0.316629
0.249967
-0.056762
0.0316137
0.191876
0.0553663
-0.0135628
0.111299
0.119881
-0.566393
-0.0482244
-0.139298
0.0393766
0.306564
0.0892981
-0.192986
0.0246703
0.298467
-0.395207
-0.377338
-0.164093
-0.00359936
0.0451073
-0.041102
0.0591673
0.327686
-0.0145027
0.200232
0.278766
-0.0746662
-0.199147
0.311295
0.207523
-0.0415044
0.00971369
-0.0714844
0.0395166
-0.194774
-0.19016
0.241596
0.206373
0.000590374
0.151882
0.479718
0.0283876
0.016705
-0.0145272
-0.0171819
0.0970566
0.341251
0.101939
0.213551
0.184195
0.232224
-0.229119
-0.0239132
0.00922307
-0.190509
-0.244239
-0.0646968
-0.102002
0.0773759
-0.0376622
-0.0512022
0.11512
-0.26534
0.180219
-0.148885
0.0112723
0.0287797
0.235186
-0.391465
-0.141354
0.491662
0.159616
0.0451575
-0.0761925
-0.0634645
-0.0285511
0.00717694
-0.267967
-0.101325
0.0425744
0.257253
0.243067
-0.0547652
-0.290076
-0.0398074
-0.0754586
-0.22257
-0.139917
-0.0373679
-0.152223
0.0588632
-0.344313
-0.203601
-0.244627
-0.0923007
-0.353942
0.402058
-0.0723599
0.183076
-0.0989825
-0.121686
0.0943435
-0.104284
0.109256
-0.150024
-0.0896577
0.384322
0.149753
0.128146
0.0281168
-0.279358
-0.036237
-0.0981626
-0.0467419
0.0314374
-0.0178771
0.152899
0.136716
0.91869
0.183613
0.0789462
0.188617
-0.456301
-0.0419403
0.157982
-0.0728905
-0.294297
-0.0321862
0.0784758
-0.240972
-0.0639771
0.125
0.0499968
-0.245041
-0.0571571
0.0762735
0.0243281
0.134027
-0.21085
-0.182262
0.458605
0.0992974
-0.886129
-0.226118
-0.160903
0.177878
-0.0247081
0.057058
0.0209223
-0.0219191
0.401186
0.0087875
-0.0529029
0.143232
0.351979
-0.172317
0.0333304
-0.023125
0.0146101
0.269343
-0.111981
0.703564
-0.184489
0.356497
0.0770804
0.331263
-0.0214149
-0.378215
0.0997779
0.395024
0.254172
-0.0486403
-0.418548
0.268845
0.127649
0.164016
1.01026
0.242079
-0.0891982
0.243134
0.309584
0.305193
0.00373178
-0.0294443
-0.481024
-0.0583265
-0.201889
-0.0921809
0.0621905
0.082729
0.142081
-0.204841
-0.206131
-0.305062
-0.114082
0.189437
-0.283988
-0.137897
-0.162569
0.248168
0.376431
0.182822
0.0799559
-0.0705949
-0.366389
-0.41635
-0.188813
-0.659851
0.0384323
-0.150829
0.055191
-0.0479116
0.120603
-0.41598
-0.0424129
-0.071151
-0.207251
-0.110953
0.394031
-0.104247
-0.0592891
0.0853482
-0.0480323
-0.065321
-0.294784
0.122903
0.137815
0.241023
-0.483787
0.245909
-0.0219545
0.147607
0.100679
-0.0558074
-0.597876
0.165614
0.0538005
-0.0627209
-0.133547
0.109331
-0.0469083
0.301199
-0.100135
0.196693
-0.269799
0.00557604
-0.0118888
0.029257
-0.129524
-0.006139
0.17051
-0.177263
0.305323
0.179957
0.0304543
0.107587
0.256016
-0.289033
-0.552605
-0.284397
0.0807896
0.194951
-0.0817336
-0.310208
-0.0535461
-0.0754967
0.0836732
0.215261
0.0720823
-0.0171068
-0.348364
0.12709
0.0228035
-0.0912753
0.363966
0.206206
0.237429
0.130975
0.165714
-0.0839839
-0.0521774
0.578658
0.0773119
-0.344101
0.0299501
-0.0665231
0.196573
-0.00118669
-0.0319768
0.0714263
0.100018
-0.211715
0.216131
-0.192607
0.10639
0.0423939
-0.28887
0.0202094
-0.244618
0.159768
0.31049
0.373172
0.061012
0.0816725
-0.182361
-0.238823
-0.153657
0.00547607
-0.138318
0.550983
0.167304
0.0907871
-0.324618
-0.404901
-0.0677228
-0.071581
0.127419
-0.530939
-0.619687
-0.407897
0.214409
0.394776
0.586805
0.154933
0.161047
0.0310949
0.329404
0.184992
0.348747
0.00745548
-0.00198191
0.147329
-0.165374
-0.175376
0.0737328
-0.152459
0.0875085
0.0171478
0.21534
0.0522357
0.349027
0.264926
0.194667
0.273393
0.0130008
-0.0529822
0.387863
0.0292853
0.0696743
-0.0437913
0.0214876
0.201007
-0.185635
-0.121801
-0.559675
0.327136
-0.076776
-0.0296054
-0.0348181
0.313461
-0.177487
-0.126099
0.482447
0.589884
-0.150092
0.0117007
0.154117
0.0136912
-0.0930569
-0.0290467
0.0564549
0.1673
0.164311
0.311745
-0.554081
0.299071
0.0535602
-0.0381561
0.0428157
-0.190832
-0.12309
-0.197405
-0.482004
-0.220723
0.223754
0.0221803
-0.423625
0.159648
-0.310188
-0.0205552
0.119185
-0.116876
0.169649
0.0903415
0.0625665
-0.114999
0.0825504
-0.0952005
0.0465467
-0.19306
-0.0955686
0.124131
-0.230102
-0.102282
-0.191514
-0.0549262
0.0212502
0.21258
0.069562
0.152769
-0.0491425
-0.0147924
0.123605
0.0292353
-0.0895058
-0.0632949
0.0590339
0.119946
-0.0807592
0.264393
-0.0367683
-0.106987
-0.0272709
0.0530231
-0.0332795
0.287059
0.522767
0.247304
0.229877
0.0638618
0.331483
0.145752
0.177131
-0.0200427
-0.0761877
0.447108
-0.0885698
0.106026
-0.0341787
0.0134213
0.212518
0.154284
0.24055
0.0411562
0.371622
-0.304975
0.0224948
-0.0430832
0.00383852
0.22295
0.378253
0.219743
0.263908
-0.056659
-0.0842741
-0.401587
0.442013
-0.52791
-0.0641698
0.0965604
0.117492
0.0120283
-0.487427
0.00273971
-0.0622827
0.174284
0.0395887
0.210134
0.275867
-0.105071
-0.236132
-0.101595
-0.0471473
-0.068729
-0.080047
0.0995232
-0.125467
0.0909113
-0.2054
0.0181928
0.000297215
0.227519
-0.299422
0.076836
0.0624873
-0.127865
0.249147
0.287055
-0.262879
0.10496
-0.0970213
0.572023
0.683683
0.166983
-0.265187
0.104713
0.532098
0.2029
0.228223
0.715909
0.571994
0.191445
0.145191
0.101594
-0.106802
0.1089
0.201701
0.167212
0.0561058
0.0448312
0.222384
-0.266013
-0.0109687
-0.103783
0.0116805
-0.0122652
0.174447
-0.267694
-0.0467761
0.0320697
-0.593281
0.176034
0.0661456
0.137234
0.0658801
-0.0147568
-0.381747
-0.333529
-0.27629
-0.241307
0.12742
0.0801068
-0.182639
0.0582161
0.0380465
0.179405
0.0695938
-0.0861168
-0.473654
0.146442
0.127882
-0.0941129
0.0955404
0.00767737
0.137825
0.158485
-0.293066
0.0692584
0.272866
0.0520011
0.223947
0.0476998
-0.0982695
0.0359695
0.22798
-0.177291
0.00944235
-0.0897079
0.189299
0.118021
0.406858
-0.35455
0.182424
0.101898
-0.166892
-0.20465
-0.125374
0.0331525
-0.330672
-0.143965
0.00882304
0.0955746
0.0683538
-0.128713
-0.0091151
0.0450832
0.2579
-0.0416265
-0.0903587
0.205892
0.296857
-0.0720324
0.208236
0.20002
-0.357978
-0.0803442
-0.0315181
0.515499
-0.179361
-0.257347
-0.0978395
-0.319855
0.0215283
-0.0123247
-0.293293
0.0399907
-0.0668224
0.231154
0.0653813
0.356259
0.124377
0.59499
0.0373153
0.0539659
-0.109922
-0.190037
0.0500981
-0.310717
-0.167986
0.0705304
0.0819976
-0.41221
0.115948
-0.161929
0.262921
0.109052
-0.0678101
0.299261
0.359417
-0.227681
-0.284247
0.298093
-0.199718
0.178241
-0.0363933
-0.135797
-0.152931
-0.187361
-0.161891
0.133213
-0.2801
0.0290761
0.0720937
0.153317
-0.0594146
-0.0303674
-0.24994
-0.214072
-0.0121407
0.0185598
-0.0947095
0.152076
-0.249587
-0.227847
-0.206157
-0.00513644
-0.0369646
0.131771
-0.156856
-0.154272
-0.134715
-0.326759
-0.0230402
-0.118145
-0.125017
-0.109242
-0.107346
-0.221392
0.0346488
0.340074
0.569294
-0.0130162
0.12962
-0.298049
0.394313
0.0249503
-0.385097
-0.293197
0.153945
0.243616
0.215322
0.319533
-0.00493008
-0.188945
-0.0351048
-0.085353
-0.309683
-0.258322
0.258265
-0.24148
0.0918063
0.0557059
0.0941429
0.0947675
0.109582
0.224387
0.231151
0.0743455
0.141336
0.144235
0.49769
-0.210119
-0.167749
-0.0975696
0.171024
0.0954839
0.110589
-0.123455
-0.0534107
0.00228547
0.147466
0.130837
-0.304494
-0.557748
0.317071
0.120604
-0.110573
0.0348764
-0.0233525
0.170807
-0.0369197
-0.281085
-0.0574328
-0.352953
-0.158506
-0.163612
-0.0156238
0.0470824
-0.154423
0.208745
0.05121
-0.0048033
-0.149093
-0.183913
-0.178164
-0.599734
0.0279649
-0.0515262
0.381929
0.021887
0.0636592
0.516921
0.0390187
0.0889424
0.0695815
-0.221734
0.0679395
0.0262975
-0.00960586
-0.064552
-0.273586
0.0857891
-0.343299
0.117742
-0.0410709
-0.289966
0.15329
-0.143343
-0.0883931
-0.0660948
-0.168199
-0.280064
-0.0758005
0.016188
0.00320279
-0.107352
0.188798
0.144178
-0.243402
-0.0365729
0.0565096
0.0483076
-0.0622991
0.123936
0.00938785
-0.0147376
0.0877885
0.244397
-0.0553073
0.437881
0.277296
0.122861
-0.197187
-0.019461
0.0189657
-0.0822492
0.0206002
0.13351
0.318
0.0243325
0.169064
0.103462
-0.000750945
-0.160034
0.0376004
-0.00369326
0.112707
0.0134146
0.0319048
0.00209768
-0.0699839
-0.0172986
-0.0743479
0.0619689
-0.248768
-0.0241712
-0.120559
-0.580442
-0.122535
0.0481642
-0.173984
0.414539
0.0768414
-0.000917815
0.0619099
-0.165203
-0.152033
0.0652164
0.366019
0.0212938
0.0882186
-0.0815982
-0.297057
-0.15022
-0.208962
-0.241618
0.117789
-0.08776
-0.191495
-0.0323933
-0.0503367
-0.171199
-0.129983
0.192133
0.111823
0.122613
-0.104723
-0.0125558
-0.0634866
-0.00312861
0.213839
0.156542
0.202472
-0.573768
0.00799156
-0.106772
0.0851887
-0.156987
-0.781841
-0.385983
0.186519
0.438501
0.319083
0.0228742
0.11907
-0.122612
0.152788
-0.0540677
0.0163105
0.0289392
-0.0607538
-0.0424793
-0.259394
0.00488828
0.0962234
-0.184634
0.158513
0.192388
0.0965245
0.0409243
0.307474
-0.0454469
-0.316147
0.157704
0.153384
-0.294989
-0.0537639
-0.224441
0.00685439
0.0359882
0.0163179
-0.0806876
-0.160367
-0.130388
0.129071
-0.153661
-0.0654497
-0.0909738
-0.0748924
-0.196595
0.030641
-0.0362996
-0.052139
0.118096
-0.0336359
0.415503
0.251936
0.0515872
0.101357
-0.204643
0.0585763
0.222925
0.225892
0.109869
0.313959
-0.313838
0.0308603
0.197537
-0.0820437
-0.0105265
0.00957032
0.00103113
-0.0547838
0.629064
0.190045
0.493775
0.140448
6.33289e-05
0.200078
0.0559322
0.271411
-0.185661
-0.0163705
0.094793
0.0581794
-0.0811516
-0.104554
0.141593
0.259388
0.288377
0.0263737
-0.188931
-0.0555504
-0.00737662
-0.182067
-0.385915
0.013867
0.14546
-0.16615
-0.668477
0.000615088
-0.287004
0.0270001
-0.0953278
0.181977
-0.199346
-0.222978
0.348558
-0.196612
-0.679257
-0.0126639
0.046814
-0.0429111
0.0656918
-0.104168
0.591707
0.00499324
0.367805
0.0334642
0.233581
-0.487291
-0.0522068
-0.133362
0.24684
0.362415
-0.150679
0.230191
-0.173776
-0.105422
-0.387579
-0.243236
-0.317786
-0.0938355
-0.0184307
-0.225922
-0.152067
0.084055
0.0585356
-0.0267486
0.0452382
-0.0118602
-0.0561416
-0.0700125
0.0433907
0.0428917
-0.207093
-0.0874509
0.0018271
-0.184048
-0.36644
0.0864445
0.132227
0.199258
0.00493608
-0.279076
0.0788421
-0.442988
0.0221617
0.1805
0.0151653
0.00468362
0.065088
-0.206326
-0.0330862
-0.287117
0.0395095
0.174028
-0.151996
-0.102081
-0.0769632
-0.478476
-0.0487149
-0.0464018
-0.215841
-0.178237
0.303001
0.0890332
-0.482773
-0.0801045
0.045767
0.130462
-0.880664
-0.446897
0.00637818
-0.287503
0.226603
-0.285697
0.249074
0.313683
-0.217392
-0.180794
-0.0939713
-0.132181
0.129061
0.0269197
-0.205782
-0.206148
-0.0232862
-0.144636
-0.0451289
0.114452
-0.131352
0.204502
0.0126272
-0.266055
0.187474
-0.0546871
-0.222836
-0.0380656
0.213896
-0.208072
0.0475403
0.0897329
0.0837658
-0.022495
-0.272572
0.0322673
-0.403474
0.275555
-0.159482
-0.272044
-0.336001
-0.0286984
0.127825
0.398215
0.048873
0.15674
0.0271815
-0.19124
-0.112323
0.0876248
0.537878
0.0669131
-0.224902
-0.339529
-0.108862
-0.204452
-0.0100025
0.272503
0.0363373
0.369386
0.136354
-0.169968
0.017179
0.0764663
-0.408079
-0.0102805
0.00237011
0.301854
-0.0225004
0.109882
-0.0569261
-0.0414743
0.362257
0.235788
0.00594265
-0.368697
0.0769615
0.0697736
-0.0478363
-0.0927241
0.0683351
-0.0640409
-0.169569
-0.00442124
0.216839
0.0498006
-0.283299
-0.027536
0.0880136
0.209426
0.659716
0.135586
0.0702394
0.252018
0.0724424
0.0754184
0.307142
-0.363275
-0.0638936
-0.178849
0.0283339
0.0295352
-0.0258985
0.045671
-0.238356
0.0191731
0.495453
0.105509
-0.0246479
-0.140296
-0.0765691
0.0181563
-0.046714
0.0574203
0.160244
-0.0360953
0.262511
-0.056957
-0.26926
-0.312094
0.0111921
0.179384
-0.0258782
-0.192285
-0.122365
0.095515
-0.370677
-0.225381
-0.146538
0.500538
-0.0239614
0.10452
0.122843
0.122452
0.296825
0.442001
0.319422
0.608464
0.451951
-0.212581
-0.566824
-0.162661
-0.0105985
-0.0403434
0.170155
0.0694379
-0.420962
0.0369335
0.207774
0.11006
0.202879
-0.0778281
-0.357516
-0.241834
-0.0830617
0.546396
0.107692
-0.0884516
0.058149
0.491863
0.145475
0.509443
-0.162974
-0.0494159
0.111442
0.195203
0.370355
0.20833
0.281585
-0.658902
0.0334461
0.340908
0.349852
-0.179217
-0.316205
-0.119779
-0.189441
0.217886
-0.260649
0.0469221
-0.129868
0.141846
0.11039
-0.114505
-0.00647364
-0.429674
-0.158099
-0.00956743
-0.086026
-0.0175033
-0.0703032
0.0740972
-0.00464018
0.121899
0.175926
-0.102024
0.172589
0.289426
-0.00301436
0.0363759
0.153968
0.322997
0.416391
-0.0772704
-0.263092
0.456167
0.663699
-0.0617012
-0.155905
-0.526668
-0.633509
0.230804
0.0729031
0.130917
0.621822
0.0820071
-0.136351
-0.435472
0.0791156
-0.429131
-0.0980713
0.185849
0.136718
0.0699628
-0.125958
-0.0633496
-0.0962
-0.324457
-0.590751
-0.230562
-0.130812
-0.176691
-0.430639
-0.176181
-0.198532
0.14334
-0.0536493
-0.250281
-0.230778
-0.125767
0.00700507
-0.103043
-0.100204
0.252645
-0.23191
0.153327
0.033487
0.405738
0.235474
0.462073
0.149596
-0.134296
-0.0514638
-0.0427391
-0.0234802
0.663053
0.08316
-0.312174
-0.095062
0.41933
-0.0441728
-0.105391
0.358875
-0.108148
-0.284806
0.208527
0.191947
0.00953089
-0.300525
-0.019747
-0.0107461
-0.344186
-0.0783899
0.120392
0.424731
-0.0117548
0.336779
0.50162
0.0819716
0.0145795
-0.140568
0.0216667
0.192806
0.0784335
-0.130698
0.170965
-0.326628
0.0724331
0.0172012
-0.16843
-0.344784
0.264171
-0.0285748
-0.0729521
-0.0442231
-0.318392
0.335406
0.121162
0.0273125
-0.237406
0.0386544
-0.0153563
0.137378
-0.197354
-0.142914
0.0397208
-0.288913
0.553117
-0.0463594
-0.0528102
-0.0778636
-0.0613046
0.28719
0.0371048
-0.083922
-0.10149
-0.0705471
0.247256
0.0569024
-0.152585
0.0631653
0.152523
-0.121081
0.179775
-0.108311
-0.762871
0.304937
0.180883
0.0962445
0.00617583
0.183531
0.223998
0.173882
0.226722
-0.0825001
-0.142962
-0.227839
0.121265
0.0628302
-0.180523
-0.190691
-0.354134
-0.245094
-0.179375
0.156653
0.112914
0.056198
-0.169992
-0.106707
-0.224951
-0.18598
-0.0923419
0.00920075
0.166396
-0.0192412
-0.126833
-0.237273
-0.0517127
0.150348
-0.0469986
0.142411
-0.0616228
-0.264653
0.0333103
-0.0680429
0.131356
-0.107059
-0.0409796
-0.48065
0.631621
0.243488
-0.448505
0.0552554
-0.193662
-0.063998
-0.132359
-0.277894
-0.118719
0.00328471
0.116564
0.251115
0.0335999
0.119601
0.236588
0.174336
0.0530936
0.0465016
0.145566
0.683346
0.0267444
0.294275
1.05266
-0.0945488
0.141659
0.328658
0.280484
-0.490256
-0.201305
0.353825
-0.306884
-0.00799726
-0.228886
-0.0621999
-0.118193
-0.068195
0.0962395
0.29194
0.0231857
0.0777234
-0.0272534
-0.0701128
0.508267
0.10458
-0.0468206
0.207568
0.039251
0.0791847
-0.158771
-0.289065
0.19635
-0.264824
0.117988
0.0976862
0.233432
-0.119262
-0.117685
-0.187392
0.0863862
-0.0576527
0.0766276
-0.121423
-0.165618
0.161116
-0.0675801
0.330936
-0.323316
-0.0592038
-0.0447467
-0.069774
0.380682
0.152017
0.0647207
0.115444
0.332359
0.314575
0.184236
0.268285
0.313901
0.17739
-0.115696
0.032026
-0.275603
-0.0521229
0.503479
0.198864
0.107279
0.0205256
0.0884495
0.586217
0.118573
0.143238
0.173159
0.079899
0.08684
0.205462
0.0649301
0.0735848
0.264188
0.428523
-0.271071
-0.217376
-0.292199
-0.081975
-0.521088
0.129486
0.28734
-0.131019
-0.107349
-0.0321455
0.324742
-0.334282
0.153399
-0.300362
0.186899
-0.0717938
0.363634
0.205749
0.565463
0.369803
0.0826568
-0.0619662
-0.0734802
-0.0746518
0.0209961
-0.053026
-0.130643
-0.299038
-0.331079
0.280418
0.342626
0.176631
0.0576511
0.667384
0.0976589
0.0874053
0.0497395
-0.111788
-0.0359539
-0.00841546
0.0669048
-0.0543362
0.0836952
0.748573
0.186756
0.318173
0.0790564
0.0388824
-0.165994
-0.11818
-0.0250703
-0.189333
0.0467099
-0.0887235
0.540356
0.0982948
-0.178147
-0.29857
-0.300118
-0.328465
0.115906
-0.103943
0.0954206
0.360435
-0.0534526
0.0799019
0.0925893
0.170565
0.0185116
0.0806447
-0.330751
-0.313869
-0.0794945
0.0366406
-0.673839
0.209019
0.0514831
-0.306436
0.327877
0.205721
0.0687701
-0.000123152
0.126282
0.0491581
0.0617073
-0.0395844
-0.083685
0.00137406
-0.118829
-0.00152545
-0.304354
-0.25473
-0.108078
-0.146398
-0.0333541
-0.161096
-0.000493901
-0.29339
-0.140223
-0.218769
-0.028759
0.15861
-0.124438
0.300053
-0.062839
0.00470179
0.228164
0.0190382
-0.12045
0.0297491
0.264021
0.068999
0.036863
0.178989
0.0568415
0.212998
-0.0273573
-0.209395
0.197503
0.113815
-0.402842
0.0805215
0.0284524
0.0267933
-0.185467
-0.281817
-0.757729
-0.430546
-0.130834
-0.163076
0.100956
0.016696
0.0881905
-0.00417588
-0.0600578
-0.0570216
0.49252
0.131547
-0.0497843
0.104955
0.0967708
0.149565
0.323953
0.025207
-0.11487
0.0223128
-0.408241
-0.495044
-0.333065
0.0351345
0.0224468
0.7742
0.0393607
0.0532599
-0.0663459
0.243704
-0.0918195
-0.133059
-0.084096
-0.101486
0.10275
-0.403407
-0.123975
-0.0800773
-0.48035
-0.31694
-0.30277
0.214654
-0.136123
-0.146522
0.102022
-0.258177
-0.0296464
0.0961763
0.347346
0.132773
0.141841
0.290635
0.416614
0.359442
0.0368007
-0.0241016
-0.34697
0.205996
0.185017
0.0251893
0.00375993
0.640618
-0.152034
-0.0579145
-0.0189864
0.341272
0.377085
-0.0199681
0.379733
-0.316121
0.314906
0.168645
-0.0287484
-0.0745214
0.208929
-0.525676
-0.00549383
0.0206955
-0.10342
-0.24974
-0.141746
-0.243328
0.143968
-0.0377123
0.0184506
-0.146812
0.115867
0.109726
-0.172069
-0.0628908
-0.185869
0.100653
-0.0691887
0.3264
-0.105812
0.0779147
0.0639623
-0.171134
0.370357
0.0148301
-0.0414765
-0.15866
0.207546
0.105026
-0.0486555
0.309333
-0.190975
0.207228
0.0549779
0.27865
0.159677
0.373915
-0.0181838
0.524367
0.116238
-0.0559613
-0.8238
-0.153005
-0.227479
0.746512
0.471248
0.122321
0.117496
-0.00694829
0.176108
-0.0792481
0.648615
-0.21546
-0.202117
0.059539
-0.0637496
-0.00609882
0.0888147
0.118334
-0.183916
-0.312807
-0.0219006
-0.199642
-0.195931
0.125137
-0.0779263
0.105431
0.222427
-0.0520835
0.127354
0.0260683
0.240481
0.135536
-0.00201272
-0.397788
0.0778923
-0.465076
0.243991
-0.203117
0.0838058
-0.0219084
0.00522952
-0.0521577
0.71235
0.426606
0.236916
0.262308
0.128222
0.0342007
0.119883
-0.0506788
0.290289
0.00920718
-0.0714135
-0.0940768
0.0438359
-0.282614
-0.132044
0.0710732
0.429088
0.00471302
-0.043891
-0.152389
-0.129844
-0.270152
0.0354326
-0.119059
0.229455
0.105507
0.0464283
0.122869
0.0984325
0.0119685
-0.119618
0.103318
-0.39823
0.112935
0.118688
-0.0331637
0.084686
-0.0192242
0.211547
-0.382081
-0.375926
0.141574
-0.370296
0.0404594
-0.134222
-0.35904
-0.0379118
-0.17164
0.328043
-0.0364875
0.172224
0.0692491
-0.153643
0.144048
-0.102119
0.0509667
0.117677
0.0966327
-0.0264961
-0.00342976
0.0430732
0.223975
-0.0186499
0.261395
-0.196338
0.0112122
0.177259
0.111201
-0.0569854
0.185127
-0.0824853
-0.167004
-0.0915465
0.326625
0.255199
-0.0172783
-0.0365971
-0.224052
-0.128026
0.0258649
0.0406354
0.119442
-0.238342
-0.02185
-0.0924375
0.323094
0.0450484
0.0738998
0.0337144
-0.0530512
-0.480298
-0.575171
0.176735
0.264729
-0.138619
-0.0718971
0.164346
-0.165823
-0.14831
-0.268406
-0.192756
-0.0550922
0.114037
0.24756
0.0233494
0.229848
-0.0173189
-0.362919
-0.0807499
-0.388533
-0.178339
0.0170803
0.0911932
-0.385977
-0.32539
-0.0114228
-0.180458
-0.450662
0.0490412
-0.0255579
-0.194602
0.233113
-0.0192128
-0.0536513
-0.0225391
0.133232
-0.210538
-0.0809039
-0.0168824
0.204305
0.114123
-0.141907
-0.127621
-0.0839155
0.234867
0.131896
0.355545
-0.00652294
-0.0738943
-0.259252
0.00524763
-0.101167
0.0432421
0.0939726
-0.0196309
0.036002
0.00494776
-0.0402603
-0.0500841
0.147836
-0.0331067
0.127907
-0.0803437
-0.0111944
0.26182
-0.109583
0.0202529
1.13863
0.179225
-0.0653231
0.00277329
0.244079
0.0787325
0.058218
-0.0358732
0.0144978
0.0510468
0.0651271
0.0893433
-0.0320926
-0.117892
0.468927
0.100335
0.0218415
0.283443
0.412253
-0.680802
-0.407268
-0.0497905
-0.270989
-0.207068
-0.506093
-0.423376
-0.0379308
-0.56536
0.226395
1.00933
0.419998
0.0312599
-0.30541
0.10445
0.188527
0.0456455
0.305995
0.234674
-0.0961413
-0.279618
0.110371
-0.06226
0.243452
-0.172462
-0.168704
-0.116359
0.224392
0.488208
-0.106192
-0.0334776
-0.22724
-0.346799
-0.0234668
0.00776901
0.0993504
-0.120007
0.0219695
0.0191148
0.0028057
0.0752236
0.123109
-0.281295
-0.497752
-0.242788
0.0220831
-0.170103
0.116389
-0.175708
-0.0883463
0.180769
-0.0105546
-0.0268721
-0.185057
-0.196001
-0.133594
-0.541761
0.116827
-0.0738962
-0.222021
0.0124112
0.402537
0.00195115
0.064813
-0.147243
-0.232737
0.0603001
-0.284744
-0.0831856
0.212816
-0.0479913
0.0488181
0.0757747
0.110009
0.137643
0.00482718
0.130125
-0.0626069
-0.0759012
-0.0300887
-0.0774491
-0.109789
-0.0686231
0.206476
0.0501496
0.0542305
-0.241198
0.172473
0.209315
-0.160988
-0.146363
-0.134148
0.317855
0.107502
-0.117379
0.188084
-0.0517275
-0.235208
0.0513507
0.0294722
0.0797595
0.0539866
0.161946
0.22212
0.115073
0.0664549
0.150079
-0.358991
0.141091
-0.530385
0.0324602
0.26729
-0.106114
-0.0326862
-0.0523926
0.106554
-0.119681
0.220525
0.0448659
0.325904
0.115356
0.0109005
-0.0678375
-0.121305
-0.692442
-0.0717506
0.152902
-0.397498
0.143949
-0.188007
-0.0118426
0.0798304
-0.197618
-0.00708643
0.215875
0.176408
0.256526
0.0381905
-0.414959
-0.165916
0.437532
0.178347
0.692677
0.0291947
-0.153001
0.418778
-0.26882
0.153824
0.0362727
-0.0319472
-0.0294258
0.0244427
0.200426
-0.221033
0.165402
0.214762
-0.00943415
0.471297
0.186731
0.175112
0.463322
0.534762
0.0813356
-0.022649
0.0494189
0.130908
0.00373148
0.230209
0.205773
-0.11114
-0.00661584
-0.132917
0.126094
0.0702353
0.00634236
-0.111977
-0.108216
0.13739
0.210784
-0.140441
-0.237569
0.202147
0.112461
-0.133396
-0.11019
0.233298
-0.309598
0.0535378
-0.0728595
-0.0640179
0.0831645
-0.0470953
0.000405826
0.0232996
0.185116
-0.0974733
0.509077
-0.00626224
0.189463
-0.681608
0.151724
0.160948
-0.0166729
0.13772
0.0572821
-0.0951918
0.101625
0.22742
-0.164858
0.0260864
0.0305085
-0.0117713
-0.140474
0.113496
0.00254454
0.0103619
-0.0738901
-0.1489
0.206008
-0.115357
0.177067
0.423895
-0.208495
-0.0245839
-0.0266402
0.0991942
-0.273379
-0.128083
0.00546009
0.291294
-0.38187
-0.327822
0.168531
0.0471563
-0.311512
0.250658
-0.0405759
0.0639753
0.119296
-0.0864427
-0.152085
-0.266391
-0.0231967
0.0733361
-0.0334979
-0.146943
-0.107575
