0.325135
0.204435
-0.350044
-0.147885
-0.0649352
-0.179189
0.385963
-0.19798
0.310957
-0.0375125
0.0438885
-0.273326
0.0663586
0.0171371
0.0587684
0.0535771
0.299035
0.155536
0.527753
-0.0733224
0.0243438
-0.11551
0.0569999
-0.119248
0.0974542
-0.117857
0.144425
-0.292576
-0.0682032
-0.0221209
-0.0140991
-0.446462
-0.110101
-0.384812
-0.45329
-0.432418
0.0375118
-0.234889
-0.00727442
0.00651967
0.129321
-0.240326
-0.121925
-0.0848275
-0.0532364
-0.180429
0.482587
-0.0531607
-0.0477564
0.0109974
0.132361
0.0487121
0.17653
0.217971
-0.0396187
-0.0634535
0.106941
0.30451
-0.0257282
-0.138349
-0.0268404
-0.0919532
0.334942
-0.00174978
-0.63568
0.0206818
0.0776567
-0.589851
-0.54818
-0.235571
-0.476079
-0.233197
-0.0236295
-0.169329
-0.428332
-0.278587
-0.0245054
0.110611
0.139699
-0.0797942
0.00679603
0.357983
-0.0919272
-0.059347
-0.100442
-0.366963
0.266016
-0.503271
-0.26369
-0.186048
0.164478
0.489003
0.0852168
-0.264218
0.461419
-0.0765313
0.118777
0.113384
0.0756013
-0.0381755
-0.00363464
0.65517
0.30782
-0.291682
0.0354937
0.125116
-0.0855581
-0.139165
-0.183036
0.292993
0.237791
-0.0222623
0.453635
0.359654
0.206954
-0.0605849
-0.164835
-0.0623102
-0.178538
0.39754
-0.266784
-0.236777
0.451089
0.113635
0.166529
0.182131
0.0385293
-0.344704
-0.177004
0.271105
0.227912
-0.00273261
-0.035658
-0.171027
0.117661
0.376477
-0.0296893
0.286394
-0.140319
0.224188
0.644172
0.0205551
-0.000218588
0.175819
-0.183419
-0.165896
0.0212507
0.179273
0.116326
0.133026
0.0183672
-0.0059166
0.251669
-0.00973624
-0.244667
-0.305445
-0.171315
-0.158901
0.0202056
-0.0133394
-0.0263588
0.0347789
-0.0234908
-0.0274482
-0.0124574
-0.011365
0.0645043
-0.151033
0.576123
-0.0968205
-0.164991
-0.0200303
0.586208
0.165511
0.0887387
-0.107617
0.806056
-0.0729507
0.181228
0.00651498
-0.0328013
0.175495
0.26439
-0.0602251
0.109839
0.695725
0.0787891
0.324856
0.248011
0.131248
0.224451
0.0842616
0.130445
0.0960651
-0.0416418
0.0754526
0.300189
-0.00404369
-0.109762
-0.124233
-0.0837095
-0.240189
-0.282645
0.148756
0.208404
-0.202256
-0.25422
0.148385
-0.111022
0.0845247
0.00434752
0.253314
0.440445
-0.0326489
0.186555
-0.0361346
-0.0854271
0.0232803
-0.194559
0.429476
0.0838649
0.0978319
-0.0584493
-0.185206
-0.193144
-0.428209
-0.133759
0.0128217
0.227931
0.121267
0.151697
0.715122
0.538384
0.16156
0.267088
-0.00286642
0.128952
-0.0458065
-0.465304
-0.556733
0.135471
-0.315189
-0.166987
0.289387
-0.271181
0.0646721
0.106743
0.11085
-0.0352848
0.0622288
-0.13927
-0.079674
0.0799543
-0.116816
0.00601324
0.0734878
-0.102485
-0.0347505
-0.231774
0.0414069
0.251961
-0.0952503
-0.321566
-0.253538
0.0524241
-0.307968
-0.0882742
-0.0348823
-0.0266827
-0.00783839
-0.0817253
-0.124622
0.0430117
0.207199
0.106139
0.130449
-0.0147587
-0.164448
0.306239
-0.121185
0.131981
0.267011
0.0214041
-0.0312281
0.0237112
0.143223
-0.173275
-0.255097
0.267146
0.567699
0.170771
-0.0739631
0.00298394
0.0292528
0.196579
0.193876
0.172979
0.0668537
-0.339244
-0.0829559
0.240716
-0.127304
0.0382553
0.328362
0.0545465
0.234146
-0.462917
0.00207501
-0.291231
-0.227179
-0.0876792
0.374608
-0.272842
0.396854
-0.0938834
0.488782
0.0342922
0.0456257
0.0706246
-0.249771
-0.0709776
0.00153589
0.192048
-0.440815
-0.0908119
0.0966592
0.0433827
0.265297
0.0187844
-0.00972756
-0.395855
-0.196532
-0.0811864
-0.203712
-0.0970637
0.416093
-0.0479586
0.121801
0.0355599
-0.143512
-0.237601
0.280548
0.452716
0.0504173
-0.189516
-0.0231187
-0.163039
-0.147134
-0.0401075
0.00988459
0.100943
-0.236244
0.188645
0.00381921
0.270344
0.296371
0.205265
0.0236769
-0.0227525
-0.228023
0.0660729
-0.115202
0.157084
0.244561
0.408702
0.16949
0.0236955
0.116962
-0.115077
-0.25413
-0.138059
-0.155302
0.534819
-0.141813
-0.247356
-0.124411
-0.293834
0.0218127
0.139542
0.248673
-0.0101613
-0.00281238
0.0425133
0.184115
0.0307432
0.0777714
0.028425
0.0580236
-0.0962194
-0.059276
-0.065595
-0.296791
-0.0561299
0.480281
-0.0786311
-0.276394
-0.00473774
0.0456859
0.0363813
-0.193814
0.161057
0.140414
-0.137577
0.0473156
0.13485
-0.437043
0.0824111
-0.069673
-0.163349
-0.219787
-0.21125
-0.0505973
-0.410954
-0.0390077
0.273854
-0.164306
0.129264
0.104232
0.129043
-0.00448715
0.128583
0.475141
-0.0283921
-0.297962
0.0525935
-0.108398
-0.195381
-0.373341
0.149152
-0.155678
0.216852
0.63633
0.268896
0.121127
0.0837116
-0.0803054
-0.314726
0.169547
-0.258948
0.046445
0.00660985
0.0174939
0.149094
-0.00862859
0.0288893
0.158
-0.280946
-0.177286
-0.376714
-0.0138497
0.117902
-0.00160546
0.00256835
0.0128345
0.0208847
-0.374968
0.136651
-0.148201
0.284595
0.209343
0.273774
0.136124
-0.205151
0.187685
-0.0642017
-0.019425
0.222609
0.199643
-0.0067938
0.0416567
0.0346526
0.336891
0.443374
-0.510302
0.0203684
0.0516736
0.00642125
-0.133324
-0.0198414
0.0305201
0.285352
-0.00642528
-0.00647985
-0.0616362
-0.0503775
-0.458373
-0.115813
0.0339362
0.10348
-0.00178592
0.183958
-0.134828
0.192591
0.302995
0.223758
-0.0914486
0.0170031
0.0131146
0.0418846
-0.0407506
0.0482801
0.0562646
-0.176298
-0.107041
-0.524679
-0.0742279
-0.239227
-0.0706519
0.0165301
-0.397875
0.326618
-0.408042
0.180838
0.343959
0.376003
0.1049
-0.100523
-0.501197
-0.335616
-0.405399
0.125852
-0.027125
-0.290769
0.0966937
-0.095317
-0.183596
-0.387582
-0.0481927
-0.0497213
-0.0509366
-0.0212233
0.155269
-0.142318
0.0357636
-0.0706786
0.0958762
-0.0899599
-0.360597
0.244484
0.198071
0.0485129
-0.150605
0.186738
0.00997424
0.104101
0.0461557
0.140332
-0.175828
0.179786
0.00773962
-0.203888
0.418775
0.300345
-0.235468
-0.0304119
-0.115428
0.0756715
-0.0663576
-0.216118
0.283797
-0.308599
-0.157521
-0.00342436
-0.122065
-0.175103
0.303673
-0.0539896
0.0105276
0.255133
0.36917
-0.217175
-0.493291
-0.610128
0.0580101
0.279571
-0.122742
0.0337871
0.354527
-0.0221753
0.0336051
-0.0495637
0.0061215
0.0029467
0.0691947
-0.0962806
-0.227337
-0.320996
0.663957
0.241714
0.2591
-0.192546
-0.430136
-0.207882
-0.262003
0.199257
-0.100826
-0.438062
-0.032898
-0.00944742
0.140887
-0.201372
-0.37431
0.00442951
-0.206795
0.110644
0.0443138
-0.166236
-0.121218
0.122368
0.105694
0.0454985
0.167716
0.168275
0.0409902
-0.0560053
-0.0400986
-0.0567777
0.108362
-0.0433319
-0.397316
0.0104578
0.0783875
-0.0314411
-0.116403
0.091935
-0.054479
-0.422748
-0.0479693
-0.143069
0.317922
-0.192235
-0.1147
-0.22319
0.436603
0.202459
0.579931
0.224938
0.180688
0.0641028
0.415171
0.0751633
0.198876
0.373501
0.14874
0.260093
0.119084
-0.0917601
-0.0978229
0.125008
0.324695
-0.0457941
0.126035
-0.018351
0.150607
-0.0595644
0.2632
0.394661
-0.0346007
-0.0217288
0.575146
0.180142
-0.101149
-0.164573
-0.234351
-0.0200329
0.0796982
-0.397327
-0.0909941
1.199
0.320304
0.072323
-0.140021
0.150485
-0.124862
0.163741
0.15901
0.424321
-0.0508281
-0.114854
0.0353447
-0.0436496
0.206929
0.353903
0.220715
-0.391191
-0.332889
0.625588
-0.0879412
-0.148156
0.0216483
-0.0669623
-0.397207
-0.193491
-0.467047
-0.157173
-0.252508
-0.214482
-0.330411
0.371431
-0.200237
0.0871526
0.254162
-0.0532136
-0.0328813
0.19294
-0.122061
-0.0855386
0.186542
-0.0808754
0.287547
-0.122476
0.0639609
0.263047
-0.267562
-0.0221451
0.0310523
-0.0276508
-0.181908
-0.0855671
0.441515
-0.193473
0.196872
0.0381304
0.13972
0.0380625
0.191947
-0.0651042
-0.08417
-0.175608
-0.15115
0.0970174
-0.0662418
-0.0423996
0.0018326
-0.027225
-0.14032
0.0615737
0.125815
0.191803
0.0967027
-0.105455
-0.123954
-0.0392044
0.469161
-0.0684749
0.0471124
-0.00766376
-0.0848043
0.274057
-0.115188
0.630948
0.0287079
-0.0982739
-0.0176728
0.0425427
0.241243
0.0111965
0.168429
0.0246905
0.289419
0.104808
0.119134
0.266481
0.081058
0.0992316
-0.106547
0.0375413
0.0800702
-0.0651734
0.602616
-0.0642187
0.0320341
0.0990581
-0.0673868
0.327525
0.260787
0.0538835
-0.0357668
-0.189892
0.00993535
-0.0809657
0.318355
0.0610962
-0.203314
0.0997174
0.100573
0.207349
-0.0643015
0.0140903
-0.0785251
0.0658185
0.162144
-0.239951
-0.164656
-0.132877
0.339475
-0.159066
0.0376775
-0.269901
0.106822
0.491862
-0.404339
-0.141763
-0.375944
-0.0863942
0.58634
0.184035
0.228526
0.0780016
-0.0599832
-0.312775
-0.576528
0.191496
0.317465
0.431937
0.0276451
-0.115036
-0.190201
-0.102349
0.0988267
0.123757
0.331067
0.0412387
-0.0331879
-0.214365
0.1767
-0.129233
0.0533557
0.0391111
0.0204625
-0.0118297
0.025262
-0.206596
-0.37404
-0.199027
0.171286
0.0529407
-0.0744628
-0.165134
-0.303344
-0.0254201
-0.148507
-0.177301
0.104157
-0.144014
-0.0930301
-0.259676
0.0647282
0.0909301
-0.125878
-0.300363
-0.235571
-0.356632
0.208111
0.0553106
-0.119429
-0.0777486
0.258962
-0.0192617
-0.633765
0.236918
0.386871
0.145892
0.316801
0.118198
-0.0184815
0.0238943
0.0487542
-0.0439272
0.220707
0.184205
-0.09777
0.11609
0.0485739
-0.0978394
-0.166452
0.182348
-0.0891354
0.286233
-0.0193276
-0.590057
-0.31101
-0.0746098
-0.148461
0.226064
0.195767
-0.158582
0.172052
0.421431
0.0742552
-0.0206917
0.0432333
-0.137094
0.341116
0.0182387
-0.249624
0.148066
-0.318037
0.136653
0.072058
0.120495
0.284874
-0.364783
-0.172403
0.118821
0.387684
-0.112736
-0.117284
0.176501
-0.126746
-0.0216503
0.0505781
-0.314299
-0.0639771
0.312486
0.131216
0.052444
-0.0332685
-0.464868
-0.246434
-0.404184
-0.0574527
-0.0793111
-0.160609
-0.123917
-0.0258468
-0.0656278
0.253507
0.307988
0.244142
0.0920277
0.131702
-0.0217071
-0.0087101
0.281673
-0.0992875
-0.000222411
-0.468681
-0.267058
0.140707
0.0198784
-0.0644926
-0.303404
0.00751941
0.38418
-0.0368103
0.0862641
-0.390995
-0.157587
-0.403206
0.0815676
0.0600163
-0.12696
-0.145138
0.234408
-0.119538
-0.0495098
0.155396
0.035218
0.0384474
-0.0788134
0.0943194
-0.107117
-0.046633
-0.141197
0.000615074
-0.00538007
0.0999287
-0.168667
0.152581
-0.00624645
0.18696
0.591867
0.0236535
0.0336287
0.152675
-0.109215
0.0243202
0.000379567
0.00398115
-0.0858548
-0.165138
0.00985093
0.357885
0.158025
-0.260071
-0.299641
0.0601001
0.107686
0.427605
-0.176196
0.178442
0.410929
0.142681
0.0440294
0.156164
0.117294
0.0449334
-0.126156
0.113036
-0.115918
-0.207769
-0.232818
-0.188288
-0.192526
-0.153213
-0.0683131
0.00328341
-0.0753486
-0.105675
-0.0232201
-0.0951291
0.182385
-0.109033
-0.128951
0.323253
0.191022
0.0321159
0.173781
-0.0576847
-0.0246168
0.227444
0.127658
-0.182764
-0.32017
0.21677
0.284938
0.01856
0.137099
-0.212027
-0.134003
-0.0693059
0.141392
-0.240954
0.037435
-0.0989443
0.175151
-0.059399
0.187172
0.272317
-0.00460196
-0.0220981
-0.170658
-0.090163
0.164316
0.123002
0.0562706
0.189265
-0.0522832
-0.129594
0.0166544
-0.280288
-0.0390364
-0.0208898
0.155489
-0.392988
-0.0293219
-0.540367
-0.484053
0.0648723
-0.383526
-0.0348826
0.12397
-0.51353
-0.270048
-0.107435
-0.22357
-0.0607416
0.0870831
0.225975
0.00930356
0.487725
0.0683273
0.107517
-0.0772262
-0.272005
0.0552414
0.276502
-0.00283813
-0.0970829
0.0578278
0.662119
-0.0745782
0.113137
0.0882078
0.300365
0.0264027
0.0300137
0.18293
0.0334961
0.0402398
0.205429
0.299326
0.336232
0.00310595
0.105952
-0.275801
0.0677273
-0.0204199
0.148492
-0.044196
0.0154451
0.191369
0.15289
0.081322
0.0314394
0.0364452
-0.305018
-0.11277
0.00480992
-0.386673
-0.365075
-0.39761
-0.206904
-0.109669
-0.371413
-0.0365728
0.257442
0.0919978
-0.280218
-0.185718
0.102056
0.2403
0.0986526
0.201352
-0.196285
0.0685799
0.159379
-0.266122
-0.012044
-0.0635071
0.0476109
0.418474
-0.021118
0.118826
-0.376586
0.373576
0.456657
0.00879099
-0.186145
-0.15241
-0.0716539
-0.0755583
0.0348544
-0.0674722
0.0571453
-0.0268779
0.30268
0.492434
0.19874
0.226699
-0.0633895
-0.0654484
-0.106311
0.102506
0.337442
-0.0352873
0.272708
0.18561
-0.0847091
0.0667392
-0.0507619
-0.148213
-0.0508156
-0.1379
-0.281989
0.24138
-0.211162
-0.316326
0.337904
0.21885
0.460118
0.100255
0.670206
0.0255612
-0.272722
-0.0629951
-0.0245609
-0.661054
-0.379818
0.0326819
-0.00147108
0.0835858
-0.0898671
-0.233574
0.054312
-0.146976
-0.406697
-0.0860033
0.0387839
-0.0465161
0.0462044
0.00219489
0.23943
0.00223215
0.0287279
-0.085916
-0.0811279
0.113634
0.289836
0.010311
0.108263
0.151417
0.19457
0.132987
0.0873471
0.207388
0.056131
0.140721
-0.0111141
0.217316
0.201332
0.0820877
0.0783353
0.124797
0.0850024
0.606963
0.232244
0.311563
0.416209
0.270953
-0.0749436
0.268056
0.475983
0.299507
0.0786175
0.00627756
0.052564
0.295928
-0.0326277
0.113352
0.168983
0.194757
-0.185258
-0.0815552
0.184877
0.150383
-0.0294519
0.0945237
0.0256889
0.187267
-0.0179692
0.00365417
0.0291573
-0.26504
0.259535
0.23806
0.168073
-0.0192422
-0.00567054
0.187138
-0.0972137
-0.370437
-0.416758
0.0558399
0.096773
-0.00310977
0.0852546
0.229338
0.118302
0.325733
-0.364614
0.348657
0.00404326
0.191014
0.0690814
0.0416207
-0.102561
-0.084146
-0.0227719
-0.232995
-0.384653
-0.497475
-0.165443
-0.0445207
0.411881
0.150642
0.00113193
-0.309341
0.364534
-0.0182879
-0.212986
-0.134923
-0.0911307
0.0173934
-0.0772566
0.16738
0.167459
0.303208
0.130745
-0.0690753
0.0410884
-0.0396808
0.0339049
0.00843415
0.368403
0.0032907
-0.237319
0.000419482
0.203995
0.063055
0.209989
-0.0466406
-0.066993
0.205384
0.273639
-0.288336
0.18366
-0.198152
-0.0343288
-0.125102
-0.104377
-0.00528197
-0.437664
-0.307224
-0.148629
-0.178825
0.0611064
0.434217
0.0780558
-0.636736
0.119882
0.277502
-0.213736
-0.696048
-0.0716637
-0.0355406
-0.629338
0.32418
-0.401139
-0.0626679
0.264017
0.410478
-0.118644
0.0622496
0.204039
-0.00589845
-0.0398622
-0.0526681
-0.12488
-0.111086
-0.0836844
0.0116053
0.0652631
-0.0378174
-0.329174
-0.0480096
-0.139224
-0.0700959
-0.289767
0.0941899
0.0648836
0.0544623
0.42959
0.105717
-0.0124926
0.118285
0.232131
0.111193
-0.0804327
-0.177172
0.0647573
-0.374673
-0.341469
-0.106121
0.0376077
-0.111641
-0.260877
-0.207458
-0.241247
0.0355906
-0.281147
0.111703
0.258066
0.402615
0.326619
-0.189733
-0.317436
0.278586
-0.152983
0.00486807
0.10026
0.262434
0.236243
0.124491
0.427085
0.0589023
0.193899
-0.146584
0.490104
0.18381
-0.349934
-0.274558
0.077567
-0.380715
-0.00987024
-0.0404901
0.275958
0.086831
-0.184358
-0.00328941
0.173582
-0.052948
0.0965028
-0.0895063
-0.0951222
-0.293828
0.237652
0.324362
0.426983
-0.0536395
-0.105974
0.112518
0.39037
0.459006
0.333438
0.0362801
0.166861
0.287211
0.551564
0.2273
-0.0673707
0.0759766
0.0286074
0.0848534
-0.0393489
0.02768
0.203728
-0.107557
-0.0640039
-0.152026
-0.224547
-0.0458644
-0.00317404
-0.056091
-0.206563
-0.0453974
0.0561451
0.00882533
-0.0337898
0.159382
-0.0736703
-0.246742
-0.140004
0.191424
0.0207974
0.168812
0.0724651
-0.102964
0.254629
-0.166601
0.179081
0.074064
0.326739
0.0847666
0.508558
0.0341277
0.0154784
-0.143063
0.592343
-0.097412
0.127935
0.0554557
-0.173366
-0.10093
-0.0644731
0.0294859
-0.250761
0.064665
-0.123012
0.333336
0.284929
0.063119
0.0817442
0.104408
-0.104845
-0.109254
-0.155783
0.0258454
-0.0829161
0.374841
0.0209438
0.0232269
0.418034
0.0920555
-0.10347
0.603767
0.0994602
-0.288513
0.0161539
0.392975
0.329395
-0.0988313
-0.543387
-0.310424
0.225858
0.2866
-0.116442
-0.205185
0.140558
0.179058
0.279932
-0.128655
-0.135457
-0.127221
0.452376
0.169611
-0.0569855
0.00119563
-0.12172
-0.0974637
-0.0292605
0.0413268
-0.0719907
0.00278436
-0.0511708
-0.0607892
0.313069
0.244312
0.118728
-0.0814975
0.129767
0.241396
0.240883
0.0516651
0.10511
0.26644
0.231198
0.0652514
-0.0758774
0.138599
-0.121715
-0.253762
-0.169034
-0.318784
-0.371427
-0.223259
0.0869145
0.320867
0.11848
0.0965553
-0.198928
-0.0536692
0.0569783
-0.015267
0.0246794
-0.0608936
-0.250142
-0.023592
0.0512957
-0.248332
0.0617351
-0.367103
-0.102877
-0.0983004
0.247642
-0.301763
-0.0423343
0.260329
0.00848711
-0.127242
0.360393
-0.681371
-0.0607991
-0.012277
0.0354832
-0.0325416
-0.167997
-0.218545
0.0741709
-0.123637
-0.180201
0.176653
0.225595
0.533235
-0.139374
-0.0711894
0.130361
0.0895399
0.00217505
0.0201344
-0.240362
0.0426799
0.357934
-0.451661
0.0244717
0.16907
0.0259966
0.0812608
0.478825
0.0989521
0.130486
-0.343081
-0.200006
-0.0722309
0.0516877
0.389461
0.179797
0.484056
0.0933764
0.45856
0.260321
-0.189812
-0.020109
-0.0253947
-0.212563
-0.0678353
0.0957558
-0.78879
-0.800151
-0.412007
0.158916
0.162004
-0.30997
-0.198916
-0.205531
0.0704483
-0.0405454
-0.121733
-0.0166693
-0.0645974
0.18437
-0.0665901
-0.270842
-0.0441813
-0.0522921
0.341346
-0.19718
-0.127653
0.0479365
-0.233556
0.526792
0.282539
0.127905
0.0307538
0.0518074
0.29281
0.231064
0.0231652
0.0128758
-0.139067
-0.101802
0.197715
0.154771
-0.0403601
-0.460035
0.115836
0.0474061
-0.131695
-0.678948
0.120092
-0.155815
-0.0231494
0.0505213
0.258688
0.413453
0.2941
0.304032
0.109159
-0.0503166
0.143173
0.185541
0.110678
-0.0468032
0.0333295
-0.585917
-0.132574
-0.14944
0.0283679
0.225818
-0.0111961
-0.281765
0.0960349
0.105203
-0.0621535
-0.0486359
0.0295858
-0.239636
0.198423
-0.224074
-0.860392
-0.215531
0.0260816
-0.121303
0.0697224
0.181041
0.272116
0.125715
-0.120433
-0.102909
-0.105802
-0.417038
0.119208
0.171062
0.135594
-0.0156811
0.132842
0.0545015
0.231427
-0.02308
-0.153281
-0.243778
-0.159572
-0.144082
-0.135709
0.0525616
0.578625
-0.0541267
-0.0752097
0.0651692
0.0235431
0.0516325
0.696792
-0.00915658
0.332744
0.153426
-0.0271512
0.339587
0.249244
0.208288
-0.241648
0.329648
0.0289014
-0.322383
0.246429
-0.151031
-0.0918785
0.325051
0.0233983
0.0731616
-0.175548
-0.126497
-0.191171
-0.153841
0.100276
0.424467
-0.0610484
-0.341472
-0.905652
-0.346813
-0.153315
-0.123563
-0.262593
-0.149018
-0.00302623
0.0331825
0.242064
0.633148
-0.126981
-0.322939
-0.0491682
0.199993
-0.00870703
0.0445455
-0.297321
-0.0830524
-0.123343
-0.269638
-0.0152717
-0.147504
0.289935
0.0590985
-0.153575
0.67806
0.0341053
0.252262
0.158468
0.309146
-0.183642
0.143836
0.347913
-0.103613
0.377106
0.301621
-0.20522
-0.154956
0.0527516
0.480841
-0.0403353
-0.0893931
-0.0476181
0.387696
0.184782
0.229271
-0.0231186
0.00208098
-0.0558423
0.109622
0.0825894
0.148254
0.0919968
-0.109165
0.0446678
-0.208092
-0.0168191
0.136005
0.129416
0.347034
-0.0600304
0.402197
-0.133576
-0.055935
0.0896855
-0.0971757
-0.178658
0.266697
0.0578189
-0.0538697
-0.0660349
-0.0371277
-0.12039
0.0118681
0.0221374
0.186042
0.0803279
-0.0384546
0.196888
0.0431779
0.152121
0.0231266
-0.275368
0.0822694
0.396537
-0.121141
-0.109853
0.0584112
0.382543
0.0808482
-0.145824
0.347205
0.124883
-0.0200988
-0.281983
0.253554
-0.143085
-0.114056
-0.172368
-0.0326195
-0.0890069
-0.267607
0.563662
0.0106315
-0.126855
-0.188049
-0.392079
0.0110287
0.0602199
0.11861
-0.0630831
-0.411389
-0.282805
-0.288464
-0.416015
0.205275
0.231634
-0.0483823
0.117334
0.184216
-0.031791
-0.0601317
0.105228
-0.121455
-0.0414816
-0.501165
-0.152793
-0.019166
-0.0217756
-0.115588
0.0493727
0.105041
-0.157383
0.139759
0.587846
0.069785
0.205887
0.378057
0.0802312
0.0327948
-0.101081
-0.104811
0.00730294
0.24674
0.284041
-0.054069
-0.237989
-0.160099
-0.0669641
-0.346204
-0.225521
0.189934
0.231585
-0.168992
-0.561724
-0.563403
0.0542244
-0.357395
0.166244
0.129445
0.0635933
0.193793
0.261024
0.0179792
-0.0245319
-0.0238736
0.209084
0.0130149
-0.0192125
-0.00869642
0.0699051
0.0550582
-0.0585829
0.0540788
0.113721
-0.380266
-0.201289
0.00112652
0.0293267
0.0175117
0.033912
-0.384807
-0.0469177
-0.212659
-0.079039
-0.20156
0.0637473
-0.060283
0.102292
-0.265753
0.092249
0.148671
-0.110083
-0.138737
-0.0567608
0.0450966
0.174087
0.101152
0.19127
-0.102534
0.160882
-0.055968
-0.602721
-0.252487
0.246085
-0.0989187
-0.0856939
0.29899
-0.355897
0.0329619
-0.181454
0.0253677
-0.0627072
0.0222444
-0.0418102
0.0844032
-0.634811
-0.0994963
0.00959537
-0.752176
-0.862969
-0.328171
-0.308155
-0.438796
-0.396506
-0.00200527
0.438853
0.0548612
-0.0332859
0.13356
0.251217
0.244873
0.110992
0.30226
0.659236
0.171465
0.353022
-0.225069
0.250099
0.0158415
-0.123876
0.197537
0.0476357
0.0794829
0.243787
-0.116509
-0.0606698
0.0327104
0.152926
0.315788
0.538447
0.032606
0.145245
0.1126
-0.141483
0.618285
-0.172587
-0.0236607
-0.0149944
0.171163
-0.320853
-0.0947389
-0.3771
0.156449
-0.0718785
0.0878592
-0.125383
0.410321
0.157059
0.00835944
0.531857
-0.0635206
-0.0799793
0.137409
0.28995
0.0954792
0.070534
0.091083
-0.115304
-0.197394
-0.00577092
-0.18218
-0.224178
-0.127899
-0.286715
-0.0814629
-0.0289092
-0.127442
0.0283031
0.110564
0.26712
0.138
0.169285
0.0678836
0.380891
0.0324515
-0.27705
-0.43026
-0.246524
-0.160914
0.319501
0.188058
0.762333
0.0340662
0.0257611
0.202514
-0.109394
0.276369
-0.19644
-0.711036
0.0753897
0.154302
-0.0559072
-0.127317
-0.208585
-0.461008
-0.465906
-0.475347
-0.0948659
-0.321901
0.0280337
0.0431294
-0.296057
0.172118
-0.0462347
0.295706
-0.0301068
0.0803332
-0.1771
0.384142
0.058478
0.144228
-0.178967
-0.374512
-0.228547
0.158797
-0.0443906
-0.105807
-0.0888155
0.293534
0.328882
0.120342
-0.0589021
-0.330233
-0.307217
-0.210906
0.0523045
0.0526664
0.0258957
-0.134255
0.191717
0.0575569
-0.11236
-0.0234953
-0.0272566
0.539782
-0.0290896
-0.17235
-0.55654
-0.738571
-0.207493
0.00610703
0.0641425
-0.00247822
-0.303615
0.103554
0.205903
-0.263424
0.00899361
0.408362
0.255855
0.230767
0.136613
-0.0796625
0.120207
0.0123154
0.385102
0.146404
-0.131671
0.0772427
0.236691
-0.419954
0.0202194
-0.192556
-0.360198
0.196616
-0.0937632
0.441141
0.191677
0.109418
-0.0477934
-0.0278241
0.0878167
0.0368164
0.430061
0.49237
0.290592
0.221068
-0.215955
-0.075717
0.0620935
0.333903
0.0751027
-0.110962
0.336211
-0.0231257
0.110978
0.072938
0.0537268
0.116027
-0.0901748
-0.118117
0.130528
-0.0767684
0.0259208
-0.182924
-0.809279
0.156255
0.0112334
-0.0791416
0.0182258
-0.0577568
-0.127938
-0.0917184
-0.122726
-0.0153716
0.222713
0.118542
0.262437
0.545269
-0.391857
0.142671
-0.0155565
0.0422737
0.0317842
0.0182978
-0.31487
-0.12627
-0.36427
-0.263334
0.0309122
0.206899
0.498683
0.066615
-0.0258425
-0.0420885
-0.0984938
0.0710332
-0.09013
-0.507715
0.235229
0.135569
-0.290484
-0.295187
-0.1882
0.0418031
-0.247693
0.0389931
0.230393
-0.165172
0.101927
-0.338849
0.362821
-0.0168138
0.0145093
0.403928
0.150138
-0.112899
0.253031
0.227737
-0.262668
-0.432706
-0.00428284
-0.0424838
0.241539
-0.0178786
-0.00818377
0.122064
-0.0276791
0.204139
-0.0341274
-0.423793
-0.0616938
0.0355663
-0.0678931
-0.0456238
-0.190589
0.0919249
-0.0875782
0.155697
0.190083
0.204799
-0.151205
0.0324281
0.0173399
0.0834801
0.526185
0.0126777
-0.166162
0.0609921
0.0365007
0.194531
-0.0033571
-0.036624
-0.00664902
-0.0778824
0.0760934
-0.148189
0.122549
-0.251698
0.245083
0.107994
-0.100249
-0.036572
0.0270153
-0.579389
-0.313711
0.029855
0.220428
-0.00327518
-0.364553
-0.374229
-0.429467
0.223639
-0.140699
0.686774
0.103783
0.2216
-0.203352
0.0878238
-0.211744
0.222306
-0.0828963
0.119099
-0.0207123
0.029387
-0.431302
0.0907
-0.013974
-0.149669
0.0944688
0.298032
0.231965
0.447909
-0.0690165
0.0302956
-0.0539893
-0.146721
-0.186047
-0.140087
0.0993613
-0.0379122
-0.22084
-0.0306908
-0.138913
-0.0402143
0.0169923
0.0236765
-0.542054
-0.367673
0.19739
0.0635948
-0.0676445
0.223285
0.0621054
0.328861
-0.254111
-0.0632828
-0.255982
0.164711
-0.0614314
-0.201551
0.000304841
-0.272404
-0.304769
-0.159893
-0.105626
0.144518
0.0431159
-0.238985
-0.0687143
-0.0573436
0.00674772
-0.243748
0.365048
-0.024921
-0.0118373
-0.0984695
-0.0893028
0.0355667
-0.462241
0.248684
-0.00534683
0.00271541
-0.0633954
-0.0187495
-0.182615
-0.104215
-0.0911409
0.118656
0.043103
-0.235376
0.072348
0.172949
-0.0913044
-0.18497
-0.0476697
0.0469546
-0.133126
-0.0664354
0.138479
-0.0235546
0.0462568
0.028888
-0.0018161
-0.0933435
0.0347777
0.339263
-0.0714021
-0.168858
0.311057
-0.225191
-0.0582713
0.378608
-0.653761
-0.0767823
0.192659
-0.0829715
-0.0836363
-0.0512448
0.0134949
-0.3457
0.0816258
-0.0480815
0.216449
0.00011031
-0.0503213
-0.0548008
0.324002
-0.630857
0.0125634
-0.00656095
-0.103809
0.146122
0.0454767
-0.0913673
-0.164192
-0.217959
0.0534842
0.0856124
0.176791
0.305166
-0.0308972
-0.479917
-0.452377
-0.013584
0.0697944
-0.212092
0.0806521
0.106029
0.591533
0.213206
0.312239
0.0749469
0.0705561
0.040031
0.168862
0.382374
-0.206486
-0.185442
0.111835
0.0300278
0.869421
-0.0215258
0.107566
0.426078
0.597842
-0.215013
-0.455446
0.224563
0.116325
0.223018
0.239028
0.368658
-0.128339
0.0715411
-0.13464
0.0594037
0.0855486
0.0337095
0.139512
0.0735604
0.0901514
0.0477794
-0.219676
-0.477866
0.0085337
0.24309
0.101583
0.718302
-0.0180209
-0.0792862
0.17451
0.0793159
-0.143837
-0.0544241
-0.219602
-0.110967
-0.0196522
0.255214
-0.0514624
-0.00763983
-0.00149888
-0.16103
-0.194479
0.119864
-0.0819318
-0.127992
0.0842467
0.104331
-0.0334639
0.405429
0.0116216
-0.0779422
-0.0352566
0.0461168
0.209014
-0.170611
0.258074
0.0600799
-0.101609
0.0699613
-0.181384
-0.056762
0.362039
0.221479
0.147107
-0.0182373
0.0273431
0.0491933
0.158565
0.0732598
0.0435757
0.480828
0.270397
-0.377086
0.0750042
-0.0619507
0.180058
-0.382058
-0.0634983
0.110817
-0.113285
-0.187841
-0.425977
-0.240731
-0.188922
0.0329969
0.071278
0.290955
-0.0666456
0.114099
