 0 0.4560890965  0.0076174719
 1 0.1701607379  0.0059723648
 2 0.06655762368  0.0051697278
 3 0.0285201747  0.0052762926
 4 0.009705966033  0.0049290924
 5 0.004979235313  0.0054352428
 6 0.002761335953  0.0054150212
 7 0.002501724641  0.0054469212
 8 0.009215579329  0.0054960091
 9 0.008790593794  0.0057593541
 10 0.007603156343  0.0054391334
 11 0.009662803286  0.0052963187
 12 0.00581937541  0.0051299265
 13 0.006353484812  0.0055552423
 14 -0.002251088614  0.0054607325
 15 -0.002553531733  0.0058003795
 16 -0.00317258104  0.0052003075
 17 0.005608300627  0.0050518506
 18 0.002738081896  0.0053523323
 19 0.00310494545  0.0051208783
 20 -0.006499863943  0.0054103328
 21 0.003264303957  0.0053948634
 22 0.007366894013  0.0055238762
 23 -0.001741465215  0.0056189044
 24 0.002279403155  0.0055501919
 25 0.007254137859  0.0054871669
 26 0.006749254541  0.0054143474
 27 0.01066391298  0.0055937318
 28 0.006971764781  0.0051298077
 29 0.01630367552  0.0051941931
 30 0.06035743182  0.0050932936
 31 0.1757909303  0.0056021843
