3.81009
10.1128
10.7879
11.2037
10.2403
10.9546
10.2664
9.93124
9.22889
11.6676
15.6224
9.92613
13.443
10.5976
10.1927
10.3785
9.91452
10.2914
12.9586
10.9122
12.4915
10.8312
8.83271
10.0559
10.4702
8.42875
11.921
7.29977
9.89214
10.6487
10.0544
9.9429
11.3627
9.72281
11.0901
13.3097
10.8674
10.2638
10.9548
12.0497
10.8532
10.2385
10.828
10.8777
10.1637
11.348
11.4727
10.9059
9.90223
12.0971
12.6983
11.9969
9.82807
8.08217
10.0737
10.2636
11.6193
9.41463
10.3235
14.4496
9.75888
12.0942
12.2429
12.5782
12.1694
11.0578
12.3943
13.349
11.934
8.9424
11.6862
9.66328
9.03788
11.0013
9.49774
10.4445
12.0297
11.0402
9.99911
9.00932
10.1968
11.9771
10.8487
11.2719
11.576
11.2807
9.16178
11.4567
10.5399
9.89831
10.7686
11.2507
9.98059
11.1125
10.8498
9.0413
8.66641
9.4118
7.16915
10.0216
10.9811
9.80638
10.9718
11.7688
10.9083
9.3321
10.4499
8.96547
9.6824
10.3121
12.24
9.59249
8.83152
9.83924
10.7832
9.09451
10.4479
9.68253
10.579
13.9813
7.99009
9.30003
11.0516
8.47576
12.0275
14.2175
9.76027
11.671
11.5075
8.22664
10.6441
11.3055
7.93501
13.7744
11.4254
10.4149
10.5112
11.1151
8.54184
13.501
14.3888
11.0622
12.8676
11.9322
10.6967
11.7387
11.0922
8.72995
11.5499
10.6347
9.52624
10.1422
12.2011
13.7817
11.2719
11.503
11.4014
10.7914
11.6378
9.423
9.48172
9.73677
9.78747
9.84151
11.8103
10.0545
10.3752
11.2395
12.6954
11.2588
11.6574
11.3453
13.4973
9.27795
10.95
11.7514
13.6256
10.8733
8.85388
8.47658
10.6955
11.126
10.6692
12.5545
11.8427
11.1546
12.2894
10.6621
10.4726
11.1226
10.278
13.1277
9.17206
10.6106
11.0429
9.29347
10.7893
13.0511
10.4966
10.9305
8.45201
10.7433
10.0258
8.33289
10.2261
13.7624
11.2625
9.6835
10.6257
12.7357
11.3408
12.2955
11.2966
10.4187
7.93798
10.8036
11.7138
11.095
8.81565
9.80269
9.27797
7.65264
7.605
8.25959
10.0567
8.28808
10.4674
10.5855
9.73124
10.0326
9.96741
12.4812
11.4124
11.2207
11.5028
11.0354
11.3772
9.36448
13.9963
11.2203
11.9876
10.1954
10.8113
14.8993
13.7989
10.2925
8.70258
12.4821
10.9268
11.0599
13.2147
10.8397
10.685
9.51421
11.446
11.5891
9.23878
8.54322
10.554
10.1355
11.8394
8.4712
13.2478
8.89539
12.5812
8.21336
10.7183
10.3546
10.0359
8.47135
7.32451
10.5955
12.7105
9.06888
10.2089
9.13259
11.2356
8.83707
9.33557
12.5017
9.81982
10.8434
11.3895
8.70708
10.4124
9.92058
10.5322
10.4033
9.93501
9.60171
9.06228
8.77258
11.5409
12.5925
12.0243
9.71023
12.9126
11.2061
9.25519
12.7707
11.7569
13.7668
10.8168
12.0483
11.0877
10.6037
12.4094
9.37359
9.05289
10.8657
11.9343
11.8679
10.1626
9.6156
10.6792
9.71154
11.7022
10.9246
10.5193
11.8938
11.3876
12.8792
9.23443
9.82246
11.2676
11.5965
10.0236
10.9746
12.0405
10.2076
10.5196
9.5453
8.97665
9.75564
12.5181
13.6343
8.88548
11.6021
12.1995
11.2772
13.0818
12.6053
10.955
10.24
9.23922
8.37325
10.9563
11.8921
10.8382
8.24322
9.64886
13.5563
10.9139
9.85166
10.2521
10.9213
11.4795
8.22381
11.9346
10.4598
7.78879
10.3635
10.0905
11.4814
10.3591
11.1719
9.55728
9.39222
9.15273
11.8092
12.9162
9.19399
10.5421
11.0077
9.57303
10.9862
9.65585
9.14897
10.6169
10.3257
8.16499
10.7267
7.58845
9.2788
10.0182
10.7148
9.30698
11.5208
10.3845
11.1418
13.1811
11.4136
11.8925
10.7709
10.1485
10.6505
10.5516
9.07978
8.5214
12.1787
13.4865
9.09085
10.2809
8.39352
12.5355
12.0949
11.3245
8.09948
11.0079
12.4191
10.1148
9.1275
9.68434
11.5211
10.0175
8.52155
9.5844
8.86356
8.11759
10.7612
10.8007
11.4076
10.0451
10.1763
12.1765
11.1544
10.4581
11.204
10.3934
10.0577
10.6199
14.2839
11.7539
11.488
13.8845
9.75976
12.3828
12.1609
12.1802
10.1448
9.49609
10.6008
11.0994
8.84563
10.4997
12.4054
11.0659
10.7026
11.6322
9.08562
9.76422
11.2419
11.2214
10.5911
10.1839
11.4278
10.7356
9.63756
9.99488
9.72977
9.21616
11.5912
9.99225
11.9845
11.1584
10.9549
9.2587
10.9052
10.0751
9.23645
12.9148
10.9644
12.1004
9.69231
9.69244
8.68473
10.968
13.9064
8.7128
10.2306
10.7594
12.6468
10.0455
11.3488
12.179
9.45059
11.1384
11.8173
9.1736
11.5445
7.57682
12.2903
10.5679
10.1023
11.3461
10.583
11.0737
12.3384
9.87134
10.7233
9.9366
10.446
10.5794
11.3274
9.79415
9.57837
12.0889
10.0898
13.6502
10.9598
12.3786
9.69864
11.7803
11.8455
11.9992
10.8462
9.54822
10.3554
12.287
10.3021
12.9419
8.38086
9.47644
10.5474
8.69658
7.99718
8.91816
11.1683
8.83787
9.27847
10.4722
10.61
10.4961
10.2683
9.80057
8.77294
8.97741
8.67925
10.5635
9.53512
7.54705
12.8545
10.1644
8.46279
10.019
9.74903
10.3816
12.5573
9.21936
8.26829
7.65856
8.51094
10.1689
9.34423
8.46191
10.5094
8.9298
10.6532
10.6044
10.4623
9.17522
10.2266
10.2518
8.99828
10.8351
8.23779
9.48018
11.0947
14.7103
13.7981
10.3075
9.97087
12.5062
10.739
9.84715
10.0968
10.233
8.33605
10.0051
9.49456
11.2166
10.3683
8.58327
9.24637
10.5789
10.237
11.6222
12.6423
13.0658
12.9088
10.5059
11.6908
10.648
9.98646
10.0619
9.78879
11.2164
10.0509
10.0397
8.57935
10.0277
8.42015
10.4544
11.2263
10.4013
8.95543
10.3839
9.92668
13.7232
10.0764
9.29853
11.9606
7.28769
10.6603
11.595
10.7228
9.00161
9.16099
9.38354
10.2742
10.1905
10.1058
10.3549
10.4661
10.339
9.38067
11.7587
9.56264
10.2067
9.55669
11.1438
10.1261
10.3249
10.8723
10.3878
9.66659
10.9462
10.9935
11.5066
11.2289
9.04023
8.90257
11.9618
13.5753
9.87336
8.93633
10.1545
8.85954
8.49822
10.5445
8.53783
10.1956
8.42186
10.461
10.5852
10.5117
10.0143
8.88168
9.83243
13.5661
10.0997
9.53744
8.80931
9.82915
9.87962
10.4561
13.2348
10.7222
13.4237
12.5487
11.0575
10.5402
10.541
10.9267
10.63
9.79913
12.2012
9.99685
9.70768
8.01679
8.94768
10.9003
12.3155
11.1
9.91103
10.1763
9.61471
10.4424
10.2265
9.21281
10.2016
9.31458
10.0539
10.6222
11.6086
10.1321
9.61425
10.4486
10.7654
12.1905
9.5113
10.5428
8.15638
8.7956
8.94012
11.8704
11.4264
8.97165
13.2834
14.1769
12.1947
8.94986
11.0282
11.827
9.91388
10.1541
10.0229
12.2342
8.35742
10.1938
12.7153
11.5386
12.1981
14.183
9.47639
10.8638
9.49581
9.97651
9.26677
9.54873
8.10047
9.70823
9.38396
9.69563
12.8715
9.94017
10.3655
9.57383
9.89527
9.69198
9.16995
9.29837
10.3692
9.60947
13.5038
10.4688
10.5986
9.92865
11.7102
12.4811
11.3655
8.61858
10.8439
8.09847
10.7615
11.0734
9.7059
10.0567
10.938
9.73469
9.49676
10.68
10.1021
10.6593
12.0347
12.0239
10.2361
10.3006
10.6559
11.5139
13.7864
11.4665
8.2265
12.926
7.7357
9.6845
11.3474
8.95131
8.96301
11.5777
10.8415
9.29078
10.1211
11.2609
12.5631
11.0182
11.9474
9.48023
9.80234
13.1063
12.5758
11.6093
11.9005
12.2836
10.8548
9.46804
9.28634
10.6546
10.4052
10.298
12.6605
12.0204
13.2467
10.5568
9.42132
11.9363
11.6165
11.2604
8.52103
13.055
10.4877
10.44
10.5007
10.8988
11.2382
10.9583
9.70935
9.55921
11.2443
11.6337
10.0191
8.51168
12.6089
11.7639
8.45992
9.97212
8.91046
11.5118
11.8405
9.3365
8.79926
11.8877
11.3203
14.1036
8.26425
11.0538
10.6204
12.8317
10.6069
11.7371
12.2876
12.2798
14.863
11.5677
9.4156
11.1816
10.4212
9.38836
8.69249
9.5955
12.2633
10.637
13.1245
12.4994
10.4846
10.8
10.3803
7.29048
11.6265
10.0019
10.2205
9.02947
13.1325
10.3484
9.66145
10.8232
11.3997
8.72477
9.97031
11.6497
12.7066
10.6635
10.9139
8.95534
12.6915
11.7252
9.07582
10.1536
9.01591
8.88046
11.1815
9.30544
11.4006
11.8399
12.4481
10.1267
10.1337
10.2627
10.6495
8.35902
9.90155
8.16202
11.0823
9.38338
9.1639
11.8973
10.1268
11.6228
12.1369
10.2766
10.802
11.0902
10.1022
10.1163
8.53021
10.2705
10.0622
8.02204
11.1846
9.55227
9.95106
13.4031
12.1428
9.23366
11.4187
10.0103
8.14551
10.6906
9.86951
9.77103
11.4173
12.3895
11.0258
9.01097
12.3698
9.43819
9.90479
10.2302
10.0322
9.46023
9.20478
10.6147
9.66058
10.4996
10.419
10.2049
11.2999
11.3691
12.6727
9.19028
7.98784
9.50249
9.3896
12.2516
9.90875
10.7034
12.8208
9.79121
11.4803
13.0625
9.76267
11.4035
8.40661
11.8882
9.49135
10.9646
8.84634
8.79119
9.63538
13.5123
13.7201
12.343
9.58959
10.9481
10.0063
8.39034
11.1211
8.24491
10.7445
9.80172
11.1351
10.9527
10.5235
14.7211
11.9422
12.0767
9.2133
12.6405
10.8417
9.20827
10.239
8.86638
12.2399
9.23452
10.8205
10.3708
9.43651
9.25924
9.74728
9.84109
12.0761
11.4718
11.0293
9.67804
9.04112
9.54274
9.60997
10.1132
11.4586
9.99832
10.2097
10.3719
14.0265
13.0679
12.6178
11.9615
9.62086
13.1907
12.1815
9.91313
12.1827
10.4728
10.1021
9.91007
11.5788
10.6396
10.0874
9.3864
9.59652
10.0439
13.2719
10.4462
9.78586
12.7543
9.03127
12.9478
12.4685
8.43181
8.71168
9.19983
11.3302
8.66915
8.94408
8.17531
9.75102
7.87385
11.3263
8.64609
12.2257
10.1416
11.8895
11.5579
11.546
10.2372
12.0395
9.18099
12.397
12.8627
10.4964
10.8671
11.3554
11.7055
13.7848
10.8541
10.9677
10.3951
9.73679
11.2728
10.5595
9.89689
7.78613
11.2821
12.2671
11.9043
10.1464
11.3042
10.6589
10.9244
11.2878
11.68
13.8356
12.6803
11.7096
9.33654
8.97741
9.87938
8.58071
11.4846
9.81386
9.77734
9.26168
11.1254
10.6889
11.104
11.6083
10.1154
11.6995
9.62628
10.6348
8.85442
11.1018
11.1146
12.4941
10.6139
13.3523
11.3272
11.0698
10.4916
12.8331
11.5507
9.23062
8.95605
9.54277
10.0609
9.61211
11.1006
10.6362
9.65541
11.2231
11.1942
11.2083
11.7993
10.8812
9.38109
10.4351
10.8941
10.8444
9.87091
9.86512
9.99597
11.944
10.7604
12.5156
9.45226
9.05522
14.0141
10.943
12.0528
10.8787
11.0164
10.4088
11.3474
10.2456
10.039
10.5619
9.10123
9.62647
10.4017
12.1364
11.4586
10.6762
11.9517
12.2985
10.9858
10.3224
12.8132
13.3544
12.3017
13.9858
11.0535
10.6155
13.664
13.5262
12.107
9.9232
10.2455
11.1926
10.2385
10.5581
7.89741
8.91375
10.9601
11.733
8.76795
9.44562
7.03862
9.08934
9.68243
9.04889
10.0763
10.9056
8.04682
9.37701
9.06709
12.8066
12.5307
8.79709
11.1043
9.33584
9.8205
11.1097
11.3081
11.2902
9.36007
9.35356
9.49704
8.93903
10.4865
8.60787
8.23896
10.6755
9.06088
11.328
9.92341
10.3029
11.2614
7.98514
10.6349
10.9417
10.1727
10.2204
11.2231
9.17755
9.41865
11.0748
11.7096
10.0022
10.986
10.4506
7.47868
9.25022
11.2163
9.89079
13.015
9.55696
11.2036
12.9975
12.7869
14.1124
10.6287
10.2418
10.4532
9.47675
12.1369
11.2903
9.74909
9.25589
11.9042
10.6502
11.3206
11.8661
10.6516
9.833
10.363
10.9839
9.16541
9.21257
10.4063
10.8789
12.4224
9.61031
9.03329
10.2786
9.96304
9.87131
9.39752
9.51032
11.7361
8.74245
9.76211
10.5824
8.92156
10.9971
12.174
8.9093
9.91512
9.46448
9.7763
9.8913
11.1265
10.9948
8.54835
7.91709
11.1697
10.4342
11.8014
12.2622
11.7517
11.7051
12.1866
12.1807
9.06386
10.8366
12.7692
9.58911
12.6524
11.4223
9.69308
12.3791
10.7133
11.0441
11.1419
11.4424
8.17759
10.702
10.8215
11.7429
7.40081
9.31324
9.08646
10.537
11.4491
11.9256
10.3751
9.51636
10.1458
9.76123
11.002
9.27143
8.0284
9.74529
10.5785
11.9977
9.77135
9.68925
8.21744
11.0791
11.0673
10.3891
10.5334
10.8996
8.19045
11.2211
10.4156
8.62263
10.5717
9.05819
9.99845
10.1268
14.3704
11.3319
11.2454
8.38173
8.89377
11.8465
12.1578
12.1177
12.2563
10.712
9.6446
13.469
10.8979
10.5802
9.65637
10.268
13.2603
14.4118
7.90805
9.65243
8.75882
9.79637
9.35752
11.5842
9.63584
10.0823
11.4341
10.7674
9.71841
9.23091
10.756
9.78646
9.28711
9.5727
10.9528
10.6106
10.045
11.4291
10.9593
11.0048
11.8861
12.9436
10.8064
11.5001
9.87572
8.55023
9.36772
10.6651
8.77837
11.5252
10.6066
11.3341
10.5683
9.28348
10.6254
11.1816
9.45222
9.15165
11.2832
11.306
9.96709
9.48271
10.4952
9.39074
9.84089
12.8422
14.0198
10.9693
11.364
10.9187
9.55563
10.3712
9.70096
10.9336
11.5791
10.3196
10.5037
12.2593
10.4611
11.5199
12.2894
8.51219
11.5126
9.36721
9.80527
11.2584
11.804
11.3106
9.14468
10.8225
10.6657
11.1233
10.2241
9.58342
9.84508
9.43595
10.9727
10.2856
9.13373
9.15053
8.24971
11.2505
12.718
9.88657
10.6606
9.17503
9.49501
8.36547
11.4851
12.1383
7.90393
8.137
12.2394
9.85134
9.701
8.17065
8.60467
12.9832
11.6751
9.18842
9.47521
11.7125
9.11399
10.0975
10.1269
10.7975
8.88347
8.41721
9.8229
10.5164
11.8213
10.926
11.3513
10.9788
10.3733
9.32893
11.8406
9.06798
9.67835
10.6388
10.6811
12.1491
12.5311
11.9137
9.68246
10.38
10.1279
11.0038
10.6685
12.392
12.798
11.2152
10.087
10.2481
10.5366
10.0458
10.031
10.4026
7.31462
11.0546
10.1068
10.9418
10.2932
11.1814
10.34
9.85718
10.3397
8.54539
12.0528
8.63399
9.97136
10.0308
13.5965
9.20216
11.242
10.5237
9.40713
11.0738
12.732
11.0685
11.7695
12.5718
12.3374
9.2649
11.8342
8.19038
10.576
10.6715
9.1072
11.3624
8.38148
8.78005
9.47035
10.7815
10.7048
12.6509
9.82201
9.34487
10.1041
10.1857
10.1519
11.439
11.1188
10.5668
10.8513
7.34478
10.3442
12.7041
9.79107
12.0781
13.8716
10.5597
9.66077
10.0312
12.0588
9.74404
9.78773
11.1136
11.486
10.4573
13.6285
10.2172
9.12969
9.57197
9.61558
12.3515
9.30436
8.21418
11.7647
7.48684
10.354
10.0689
10.2208
9.85343
9.83855
8.99033
11.0898
11.8173
12.1956
12.1039
10.2851
9.56928
9.05916
12.7076
9.3544
10.6838
10.4031
11.077
9.92652
10.9594
6.86835
9.4993
9.4004
11.0594
9.2971
10.5114
10.646
11.2603
8.91367
10.4551
8.76778
15.3182
8.84244
11.2352
10.1447
9.4431
10.4506
7.66658
9.29924
11.3042
13.0536
9.33452
11.1832
11.5585
10.2114
8.74267
10.1545
10.7279
10.5572
13.9962
13.2548
11.9324
10.3199
10.6193
11.3117
9.91953
11.547
11.5716
9.80257
10.5738
11.25
10.1001
10.6219
13.7096
10.6832
12.152
11.1952
8.53685
9.41351
10.7293
13.8743
11.6532
10.0679
12.2801
11.5653
10.8642
8.77126
9.5619
11.0348
8.46618
10.1642
13.261
12.4999
8.93494
7.93732
9.45111
10.7103
11.3234
8.56124
7.55364
11.853
9.14354
10.6528
12.2865
11.769
8.98423
10.9489
10.1897
10.1809
9.25944
13.3157
12.4992
11.1928
11.0228
10.9931
11.4821
10.8071
10.9172
10.3201
8.8646
12.5403
10.4763
7.66972
8.43825
12.1168
12.5892
12.465
10.1611
10.6647
12.0842
11.7766
10.0688
11.6639
10.4261
9.14388
9.81899
9.87026
9.91145
9.9696
10.2406
11.359
10.9959
11.878
10.0764
9.54115
10.3725
8.72665
8.92588
10.8777
11.4738
13.0707
10.1563
10.3043
10.9603
10.7737
11.9828
13.6897
9.9372
12.222
13.172
11.2507
12.0796
10.6037
10.2022
11.0439
10.7804
10.5346
11.3395
10.7542
8.59631
8.801
11.4128
9.32189
11.558
11.5697
9.48546
13.547
10.8937
8.90959
9.72854
9.31608
12.1316
11.0009
9.86909
8.59722
6.99057
10.4082
9.83708
12.4314
11.1578
10.7712
10.0127
8.49726
11.7038
14.5201
12.2947
11.7737
14.0667
9.13537
10.5909
9.39423
11.535
11.1846
9.88742
11.9268
9.44072
9.63553
11.3939
10.5242
9.40021
9.74894
10.7705
8.49988
7.90113
10.3972
10.2713
11.7767
10.1677
9.06778
10.3244
10.1092
10.2342
9.26764
9.40789
11.1692
9.80717
9.71708
9.64502
9.87619
11.9407
11.6418
10.7624
9.05454
9.32248
10.8407
9.94537
12.8052
10.599
10.513
10.0376
11.4534
11.4298
10.2615
11.2693
12.8541
11.2734
10.4012
11.4145
11.0405
10.2021
12.9133
11.3792
13.1577
13.1896
9.71332
9.66756
9.35405
11.1146
10.067
9.46085
9.77012
13.811
9.57801
7.55744
11.7834
11.1946
11.6324
10.0701
9.44694
7.64763
11.9994
11.9764
11.6841
10.7053
7.71245
13.0924
8.99408
8.74808
8.82743
13.6173
10.2806
9.95386
10.2863
10.804
12.1129
11.5934
11.2984
14.4338
12.435
9.52326
13.174
10.5739
11.7148
11.4982
10.5265
11.2494
12.0591
10.6241
12.8396
10.4275
10.3588
10.9535
10.6025
10.3516
9.13775
11.6831
10.4471
9.64254
9.8817
12.1325
12.1002
10.5896
11.2009
9.97874
10.9634
10.3499
9.94032
13.1323
10.1323
8.65144
10.6909
9.74607
9.60971
9.78157
12.1027
9.73397
8.45626
9.26725
10.8958
9.55099
10.5302
10.7331
10.4685
9.77383
8.81089
10.747
12.5605
10.5218
9.98046
11.1718
8.72278
9.80143
8.98426
8.87176
9.43249
8.73185
11.2656
11.7716
11.52
10.9609
10.5386
9.9655
9.55521
8.87815
11.2543
10.7177
11.6658
8.28132
7.64495
10.8009
9.6719
9.70566
13.1985
9.1676
12.174
11.267
10.1709
9.24722
13.6848
12.2151
10.3471
9.01149
10.3488
10.6309
9.65766
11.5958
11.4955
12.4971
12.5905
11.0898
10.7497
9.68772
13.6188
10.4682
10.371
10.6893
11.5441
11.7277
11.6449
10.6918
10.9113
9.9932
11.4987
12.9691
11.3354
11.4282
11.2872
10.2938
10.5736
9.28676
10.4685
9.74274
10.4626
10.4767
7.75739
11.4334
9.69694
9.99756
10.4641
12.4168
9.03251
9.40886
10.4407
10.6712
10.2139
9.89583
10.2671
12.5846
9.01046
9.12509
10.4355
11.1134
9.74035
9.05252
9.4509
14.4801
11.6475
8.27736
8.7107
9.09662
9.70459
9.01825
12.4545
13.1068
11.4556
12.1889
10.759
8.51193
10.4514
9.63023
10.1466
12.4821
10.4416
11.4793
10.825
10.4695
10.8204
10.5158
10.7268
8.98953
9.69229
9.70237
9.91141
11.6167
12.2117
9.50712
10.2222
9.47039
13.1786
10.9355
11.3309
13.3431
8.69454
13.1653
10.6274
10.1319
11.7331
10.9485
10.5279
9.92762
10.9108
12.966
13.4334
11.7203
10.6305
10.5874
11.0356
9.16171
11.3464
10.8419
10.1321
11.3803
13.3069
8.61006
10.7521
12.4131
9.65308
10.7242
13.5654
11.4513
14.4311
10.092
10.7745
9.31384
8.23104
12.937
11.3551
9.15402
9.0711
10.1089
11.2327
13.6815
11.8081
12.4247
10.9153
10.9034
9.03612
11.542
9.60408
10.4961
8.99863
10.277
9.59643
11.1478
10.8033
9.80829
11.2088
9.12733
9.63598
10.9549
9.89087
10.7722
12.7677
9.88956
10.8765
11.3258
8.35002
9.36565
12.3674
10.1409
12.2173
11.3441
13.3681
10.6887
9.70657
9.94669
10.4394
11.7414
13.1069
10.886
10.5188
10.4239
9.89488
10.191
10.2617
9.38584
11.3069
10.4637
8.45867
9.617
9.53058
10.2332
7.72657
9.30395
10.688
10.8324
9.54945
10.6593
11.7577
9.16075
9.30388
10.052
8.60431
11.0268
12.4262
9.94312
10.1938
10.6215
12.1694
11.9624
11.6312
9.50731
9.11551
11.9193
9.62686
10.6564
9.07132
9.12116
8.89648
9.11309
11.2759
10.1274
11.7256
10.8934
9.92719
11.8432
10.5149
10.5715
9.28917
12.3203
9.31255
8.10472
9.35325
9.92547
10.912
8.8131
9.09874
11.3236
8.52933
8.83356
12.1781
9.61826
8.33918
11.3608
10.4734
10.6997
10.2496
10.1136
9.46553
11.5188
11.5358
10.8893
11.4228
12.4449
11.0123
10.67
9.89983
9.33198
11.2047
8.86544
10.7532
10.7134
13.037
10.2339
10.6576
8.66369
10.8198
8.2701
11.932
11.6009
9.75441
10.9213
11.0554
9.9701
12.5788
10.2047
11.0222
8.10104
11.4541
11.0045
10.5899
8.18178
10.2289
8.85126
10.0311
11.2336
9.48575
9.30001
12.0934
12.6264
12.9554
9.6508
10.127
11.8201
8.38999
12.622
10.982
11.4409
11.3053
10.9361
12.3966
11.2649
11.3047
10.8157
9.56765
10.249
14.0352
11.5934
10.1031
10.4924
8.62856
8.45778
9.76428
12.3496
12.916
10.3094
10.0765
7.13403
12.9059
9.53559
12.1878
10.929
9.66491
12.4766
10.9935
12.4329
10.3769
11.9906
12.289
13.173
11.1773
11.8288
9.26124
9.55751
10.9571
9.32357
11.1972
11.1194
10.6341
9.27574
8.29236
10.7314
11.7532
6.92409
12.432
12.4241
10.7892
12.1085
8.77221
9.63308
11.2984
10.2796
10.4445
10.0661
10.3376
10.9147
11.3502
14.365
12.1996
12.9954
10.034
11.3667
13.5409
12.7957
12.5817
10.9048
10.1274
10.0194
11.1175
11.2475
11.6565
8.57579
10.197
10.9343
10.0301
13.1359
9.6577
8.91851
12.0518
10.0499
8.97951
9.64549
11.595
9.21038
9.50202
9.73932
10.5111
10.0355
10.9533
11.0187
12.3897
10.3189
9.47195
8.87807
11.1556
13.1322
11.2944
9.85836
10.4035
10.0197
10.3395
12.0703
12.2096
9.85616
10.277
9.83509
9.62026
10.8568
10.0203
11.4611
10.7677
8.63121
13.1013
10.1298
11.1029
9.42884
11.1202
9.28819
10.8499
11.9877
11.8138
11.7622
9.76698
9.30296
11.5763
10.3137
10.2939
12.5095
9.5461
10.9792
8.49454
11.7279
9.78281
8.29142
7.15209
13.7474
11.482
10.1759
10.154
10.5274
10.7611
10.8605
8.06164
11.5843
8.8435
9.95695
9.40208
9.58172
8.98628
7.29174
9.74216
11.2231
10.4427
10.0724
8.7617
7.82725
12.2956
13.7057
12.2344
13.0084
11.7566
11.5332
10.3129
11.3029
12.8514
10.9981
9.73108
9.39426
10.7195
11.3073
9.66996
11.6484
10.8499
13.1341
7.83978
9.04949
10.7746
10.9071
11.7586
11.8652
12.0493
10.2042
12.6539
12.2204
12.0458
12.6533
10.9228
9.82358
10.8965
11.0609
11.1834
10.9185
10.1323
10.3628
10.4327
10.0181
11.7148
8.18623
8.70655
12.8265
11.5609
10.9742
8.48219
8.74304
10.2582
9.41175
11.6947
11.8223
9.57394
9.2923
7.49491
11.2526
9.10954
8.32314
10.7522
10.7699
10.8616
12.2394
9.96405
9.01476
9.91232
11.0999
10.7318
8.33442
8.02551
7.39126
12.5369
7.71846
7.91157
10.4113
8.06192
8.15788
11.2803
8.55585
12.7336
10.8514
13.1835
12.0207
12.4621
13.0451
10.8758
10.449
11.2072
9.80191
10.7735
11.1683
9.46122
9.50873
8.55693
8.9318
9.40465
9.74998
9.32853
10.6646
11.1031
10.9971
11.3359
9.13703
11.0481
11.0425
10.0733
10.1354
11.1316
8.3952
8.61926
12.7999
9.34429
7.95461
11.8585
8.58523
12.0222
10.9409
11.2893
11.7681
10.5542
8.06888
9.45641
9.49439
12.6624
11.0714
11.0413
12.8229
14.0021
12.5772
11.6397
10.4722
9.54043
13.6074
12.1873
8.54463
12.2208
8.51812
9.81925
11.9273
7.86737
9.25692
9.99556
8.28363
8.47994
11.0856
11.8244
