7.68649
10.6197
11.0151
14.4087
13.2302
11.3286
11.5565
13.1893
14.2173
14.2054
12.6218
13.3719
12.4938
14.6612
15.7102
16.9849
24.474
26.5897
24.5776
23.7439
20.0015
19.5809
17.8193
16.9589
13.2817
13.7788
11.5035
10.2992
10.7267
10.189
10.71
11.4073
10.5794
13.5278
12.2692
17.0114
12.139
11.9895
10.0442
10.4762
11.6669
15.9586
17.503
15.5316
14.3059
12.4525
13.6744
18.0814
19.8148
15.4428
19.4809
16.8085
16.0829
15.8522
16.2992
11.9173
12.3864
12.3048
15.0003
13.2789
13.6884
14.7347
12.9885
11.1788
11.1503
12.619
11.9128
10.8066
15.1141
12.1126
10.6873
11.0355
11.5028
11.381
12.0027
13.6021
11.035
11.4086
13.7163
11.6101
12.6425
10.8654
9.85768
7.13168
9.95137
12.5642
14.2926
14.2849
14.7172
12.4996
12.7372
16.6131
14.7808
13.9686
14.0704
19.6
19.6729
18.4083
16.8774
12.8292
16.6214
17.323
18.0904
19.577
15.9159
15.6886
17.9068
21.1612
20.4991
24.0422
27.447
28.4522
28.9468
25.5553
23.3103
19.6799
18.5693
18.2217
20.6041
21.2096
21.1804
22.9559
22.7104
20.223
17.1239
17.0312
18.0897
19.6187
19.4399
13.6726
12.5492
16.1921
16.5452
12.7663
15.1593
14.9328
17.4347
15.3594
14.1598
15.8695
15.4065
15.3619
14.0925
15.5526
12.8535
12.9696
13.5606
11.2361
10.7128
11.3044
12.7665
15.9078
19.7014
21.9746
19.9527
19.7808
20.0309
22.4888
19.467
18.4652
18.7212
16.09
19.5238
19.844
20.0647
18.4682
20.7818
18.0127
16.4417
15.1365
13.0659
12.1412
13.1285
14.1999
16.4396
17.1365
18.5907
19.0227
18.8887
23.2698
21.3966
18.3988
18.509
18.6431
18.6805
20.8721
20.5307
18.6949
17.4369
18.4039
20.6117
23.2784
23.1754
23.6085
24.0532
22.2383
20.1469
18.3568
20.429
20.5104
25.2888
26.7306
25.3205
26.9028
28.5885
25.6544
23.8417
20.4743
17.8259
16.1888
14.5756
14.4935
13.4229
12.1952
10.1274
11.4193
12.4642
11.9706
12.0288
10.6914
9.43063
11.7267
11.2897
11.3538
14.1048
16.2996
16.5841
16.9565
15.2537
11.8877
11.6669
12.992
12.4556
15.5752
14.1482
13.2748
13.1724
13.8867
12.7433
12.3852
14.621
16.5277
15.5126
15.4904
13.6126
13.5025
13.9209
14.6404
14.1615
14.2276
14.9466
15.7098
18.8495
20.0002
21.5811
21.3706
20.973
21.3745
23.1425
21.7178
20.5468
20.2767
17.4314
18.7346
19.1789
20.0072
20.8177
23.327
25.7966
25.4828
27.4126
26.3186
25.6665
20.5607
19.9791
20.5449
21.1936
21.608
22.027
23.2872
22.8616
23.8627
22.5025
22.5567
17.5705
17.7244
15.59
16.4016
16.8748
20.1103
17.5476
20.8382
21.1961
20.0904
16.2541
10.7238
10.2312
7.57051
9.13381
12.8996
18.7588
18.9874
20.768
18.9611
19.6641
15.1216
18.1579
16.1548
17.2689
16.0214
17.0236
22.6638
21.8326
23.0296
18.3475
21.9753
21.7433
22.8378
22.9056
18.8681
16.6414
15.9278
14.7704
14.1235
12.5886
14.801
9.04123
8.36453
9.96465
9.33791
10.0653
11.5182
13.7509
14.3507
12.7936
10.5677
12.0741
8.75301
8.5531
6.86158
13.9036
18.2448
17.8125
17.2465
16.177
15.2629
19.0597
15.9791
17.0113
17.2537
18.0394
18.3006
18.7023
19.0036
13.4887
12.5643
14.9572
16.6743
16.0307
14.2402
13.4821
12.5779
13.0583
11.6038
10.6894
11.8527
16.1871
12.3256
16.403
14.3285
12.4584
8.06344
9.25131
10.3789
10.4768
12.8296
11.7656
14.8345
12.1544
15.8633
13.1083
13.1879
11.1539
10.1402
12.4097
13.0707
13.3142
14.8262
17.0743
17.574
16.5941
13.9632
15.8043
17.8802
16.9733
15.4236
12.3086
13.7558
13.2778
12.6009
12.4713
16.5491
15.7499
15.926
15.9338
14.3322
14.5081
18.2064
19.4461
20.397
23.5005
21.0522
21.4615
19.6642
18.2948
16.333
14.4362
15.3753
14.5304
13.3903
12.6074
15.5179
15.8809
15.4293
18.6823
17.7853
17.4179
13.2319
12.0621
12.2968
12.4307
9.98805
9.04596
11.1522
12.8642
10.8327
8.75185
9.85323
10.6549
11.5071
12.4725
10.4781
9.45817
12.051
13.9483
10.8936
14.9832
13.4225
14.458
12.0535
15.1627
14.643
13.7514
14.7982
18.7523
16.8732
12.798
12.2558
14.5098
14.6233
16.6448
18.797
14.8762
16.9327
13.7602
15.2056
15.8389
13.9175
14.7266
15.919
15.3011
13.2675
15.8396
16.8781
21.6138
19.3976
17.4719
17.8761
16.3583
18.3793
19.8301
14.2927
14.1097
12.1739
16.879
16.1429
14.6786
16.5732
17.1117
15.5193
15.2452
16.4215
18.1377
19.364
15.8787
18.407
18.2641
12.747
11.3211
13.2812
12.3488
12.1779
14.9913
21.8382
23.7167
28.0706
29.5587
31.538
29.8884
29.9176
29.7136
29.6218
23.8862
21.1771
16.7502
17.2971
18.0212
16.8315
14.6868
16.0314
17.0667
19.5108
17.9145
14.7123
14.7202
19.0208
16.9753
18.7736
16.1184
13.4794
8.29116
11.801
14.8227
11.9588
13.1494
16.0066
19.2375
18.2864
20.5358
19.5245
18.2011
17.3353
15.7827
17.7872
20.0134
20.0764
18.523
20.6647
18.87
20.9368
17.5009
16.9868
15.2786
13.4647
12.0566
13.4678
16.5419
16.6041
15.297
13.7868
17.073
16.4621
15.3535
13.2691
16.8657
16.9701
14.5245
12.1892
12.514
16.8715
15.7766
14.5358
13.4306
17.1193
12.6354
14.85
14.4984
19.33
18.5018
19.6591
16.3018
16.1909
15.5607
15.3064
15.8144
16.6375
16.9106
13.3606
11.6492
10.409
11.0888
14.433
11.5134
12.3278
14.7371
14.8886
16.0155
13.5601
12.9963
15.0139
15.5266
17.4288
15.2458
13.8362
14.0176
12.441
14.0673
14.0273
14.7631
17.8607
16.259
19.5042
16.7075
16.3671
16.6625
19.8925
16.5204
21.3391
21.4978
18.7811
19.6732
19.6104
19.7304
18.4646
20.8145
21.1293
17.8958
16.1629
16.3153
16.5462
16.011
17.0679
16.5172
14.6394
13.3879
21.0688
13.3866
14.6192
13.3958
11.8405
11.4889
7.71803
7.59435
6.40506
8.18837
10.84
10.5389
9.11118
10.7929
12.3092
13.1044
15.4943
16.6287
17.6383
18.9304
17.5186
17.353
14.9002
16.9222
19.1146
12.8593
13.004
11.5166
12.8107
11.7972
9.42925
8.75209
10.5638
12.5623
10.0023
11.8764
13.4146
15.345
17.4566
15.5734
15.9353
14.8569
12.4851
15.9247
16.4791
19.9575
16.0529
17.647
18.5223
23.9372
20.2108
19.2768
16.6796
17.291
11.7694
16.4816
14.3604
16.8926
20.3667
19.9021
18.0746
19.4092
17.8771
17.2012
16.3181
20.9626
20.66
18.5074
19.1338
18.2846
22.0167
22.0979
20.8475
18.8518
16.1214
18.2447
17.5789
20.4597
20.3026
21.1322
22.7146
24.4923
22.1743
21.7383
18.3624
18.3182
20.6844
19.1877
21.643
22.9328
19.8134
19.7158
18.9796
19.6482
18.6087
20.0073
17.4171
17.5335
16.8732
17.1227
19.0305
18.9136
16.3224
15.2037
16.0868
17.5445
20.6071
14.0928
15.7541
14.598
16.8231
17.2972
16.1763
15.3842
15.0588
14.6034
15.2447
13.0938
19.9591
22.0708
20.167
20.4707
22.8364
21.9426
22.0589
21.8089
23.3255
20.2715
21.9237
20.735
23.2074
16.7316
17.3447
17.5955
18.3799
13.511
11.0467
11.5948
12.3992
10.0161
10.9492
10.5557
11.52
14.1307
12.0143
7.59895
12.4028
13.5799
17.2597
14.8025
16.3268
18.1011
15.2616
14.7043
14.0833
13.137
12.6557
15.0707
17.503
17.461
11.3675
11.3596
11.3796
6.98674
7.29193
14.0156
13.5193
14.18
12.488
14.997
16.5058
17.687
19.2162
19.7231
18.8331
22.5747
21.7624
20.8841
19.828
16.2323
16.9247
19.9563
21.5074
16.8681
17.2636
18.0567
14.9452
18.0444
18.6297
20.2443
16.6575
17.5273
12.9727
15.1602
15.8065
15.5742
11.8778
11.5453
12.7836
9.96267
15.2353
15.1938
14.3203
16.0516
15.6368
20.8006
15.2389
16.183
14.8692
15.8994
20.8496
22.7992
19.0007
19.4821
16.4811
15.6806
14.6817
11.5415
11.1664
14.0204
12.374
11.8134
11.0135
10.9964
11.5016
8.86858
9.91879
12.1784
12.0037
11.5116
9.61366
7.13449
8.65669
8.77346
8.88864
7.43587
7.51132
7.26429
6.46568
8.52703
8.53212
7.60071
8.59691
10.3073
13.4423
11.6283
12.3774
15.8822
14.7706
15.525
15.5584
14.8493
16.7161
14.2459
16.2253
18.6311
13.9184
15.383
12.5431
12.5525
11.7984
14.0691
14.0334
12.955
11.7044
9.81838
8.22439
7.86523
12.3165
10.7543
9.55679
12.3911
11.0953
10.9268
10.1223
12.218
14.4524
14.8344
17.0989
17.6925
17.7998
15.0867
16.1374
12.5716
13.338
14.7388
11.5576
10.4747
10.8535
9.88644
11.7775
12.8671
12.8388
13.5898
12.1289
10.5251
9.19288
8.81432
12.5916
15.7158
16.8427
21.1254
16.9644
16.0561
14.716
15.7171
18.4528
17.6535
16.6505
15.512
21.2439
22.717
21.809
20.4496
17.1213
12.4451
13.2347
15.3146
11.8996
14.95
10.6107
10.2423
11.6552
15.17
12.3765
14.025
13.8923
11.2867
11.0035
11.3187
9.92649
11.862
11.8115
12.0844
16.1799
18.1336
20.0643
18.7772
20.8729
22.4626
20.6116
19.9371
20.5873
20.3949
20.5636
19.122
18.5735
16.465
18.3864
18.9131
16.4393
16.6012
17.3208
15.5931
14.0842
14.7875
16.0113
16.1282
16.8881
17.3353
14.1838
13.6898
13.2294
13.612
12.8849
14.6079
12.7769
14.1641
13.944
14.9199
12.0648
11.9997
12.433
10.9641
10.3562
11.3838
15.7352
15.7436
18.8083
20.2384
24.7499
25.0724
21.8459
20.6416
21.2505
21.0585
20.0024
18.8838
24.3627
21.786
21.6479
18.7819
17.2697
15.7288
15.8993
16.1234
15.7483
14.5956
16.209
20.2923
17.8567
15.2308
16.0003
14.4474
15.8635
16.5599
15.4213
22.2257
24.6655
27.6395
23.9529
26.5494
24.2731
21.8805
24.7384
24.2459
20.2022
14.4927
14.8752
11.8102
14.1745
13.999
16.3168
17.1179
15.1788
17.4182
16.92
15.7865
14.5711
17.12
15.8637
11.1541
14.9075
16.1615
19.3845
20.8054
22.6775
19.1767
18.8252
17.8564
13.1685
14.199
13.6176
13.3934
12.5211
12.8287
13.014
11.4669
12.5441
12.938
9.38233
12.7239
12.4995
11.8519
11.9722
13.3697
11.2123
10.6336
10.9451
10.8989
13.2012
17.5543
20.5007
22.3203
28.274
24.3116
26.0219
23.0626
22.1667
22.4857
17.5588
17.1614
18.1916
19.5661
18.1525
19.927
20.514
20.4683
20.0368
20.5916
18.5777
15.3783
15.7466
16.5331
14.1069
15.5905
17.7235
16.2579
19.6212
15.1209
14.2017
13.7241
13.8099
13.6675
13.7683
14.6687
14.1853
14.4597
14.8657
18.7248
18.0061
16.3091
15.511
16.5464
14.5012
12.3753
11.9156
13.0726
17.9819
16.2727
18.7998
18.5781
15.7305
16.4708
17.2887
18.7229
13.4299
15.5654
13.0982
15.013
9.22665
12.6602
13.2098
12.6761
11.1623
10.3042
8.63994
9.34762
12.0954
12.3237
14.475
13.7857
13.9947
19.4361
14.4634
19.6584
19.5432
18.0555
15.6643
15.1193
12.3221
14.5268
12.9091
15.0251
16.8294
17.9378
17.9589
16.5968
15.3167
15.9203
15.8469
15.7243
16.3339
15.8193
14.4628
10.6102
14.2841
13.2723
13.5199
14.3754
16.3858
17.6977
17.4357
14.6593
17.5401
18.3756
17.3889
14.7562
16.0193
15.4879
12.2212
13.6554
13.8214
12.1334
10.3646
9.68808
10.3233
9.21246
10.5048
12.6601
13.9793
14.4478
16.6791
16.5474
15.3397
18.922
16.1663
18.8495
14.5447
10.9904
9.89023
14.2318
13.09
11.2174
11.4177
13.5584
10.8626
11.736
13.0458
12.1969
12.5164
10.6287
9.23294
10.2269
10.6677
14.0677
10.8536
15.2762
15.5527
14.991
13.8314
13.2943
14.1449
15.7813
20.2256
18.8174
21.4183
20.3434
22.0514
18.3661
21.2212
21
22.4791
23.2764
19.3737
19.1598
16.5859
17.6862
16.4568
18.1232
18.0931
17.7006
12.2073
13.0044
13.1513
12.2036
11.6597
10.0367
8.39668
7.06901
7.69529
6.69469
8.75059
12.2485
14.5535
18.8646
16.0762
16.1247
17.5109
20.3361
22.1512
23.2725
21.7509
17.6459
19.4705
17.8815
20.2262
16.667
14.8775
15.4073
15.4633
18.8807
21.6237
23.1003
21.5497
16.4627
19.8685
15.3921
15.0164
17.3164
19.3401
16.1104
16.8903
15.4683
15.9304
11.5768
10.5096
10.0502
11.2039
12.6677
18.074
17.4167
11.4136
10.6351
9.08736
7.34708
8.12079
10.9984
8.95561
12.1307
12.782
12.6653
12.1145
18.6985
16.5994
18.5926
17.0949
13.9941
17.9948
18.0995
15.2239
11.9815
18.0891
19.5021
18.2446
14.7003
16.4786
14.4378
17.1328
17.3622
16.5502
17.034
19.2085
15.6023
17.5433
17.8672
20.8216
20.951
22.7084
21.4935
18.4336
18.5929
16.3267
16.3687
16.9475
17.0491
15.8741
17.1341
17.6769
21.5153
23.059
21.1403
23.6222
22.0658
25.4462
19.9156
16.9227
15.2796
14.6315
12.3414
11.3314
11.3534
15.6138
15.9449
16.8291
15.5998
12.9789
15.3478
13.3152
12.95
12.3973
13.6716
12.732
14.9268
14.8257
14.1527
11.9573
12.8376
14.002
13.2941
7.53471
12.1356
7.00507
7.63311
10.167
11.301
16.2737
15.0564
15.4885
20.9576
15.1291
13.4736
9.54546
11.108
10.0293
13.6724
15.3287
15.3597
17.4636
17.7089
18.7691
17.5593
19.4384
15.3591
16.7277
16.2088
13.8326
16.6086
15.9342
18.3179
15.4312
17.0087
16.6005
17.3409
20.6679
19.37
19.0695
18.5285
16.7776
17.7757
17.1607
17.7447
18.3965
17.0503
18.2996
15.7063
17.0065
19.0376
16.596
18.876
16.1378
17.1486
16.3415
14.9877
20.9137
25.7002
25.7796
22.165
23.6883
21.9177
19.9054
21.1258
22.9336
18.6787
19.7709
18.2252
16.8326
13.873
17.9336
21.4112
20.3713
23.9825
20.3446
15.0298
17.4561
16.7728
15.4624
15.6736
15.711
12.8741
13.7195
13.7762
15.2601
16.4543
15.0243
16.5516
16.8656
17.2037
21.8281
23.4641
26.0135
21.1209
17.7111
18.3513
20.9673
18.5478
15.4856
15.0141
15.3165
17.7384
17.4246
16.8311
16.5636
16.3257
15.3392
16.326
15.3759
17.1613
17.7899
15.4233
17.6994
20.2436
20.364
19.1661
16.1612
17.0743
16.6429
13.3294
14.3853
15.3771
15.6399
14.9891
14.0782
11.5595
12.8977
11.6238
9.40791
9.0561
7.78875
15.1904
14.4246
12.782
14.1511
12.5373
13.6278
13.0525
14.5116
13.2141
13.2109
13.7086
15.1613
16.8933
16.3194
16.1119
19.1787
17.4831
18.7825
17.7169
17.8473
16.4197
15.7882
16.3541
13.5947
14.8151
12.1454
13.3078
12.784
11.7709
13.8989
11.9194
18.1987
19.2313
21.903
22.1319
18.1067
16.2836
19.5055
19.1752
15.1228
14.1102
19.3278
14.4212
13.1601
14.4054
16.9079
13.3297
16.098
11.335
11.5547
10.1195
10.1365
7.55736
8.42307
11.1453
12.695
19.3093
21.6601
19.9613
20.9692
20.1084
20.0333
21.8557
21.7773
19.6478
18.7192
21.89
20.7694
14.8717
16.1431
17.2555
17.9013
16.3805
17.2454
15.6336
14.2891
11.6087
11.1558
10.1562
9.99927
9.32988
12.1753
13.1853
16.1863
17.0185
15.4815
18.4038
17.9342
17.91
19.2629
22.2768
20.8468
20.5772
18.6173
20.5877
17.1736
17.213
12.2413
11.9309
12.0276
11.0389
12.4677
15.4438
15.1581
20.7565
21.2793
21.8451
18.7294
13.675
19.4725
19.1242
19.1518
16.3775
17.8335
15.1362
10.2556
9.35833
13.402
12.7167
14.9485
12.6412
13.5299
13.2429
15.6776
16.2545
14.4602
16.7027
15.2507
15.2666
15.5824
14.7625
16.1636
15.1352
13.4288
18.0395
21.6126
19.1037
17.5955
18.6037
20.7307
16.2101
18.1124
18.4274
17.5423
20.5704
21.0937
21.9395
20.7333
21.0451
15.4945
20.0311
17.064
18.363
18.946
15.0888
15.7802
17.067
18.9385
19.1473
19.3553
21.5587
23.2044
23.4649
21.8328
19.875
24.0763
24.6451
25.3643
25.0654
26.7109
21.2484
21.9421
20.2705
18.0738
20.0755
19.1513
17.8232
17.7469
16.8214
16.2071
16.9873
17.1985
16.4427
16.336
14.6702
11.3288
12.7046
14.881
10.4996
11.5434
9.93404
11.9041
11.7578
12.6119
14.3139
13.1353
14.7206
15.7167
11.8257
13.3589
15.2444
15.3253
11.415
13.5474
14.5627
16.6022
15.7883
15.9599
15.6503
13.1034
16.9857
20.3988
16.4333
11.042
17.0749
16.0267
14.5809
12.2927
12.5675
14.3095
16.5172
13.4394
13.8666
13.0143
11.3397
12.8394
13.1928
13.1075
11.3558
15.5755
13.8076
15.7753
15.7569
16.3664
17.5157
14.6444
15.821
16.9014
13.5348
14.0121
18.4056
17.7743
18.527
16.5906
18.3419
20.0489
20.7723
20.8566
23.158
18.9371
18.9186
21.7673
23.2481
21.0501
20.1604
19.5844
20.668
22.0955
22.2234
21.7214
20.2408
18.5979
19.2379
20.3098
19.3459
15.5387
14.2134
14.3512
13.693
16.1191
15.7899
15.5141
9.71993
14.4651
15.8465
18.0508
20.272
19.8711
19.6384
18.7518
17.5614
22.2405
26.0576
22.1679
24.1295
17.5117
20.3051
23.4774
20.1684
21.8688
19.1108
25.1346
24.064
19.4757
16.7397
17.5547
15.6085
18.1186
14.4201
13.6675
14.6878
13.3542
14.2795
13.7441
10.5209
12.0007
14.7546
13.1498
10.8514
10.7986
13.5004
15.0454
14.9665
14.4849
13.808
15.9134
15.2707
18.1528
17.8799
15.31
15.4736
17.4186
16.8051
14.1168
11.5051
12.0996
13.9509
12.7261
11.9591
16.1143
16.5384
14.2382
13.9072
15.8273
12.923
14.1392
15.5433
18.2072
20.6784
17.2297
15.2746
11.9595
15.0802
20.0917
20.0573
17.4598
13.239
15.1027
15.4879
17.0126
14.6177
14.228
12.1073
10.014
9.20807
10.7709
15.649
15.2781
14.4509
13.4191
14.2042
16.2248
15.0516
14.7522
16.8084
15.7887
16.2142
12.8604
14.494
11.7001
13.9555
14.5983
15.1282
16.7981
16.3677
18.3346
15.2834
13.6767
15.5677
14.4778
14.6188
15.0503
12.1576
10.5615
10.1515
10.8683
9.11654
8.43601
8.06093
9.47266
7.78153
13.3093
12.0249
13.3242
10.9646
10.8177
8.71191
8.21326
11.8963
13.8687
12.5645
15.8336
15.1336
18.9988
15.695
15.3417
15.4389
15.0317
13.6716
11.1198
16.356
17.0267
17.2755
17.9533
18.0457
15.8094
15.2913
16.8071
15.2821
17.0147
18.8191
13.9904
14.4936
15.6952
19.0642
19.1591
14.6284
14.4509
11.5545
11.0684
10.1943
12.8345
10.7261
11.0667
12.6068
12.8015
12.1194
11.9639
12.0023
11.3083
13.8946
11.5976
10.8885
12.7887
12.4951
10.6282
9.18623
10.5308
13.2891
12.678
12.7399
15.1748
13.7498
12.2354
12.0884
12.7037
12.2243
11.7798
10.5684
11.811
10.153
10.5344
11.4394
11.6429
11.8052
10.7046
13.4836
12.6131
10.6927
9.22108
10.7464
10.5912
12.3001
12.6101
13.9463
13.8976
10.8171
10.1365
10.7818
17.2623
16.7936
14.6952
15.2339
15.2915
14.3025
13.1336
14.3546
15.7291
18.8623
19.0919
22.1813
19.6201
17.8222
15.2823
14.7244
18.4889
18.7625
21.717
17.2071
15.6807
15.9498
14.7405
13.3382
11.5582
11.3193
11.1658
11.2164
10.8711
12.5382
15.5043
18.4455
16.3707
17.9173
18.6794
18.9339
19.9734
18.2098
15.5768
11.0737
11.5129
12.96
13.8084
14.2559
12.1342
12.6543
18.102
17.6887
17.0352
18.4241
20.0985
19.085
21.9751
22.1912
19.827
19.2877
19.9508
14.7468
15.3817
19.3957
19.0241
19.186
17.8499
18.5332
21.9474
19.7832
21.791
18.5854
18.2626
20.4853
16.223
17.8147
17.792
18.5746
17.0879
14.8734
17.4184
15.6294
15.8054
16.4975
15.8943
15.5131
17.6165
18.5458
19.9115
16.3735
18.5392
15.0494
15.8522
14.7169
17.0172
17.564
14.2647
17.1658
15.7898
18.1114
17.5785
19.1488
17.5341
17.0217
17.3126
16.8007
15.9784
14.1557
12.541
15.0098
13.2294
10.2935
11.6244
14.6013
13.3158
15.0793
17.4329
15.8864
15.7948
14.3804
14.2367
15.1931
21.9638
20.0578
18.4131
24.8665
23.2877
20.2566
12.8155
13.3444
12.8517
12.9155
13.6127
10.371
9.64624
10.2374
12.1684
10.6541
12.4275
13.0285
15.7208
15.5321
14.3834
13.6725
15.9881
15.8198
12.7092
9.74988
10.0582
11.6729
14.1577
14.1695
13.2097
12.4394
15.1574
17.6384
17.8552
11.7369
11.7397
15.0659
14.2995
15.0562
18.7656
17.9268
17.5451
15.8991
16.1528
15.7077
15.2508
15.9793
17.0635
18.5085
16.9254
14.64
12.3644
11.2223
10.375
11.0634
10.1898
12.6407
11.7869
16.777
14.3068
12.2932
13.0025
13.1665
11.5925
14.5894
14.8531
14.2336
13.4822
12.7578
11.4989
15.3437
16.0425
14.596
12.182
13.8462
14.9245
13.349
11.9905
13.5591
14.4204
16.4888
15.2093
17.156
18.7117
22.3857
25.4632
25.6683
19.7167
19.5481
12.089
11.189
12.7885
11.9629
13.999
15.0405
13.2856
11.3822
16.629
14.9137
15.0437
14.9377
16.9845
16.7126
19.7248
18.2297
14.9746
17.2249
13.4067
17.6622
20.3876
18.5967
19.7437
17.4782
12.9554
12.3747
13.1861
10.6517
11.25
11.9682
12.4241
12.5638
12.9096
10.4322
13.0696
14.3601
13.2291
11.5941
13.1722
14.0426
11.9965
10.7453
12.9629
11.9845
15.8985
15.8503
13.7485
15.2721
12.5518
12.8428
9.91784
10.7893
11.8659
12.8711
12.0684
10.1388
8.83067
8.87682
9.13383
8.23365
9.94089
11.4201
10.8721
10.2017
10.6011
11.2098
10.9731
11.3414
13.5797
12.4413
14.1461
11.1
14.0619
12.6894
11.3015
11.8441
16.642
15.6502
15.0665
16.8188
12.9104
14.8545
11.197
12.3041
14.6533
16.0323
15.0961
16.3478
14.569
16.4177
15.8819
20.3067
22.4934
23.8146
18.9604
21.1496
16.2183
20.1464
21.6077
20.8671
21.3769
24.5823
23.0777
17.2738
20.2592
19.9576
18.2136
17.4815
17.3994
21.2593
18.7447
19.5419
19.6957
21.0775
20.3626
22.0095
24.8233
23.5762
23.37
22.7122
22.2489
22.6095
23.8746
23.6564
19.9996
16.7895
20.2013
16.2462
16.2191
13.9988
15.9448
16.4205
16.3906
16.5476
15.2532
16.1809
13.5735
10.7454
12.633
12.5539
14.6418
13.3193
14.1618
10.7189
12.441
11.5482
15.2542
14.0605
12.455
11.1635
11.62
8.95793
11.7503
13.8297
15.0486
10.8522
9.00801
13.3224
14.8495
15.8833
19.2649
23.5056
17.7856
15.7914
16.5911
16.6315
16.6488
15.5508
13.733
13.4442
13.8919
14.8963
12.5187
13.1281
15.6319
17.9196
16.4847
16.3794
19.3287
16.2962
18.6
19.5113
18.4175
15.6735
17.3836
12.5151
11.1521
12.0826
11.3986
11.3996
14.5106
15.7097
14.612
13.7109
11.6391
13.2129
15.0843
17.7766
22.0992
17.1761
18.571
18.8265
18.3141
19.2489
16.7636
16.0636
16.8154
14.5405
18.2659
16.8892
17.2914
14.7984
15.8766
19.119
18.3666
20.1443
21.4657
18.0223
19.438
16.5384
19.3293
19.6868
19.9571
16.4176
16.621
18.0321
15.1073
12.8417
12.0279
12.9383
14.8671
16.429
16.3238
14.1399
17.1838
18.3902
18.0619
17.7927
17.9554
14.1106
12.2903
12.1765
12.5052
12.9681
8.96477
11.0259
12.6827
11.6534
12.0703
12.1164
10.6015
14.1355
14.3742
14.1232
12.3534
12.1171
16.7123
16.9859
16.9564
15.2525
13.0375
8.41928
9.54331
11.1935
16.6162
19.4445
15.6621
14.7516
15.357
14.9408
13.3479
12.0728
11.7424
12.6784
15.4101
13.3191
10.6509
10.3959
11.917
11.6134
10.7806
11.9722
11.5476
9.30116
9.72838
12.0985
12.4662
12.5527
11.9365
13.7841
11.8855
12.7615
11.1635
7.95999
9.62114
14.561
12.2666
11.9998
10.172
12.1525
15.0724
14.1479
15.3199
16.4369
15.3599
13.8091
15.5795
14.6528
13.4449
11.7022
15.807
15.421
16.2007
14.9565
15.6191
11.3776
9.09014
10.4908
11.5812
17.2141
19.9315
17.2241
17.227
18.1602
17.551
20.0783
18.8297
19.783
17.3959
16.1357
15.2111
16.2871
17.3038
18.5816
18.0885
14.1351
14.0133
14.5443
16.0942
17.1327
13.7046
14.709
18.6356
14.9481
16.6062
13.791
9.62014
10.817
11.9633
10.8735
11.2216
12.9784
12.883
12.08
11.589
10.6678
10.6861
13.2375
11.6697
10.5474
11.8671
12.4829
16.5838
14.9385
14.5709
14.5431
13.813
19.2703
17.5174
15.4575
15.3928
16.5909
14.0898
13.4995
10.601
10.7335
11.1251
12.9716
17.0748
22.3238
17.9149
16.4908
17.031
12.4448
10.9602
10.601
13.9065
12.7759
14.3252
17.7258
15.7441
14.5877
14.7471
13.1411
10.9923
12.0691
11.48
13.2371
12.7269
11.8008
8.30447
10.1869
12.6425
13.1633
10.2545
9.05133
7.8595
9.48507
9.35366
8.08573
6.94244
7.10259
9.75914
12.451
11.5911
10.9697
10.9331
14.252
13.2777
15.6112
18.9075
19.5808
22.5477
22.5856
22.4144
29.7262
28.0606
20.1004
16.3908
14.0452
16.3943
16.2358
16.0521
17.123
15.2888
14.0628
13.9737
15.4252
16.6749
11.725
11.888
15.7119
16.4207
13.9267
13.9487
11.1453
10.9868
13.7013
12.7396
16.0492
18.158
16.26
14.7599
12.183
13.9709
14.4934
10.993
10.8924
9.9246
12.5475
13.4826
10.9393
13.467
13.8027
11.6145
11.1084
11.0092
11.0092
13.4033
12.7136
14.0918
15.7983
13.0436
18.9483
14.385
15.3121
17.8531
16.7649
19.0621
16.0414
15.9294
15.2166
14.2087
15.5734
17.7441
18.9388
22.3224
15.0847
17.3647
17.7792
18.5574
19.9842
21.4094
19.2178
16.6783
18.1476
15.5084
14.571
13.079
13.0621
12.0289
12.1284
17.0584
14.0559
14.8625
15.0598
18.5008
19.6063
21.1629
23.2158
20.7447
20.4591
17.9383
22.8511
20.3608
20.674
23.3563
22.6756
19.6962
18.9637
17.2973
16.1354
14.3351
13.7429
10.6516
9.91907
12.5417
14.4301
13.7846
15.2443
16.0935
15.7288
15.3678
15.1253
16.4844
15.4661
14.575
13.4696
15.7851
19.2421
19.2389
18.8552
19.5002
17.2859
16.7124
14.8859
17.4895
18.4359
18.3097
14.825
13.9453
14.3992
12.7786
16.915
18.0403
16.1129
12.9462
15.0864
14.6699
16.6409
17.3573
20.2329
19.8707
17.4403
17.1744
17.6382
17.1996
18.7257
21.4749
19.8612
24.82
24.1095
25.5165
26.429
25.929
27.7406
23.7553
17.7357
17.463
21.2456
22.1653
20.59
20.4652
15.6876
14.9819
18.321
17.5084
18.6931
18.0034
18.6908
19.4454
17.1602
14.8865
13.1092
13.2542
15.051
12.2482
13.9298
8.74101
9.10913
13.4925
15.8473
14.0794
14.5152
19.8124
18.9617
18.2817
19.6851
25.0272
22.5868
22.1853
21.8357
25.2414
21.2619
17.813
17.0501
16.5667
15.3851
16.1664
18.4641
16.2399
15.7743
18.7306
18.3924
17.3179
14.9284
15.7828
16.6589
17.7067
17.3632
18.747
14.9171
13.3912
14.5864
16.707
15.9464
19.4407
17.5621
15.175
14.8129
15.828
16.1986
18.1503
21.0376
21.3429
24.0242
27.7218
26.9636
25.1181
29.6347
27.5606
28.6586
21.3419
22.8734
20.3894
17.149
14.8856
10.8409
10.8013
10.4319
9.97688
11.1976
12.6334
14.4179
16.2789
20.361
23.2319
18.4525
20.2789
19.149
17.2985
15.1908
15.3614
15.6221
16.7303
15.6896
16.5045
15.9337
18.7559
23.7713
21.4531
19.469
18.148
17.9058
18.5663
21.834
21.9065
21.2083
22.0232
20.6618
20.0276
20.9442
22.2319
21.377
19.7188
18.9862
14.7298
16.4687
14.4059
10.2041
10.9175
11.1759
12.7066
13.8906
14.4203
15.4747
17.4058
18.7189
17.3336
18.2326
17.9544
19.1532
21.4535
19.4967
18.3512
14.9032
13.5482
14.8983
12.8421
10.2092
11.2973
14.0945
14.8466
14.4913
15.7486
13.2856
14.8312
16.1416
17.4904
17.153
17.3946
15.74
16.6433
11.1057
14.0672
14.7218
14.424
16.0557
17.7515
17.0151
17.3288
20.0292
14.7583
16.976
18.2571
15.6554
16.0838
11.3863
14.2911
12.1753
12.6043
12.9109
11.6377
12.0561
16.8183
18.5224
17.4548
13.5069
13.3434
14.6026
15.1016
18.2264
17.65
15.9883
16.3211
16.235
18.4286
21.0281
20.2896
22.4487
21.168
15.7822
17.907
16.9797
15.735
15.1594
15.0911
17.7748
17.2824
16.779
19.0085
15.9339
13.4464
11.9853
10.2461
12.9385
12.5503
11.8347
10.2279
13.9612
11.6618
9.52358
11.7081
10.6708
12.4944
11.1202
9.52331
11.1304
12.8199
12.6179
15.7571
15.4289
14.9409
16.8158
19.8108
19.7994
17.7313
20.2574
22.9359
20.9998
22.2241
22.3725
21.7684
22.3572
20.7837
18.8369
18.8502
18.8723
27.0143
27.1162
22.0122
21.6746
18.7013
17.4753
18.0788
18.3369
21.0981
22.2639
21.2608
20.8739
24.153
24.6606
25.7823
23.8545
18.6695
24.298
26.9948
24.214
23.4377
19.5878
18.6091
21.4907
20.3997
19.8424
21.1528
19.6057
23.3535
20.4843
21.2749
20.0446
20.6811
20.6811
21.337
18.1627
17.942
18.1981
16.3519
14.8476
14.6099
17.9782
17.9943
18.1587
15.3689
13.7347
17.0501
18.1851
16.9732
14.8801
12.7109
13.6947
14.588
15.5134
17.0262
17.7664
17.5801
19.5113
16.0998
14.9343
13.4595
12.0112
12.2325
13.9791
16.0658
19.6578
19.5852
18.3812
17.2629
14.6581
11.7118
12.8622
12.3542
11.1339
13.1794
12.558
12.3018
10.2559
9.76187
11.0932
10.906
12.2223
8.32993
8.29926
8.67952
12.2563
12.0472
11.3363
9.79842
9.60675
10.9175
14.4873
13.1937
14.4062
13.7507
13.337
11.5968
13.8925
13.9484
14.6805
12.6048
13.433
13.7815
13.3549
13.0916
12.6088
13.2252
13.9891
14.089
13.0701
12.4166
13.0723
13.2987
13.7636
15.1642
15.6324
15.6764
17.2967
16.2919
18.8842
17.3358
16.4389
13.589
12.4267
11.6418
12.2113
12.4946
12.0612
13.0233
17.5741
20.4074
18.8469
16.752
17.5829
21.604
21.851
21.5612
21.5367
21.4846
26.642
23.4548
23.4704
27.6578
26.352
24.5442
21.0237
22.0348
20.7895
19.9553
20.3752
25.5546
23.4917
23.1809
17.5173
16.4511
15.4279
16.6841
16.8699
17.3085
19.1986
19.1229
17.0133
15.5332
16.8568
13.9527
12.8695
11.3665
10.957
10.1977
12.8155
16.4223
10.7965
11.7125
14.4793
13.6799
13.0767
13.2568
18.2574
18.1942
18.7197
14.5098
14.5287
14.1589
15.7241
15.4323
14.4083
14.1711
15.6923
13.2743
12.5406
12.1643
11.1798
12.1023
13.8447
12.4559
10.4779
13.4401
11.4724
10.2187
9.4503
11.375
11.5586
12.3322
12.2613
13.3742
12.0583
13.1544
14.4409
15.6463
13.8343
15.381
15.5024
14.6956
13.1157
12.2134
14.3888
13.2639
11.6451
13.115
14.5883
15.9236
14.0524
15.9299
15.1501
14.5054
13.5817
13.9849
15.6178
19.0362
12.708
8.47047
11.5649
12.2559
12.2766
12.5731
10.6924
7.94406
12.3378
13.0283
11.8992
12.9735
13.8492
13.3697
15.5164
10.4105
9.69897
10.9772
10.0803
9.59754
11.5625
11.8311
13.522
15.0415
14.6396
13.2552
14.5232
11.6561
9.58126
11.2075
12.2001
15.5538
17.1319
13.8608
12.2352
13.0476
10.0178
17.375
14.6577
14.9115
14.4029
13.3974
12.603
13.9983
12.8307
11.198
10.9284
12.9578
13.9751
10.8721
10.8113
13.5931
13.2025
12.1054
9.43182
10.7112
11.0399
9.42484
9.94891
10.3819
11.1166
11.6251
13.681
13.2858
15.1774
15.1142
15.3664
16.8438
14.2642
12.521
16.1337
14.0766
14.8264
13.7231
14.7166
19.3592
21.3933
21.6116
21.6033
16.3262
20.9864
16.6224
13.6306
14.3148
10.1684
10.9563
11.6017
13.3753
13.6867
20.613
15.6582
16.3644
15.5839
15.0081
15.597
16.3868
14.6975
15.1111
15.5528
18.8928
17.3336
15.4276
14.8558
15.0855
16.1617
13.4356
12.1034
12.0557
11.7318
13.1203
13.5315
15.3747
14.4792
12.082
11.7423
10.8784
13.741
12.8559
13.6549
12.7609
12.2397
14.2578
12.7524
13.4374
13.5773
12.1795
16.6541
17.0932
17.4793
26.5082
25.862
22.6255
21.5172
21.788
21.2394
22.5015
23.998
25.8152
25.4061
29.0212
29.1059
29.3493
28.273
28.0153
25.8853
22.0277
21.0075
20.337
23.4329
22.7998
18.7595
16.9852
16.9824
10.5427
14.8579
12.9298
13.9188
12.9159
12.2836
14.3161
11.8159
11.9971
10.1868
10.02
12.2904
14.119
13.2111
16.137
16.9701
20.4225
15.2414
15.7652
14.1678
11.0524
12.9959
13.5221
17.8387
17.6795
13.2555
13.2469
10.8048
9.9705
12.406
10.3042
10.9722
11.6534
10.3244
12.3763
13.2713
12.3478
11.913
10.5495
11.0304
14.9852
21.4157
22.2715
23.0375
17.3627
15.9304
15.8474
14.6746
16.8097
14.0532
13.815
13.9417
14.9746
13.1726
10.6469
14.2369
15.2315
17.5225
18.957
19.3808
16.0406
20.4013
14.4946
16.4557
17.1549
16.9026
17.3981
12.8219
14.0291
13.9387
17.3693
18.109
18.4476
15.4016
17.358
15.5665
17.071
19.6112
18.117
14.7517
17.929
18.1931
16.0601
18.5097
21.4122
19.5706
20.3746
21.1924
19.7358
17.6489
21.323
23.916
22.0293
25.4592
25.5591
23.7234
21.1678
16.5885
17.4374
18.3701
17.1547
14.618
13.5781
12.607
11.6696
13.509
12.2231
14.393
14.1552
14.9866
14.9866
13.6618
14.6899
15.0557
16.0469
16.7656
15.106
15.1585
16.5855
17.0904
16.728
16.8882
16.6639
16.432
17.9325
15.9214
12.9214
13.325
14.8663
14.8709
17.9071
20.7302
17.402
16.1619
16.8389
15.5031
14.3802
17.3196
15.3182
15.2387
14.6486
14.8911
16.8722
15.8267
14.6923
15.6056
14.9406
13.6911
12.0567
11.4014
13.2776
14.9515
16.7195
13.5483
12.6284
11.24
13.122
12.3207
11.9082
11.4501
9.63961
9.29035
7.86599
6.74638
6.41062
6.58839
7.28938
8.06563
9.33999
9.87703
11.311
9.71377
8.60748
7.06476
9.35944
10.4835
14.0197
14.176
16.0618
16.4078
18.3949
19.3676
16.6828
18.2086
16.2097
18.2774
15.36
13.89
17.2578
16.7395
13.8285
11.5419
10.3913
12.5879
16.4754
12.5179
19.0719
19.7344
16.3587
20.6802
18.7633
23.4049
22.1087
18.6268
18.912
16.8964
15.9196
16.2255
18.7639
17.0246
15.7173
17.7735
18.1459
13.9677
13.5516
13.2599
13.8545
15.4877
13.6164
12.1868
12.1897
15.0157
18.0509
20.5438
19.3275
22.4245
18.7454
19.8212
22.5084
20.8066
18.7399
18.5243
18.8512
19.3224
19.2768
20.9521
19.3214
18.9596
17.7654
16.2547
13.1341
10.0487
14.0711
16.9208
15.8072
16.4148
17.6877
20.6971
19.0624
21.3465
21.6618
18.2004
18.548
16.971
17.6032
19.5819
20.5076
19.1694
22.3447
22.1852
20.341
21.0984
13.5908
12.4857
13.2465
17.1723
16.0401
15.4648
10.2457
10.2425
9.24245
10.1396
9.44706
9.34543
14.9337
13.1973
16.3156
15.3687
16.1901
16.1739
16.247
16.2893
17.4158
18.7839
17.1279
16.9497
15.1505
14.1142
16.6969
21.0466
15.1678
14.9483
10.0135
12.0142
12.7747
14.0898
14.0125
19.4911
16.0708
12.2383
12.722
13.2447
16.2506
16.302
14.4267
15.8795
11.4562
12.4786
13.9023
14.8246
16.4662
17.6987
21.4577
19.6704
17.0527
18.615
18.4126
18.2539
16.6271
19.3755
19.3377
19.8119
21.8944
25.2735
20.5068
22.4899
21.8509
24.1318
23.6094
24.5026
24.0385
23.691
19.7816
16.836
16.8386
16.1231
18.8059
15.5684
19.6765
22.6356
22.3461
19.3314
20.029
21.8634
18.2244
18.7072
19.394
18.2353
18.5198
16.4857
18.1909
16.7246
15.8197
13.3753
16.4012
15.3465
14.46
12.1771
11.5486
10.4035
11.8227
11.8437
14.9343
15.995
17.4865
17.1525
16.9993
15.1611
18.0008
16.951
29.3639
27.2036
25.7416
25.4436
28.6415
26.3086
30.2606
28.8055
23.6604
17.5527
18.8932
16.4365
17.2763
17.7953
23.0921
24.4187
22.3803
23.5453
23.5864
23.9219
23.7111
19.5119
16.9467
17.9987
17.3205
19.7423
18.541
17.8368
15.8972
16.4503
17.3182
13.7457
15.4948
16.8256
16.1892
21.7778
21.0888
19.9654
22.6425
21.8198
21.8861
20.4652
22.9429
25.339
28.7308
26.5265
25.7427
18.2201
13.8794
16.3683
14.1843
13.3184
14.1555
13.5113
14.3526
15.3643
14.003
16.3602
15.8013
16.1276
16.1631
14.5882
11.7022
12.819
10.0053
11.2751
12.1139
9.26559
11.1693
9.79005
14.4379
13.3177
11.3148
13.8739
16.5842
14.2226
12.2234
11.8138
11.8326
10.1892
9.74025
9.86338
9.79894
9.78053
11.3697
12.3124
11.0046
11.227
12.7558
16.2658
16.2634
14.793
14.5934
11.8955
11.4843
14.9573
17.3025
17.6461
18.897
17.4383
18.4486
20.5415
18.471
20.3851
20.4751
21.6171
20.4134
20.0001
13.6014
12.3774
14.3288
14.5338
19.5741
18.6557
22.1285
19.2169
19.0415
16.8449
14.93
11.8071
10.2957
9.45232
7.30033
9.9782
9.78392
9.39525
7.66361
8.43455
11.0241
8.25724
10.2523
8.75352
13.978
16.6061
16.9397
12.7601
14.5131
15.2685
15.0107
16.5532
16.6731
18.5736
17.3842
19.3461
17.5636
14.735
18.5255
23.689
19.0894
20.5582
16.2294
17.1514
13.9507
18.5584
16.1315
18.1352
17.8914
19.4056
17.0421
16.7146
14.6101
12.4382
12.7457
11.1064
14.739
13.9752
15.244
20.8028
16.9988
18.0208
18.6162
22.3936
23.7017
24.7309
19.7952
15.9124
13.3296
10.6141
11.7465
14.9801
15.2585
14.7846
16.3091
16.1323
14.7492
11.9555
13.8757
17.0803
20.2134
22.7702
20.2355
19.7675
18.8757
13.1082
13.2965
13.2293
16.4924
17.434
15.8462
13.116
13.3606
12.2885
11.0053
11.4201
12.4548
11.1086
10.3551
11.3461
11.1632
11.0296
9.00282
8.01192
9.34161
8.49772
11.0738
12.4438
13.7316
16.2462
16.5616
12.3834
17.1946
17.3291
13.8784
14.7191
13.5561
16.8698
12.3003
12.0654
16.2688
14.3762
14.1215
14.6009
17.2772
15.3258
15.3328
17.6432
16.8271
13.7279
12.9308
13.0816
13.3648
13.4731
14.3068
16.2756
18.0037
16.6344
19.9391
16.3437
13.9057
12.7579
10.3948
11.7419
16.6752
15.4853
14.4074
19.6311
22.8923
18.7054
19.7576
18.6723
19.5849
16.9168
19.5491
16.2272
13.9657
12.5212
13.6504
14.8112
19.9982
22.5037
19.274
14.7656
16.8871
17.497
14.0405
16.0289
23.146
24.3579
25.8394
21.3728
19.6422
17.387
17.7414
14.4803
15.3716
15.1562
14.8884
13.6088
14.6165
14.1479
12.9664
15.1282
16.5052
19.2888
16.6125
17.4846
17.2051
18.2041
17.4272
16.7493
18.8104
17.6633
16.6646
16.3513
13.7578
13.7712
14.8709
12.4346
11.4037
11.9476
12.449
12.8764
13.2448
11.387
11.9335
15.481
14.3929
15.9985
12.6145
11.1423
13.9721
13.6158
12.5654
16.4625
15.3693
14.2
14.5403
13.5693
14.3182
12.5414
14.0857
11.8478
11.4242
16.256
14.6412
12.5617
14.2431
18.5432
19.1027
17.5976
16.6351
17.2074
14.9173
15.3841
16.1708
14.341
12.3571
14.739
13.0298
12.6975
13.5049
12.96
14.3493
19.0399
17.4908
14.921
14.0369
13.879
15.0724
12.2388
13.4367
12.6931
13.3805
12.3892
8.65518
10.2347
11.3236
15.5286
18.9351
22.6668
22.3632
22.3185
19.8288
18.0245
15.4971
19.6158
18.9448
17.1047
21.5223
23.8657
22.9936
20.9683
21.5807
17.2037
17.3948
15.648
15.8586
16.3225
17.5425
13.7555
13.8686
12.291
8.97784
10.7537
12.3199
9.40607
13.3918
12.6706
12.564
12.3612
15.3396
17.6404
18.7199
17.1052
16.9971
14.4989
13.2726
18.4414
15.7276
13.6125
14.0239
15.915
13.3546
10.801
9.93518
14.6752
15.9312
20.8566
17.0255
17.2488
17.7096
17.8716
17.9543
22.1991
16.2994
16.3128
15.1524
15.7203
16.7334
13.0574
9.43261
11.5577
12.9231
14.5991
14.4904
11.4536
11.4817
13.1747
16.545
20.0708
19.343
17.9148
13.9691
12.4453
14.197
11.7084
11.0563
11.7955
12.997
11.496
12.549
10.1628
9.7772
11.1718
13.0045
13.5343
11.6787
12.3758
11.2908
13.0306
12.2153
13.0316
12.0459
10.3164
10.6018
10.9212
13.1283
16.3172
13.7814
16.8452
17.9726
18.3889
13.0772
12.9954
14.2166
12.6015
13.9694
14.1201
14.4127
16.8011
17.739
17.489
14.521
13.8112
12.0388
13.5063
14.7142
13.0855
15.7029
16.8156
14.567
12.8417
12.5167
11.5235
9.53552
8.55929
7.81805
8.76679
8.1841
7.2989
8.69457
10.8201
13.3869
17.5588
19.2328
18.2687
17.9908
15.6197
14.522
15.8929
14.6457
15.6909
18.1488
20.9241
22.9711
19.0321
18.1201
17.2564
16.725
14.9661
17.4706
17.9395
18.6839
21.0685
21.6902
27.2547
26.9358
25.0666
25.2658
24.2757
24.4796
27.2113
24.8915
23.3292
21.0832
20.87
20.9202
17.0907
16.7734
16.4761
14.911
14.8594
14.6651
13.4854
14.4408
16.0023
15.2411
14.0886
18.2314
17.8986
16.9747
16.6076
16.7227
14.1561
14.1952
14.4812
13.021
12.0594
13.8886
16.2413
15.8745
14.3182
15.9473
19.251
19.8519
21.6141
22.0111
17.0697
16.8085
14.9078
14.5206
15.3043
15.5305
16.0418
19.2678
20.7494
19.4389
18.4136
16.9248
17.666
17.6514
17.3345
19.0989
15.409
11.1484
14.0578
11.6767
11.5024
11.4292
13.794
13.392
14.9748
13.3851
19.4061
16.2998
19.9299
19.3498
25.6103
19.1551
20.1979
18.9342
24.2839
24.8279
23.7021
22.8213
22.1135
19.7155
16.6067
18.1121
11.6704
16.2003
17.3265
14.0469
9.82616
12.4256
10.7309
9.93687
11.494
15.7832
11.8864
12.3786
11.1155
13.224
14.458
8.93008
9.73724
10.284
12.0392
15.8693
17.6805
15.4144
15.0142
14.0817
15.6673
17.1182
16.5081
14.6003
18.9515
15.5954
17.5063
17.7124
19.4616
20.1648
22.0467
24.832
25.0787
21.6852
22.4241
22.1964
22.8555
22.4101
19.8789
16.7635
15.1848
17.3301
18.9109
17.5499
19.4961
18.799
14.7449
14.4413
18.8724
18.5583
21.0626
25.4768
24.1947
25.4465
24.8934
15.9389
14.0444
14.2032
11.284
7.7969
7.7166
11.8766
10.3841
8.32135
11.4408
12.6367
13.2254
13.9955
15.75
15.7028
16.4254
15.9905
15.2272
18.7009
19.5548
15.9796
17.157
15.8217
14.6328
16.7018
17.4343
14.5196
18.9125
22.9535
21.9744
23.1651
23.9848
23.6789
21.3979
23.7192
22.0818
20.8084
17.3395
20.1921
16.2369
18.92
20.3695
15.7898
13.3356
14.8314
16.8808
19.3122
16.7206
14.2493
13.803
16.2193
17.6072
23.6204
22.183
25.5485
23.6595
21.1018
15.1941
14.5404
11.5796
17.9613
19.287
20.9858
19.9625
16.5043
16.0187
17.8
17.5513
14.9349
12.2694
14.0329
13.1698
14.4526
14.8368
13.9253
14.5481
13.3689
9.69134
11.1019
15.0547
15.4374
15.1406
16.233
15.5077
19.8773
18.212
17.8893
16.4906
15.0966
13.2818
14.4821
14.3594
12.3199
14.8275
13.0884
9.57809
9.11909
9.48375
13.6387
12.4124
13.4609
12.4609
11.3165
11.4374
12.2943
17.6699
15.7685
14.7026
16.0154
17.5267
16.8856
16.5475
16.4066
16.8992
17.835
15.6576
16.3543
19.2199
17.1248
22.9545
19.3082
18.6445
16.2551
16.9948
12.5056
13.088
11.4872
15.7391
12.0818
12.1874
7.88744
6.73357
7.90254
10.7599
11.7439
10.7628
12.1235
13.0334
16.9682
14.5896
16.4732
17.8303
17.1346
17.6523
19.6282
18.0822
18.2175
15.3797
15.5461
17.0349
14.202
15.1766
12.7237
14.6239
12.0877
9.71795
11.3301
11.327
10.936
10.2785
12.2262
12.5262
13.212
14.4467
15.9844
16.2176
18.6634
18.6634
18.9289
21.5375
21.5635
20.8285
16.8788
16.8471
17.0219
18.8432
14.0113
13.5788
11.9465
9.7639
13.0571
15.2352
20.7471
18.3182
17.2219
16.8547
14.4576
13.4156
13.6925
13.1404
11.4847
13.8873
13.1446
16.1501
16.0778
16.1376
17.5082
15.7162
17.4179
17.0357
14.7833
16.0657
12.5975
13.1578
10.1144
10.1281
12.8201
12.5818
14.5183
16.8092
15.2571
12.0813
11.9277
13.059
16.7984
13.3306
12.0306
12.8968
14.2781
11.6713
14.2103
13.2867
13.3947
18.154
15.6496
16.3412
14.5487
14.0112
13.1617
13.133
13.1185
9.42793
10.2863
9.7548
9.73523
6.93155
6.81242
10.2389
11.0405
14.1738
16.2982
16.8683
14.6799
15.0697
16.1716
18.9767
16.1689
12.1734
13.7006
16.3363
16.2175
16.697
17.2279
15.8013
15.1292
16.4926
18.847
16.3686
16.9836
16.1702
16.664
17.6061
18.0207
13.9721
12.7371
12.6985
11.7857
11.3973
14.0602
12.6725
12.8198
13.3327
16.0198
13.3803
13.8621
13.6301
11.5104
11.5512
12.8071
10.7893
14.3028
15.1955
16.9714
17.4865
17.0621
16.7295
14.1065
11.0345
12.9664
12.1593
14.6011
10.8437
13.0876
12.0414
14.4936
19.9441
16.7773
19.554
18.8262
17.1042
17.1439
16.6227
15.3117
17.8541
17.5129
16.2738
15.9063
21.0693
18.9595
19.3742
20.1245
16.5328
15.0704
16.7689
16.1368
14.7032
16.1316
15.9414
17.995
14.8929
14.6314
14.1264
14.6442
9.63359
10.5625
13.6713
15.0743
13.6403
12.5814
16.4042
19.4452
17.7491
17.314
20.4736
21.3621
21.3335
22.1475
21.1914
21.1537
15.4787
14.7471
14.7752
14.2419
14.7327
19.3683
19.1277
19.3847
17.8804
20.0189
19.3624
19.5972
20.7699
20.4901
17.91
19.9991
18.9557
19.8334
19.871
19.2783
16.8239
18.4832
19.5022
15.5793
16.2746
19.2138
21.862
23.3387
25.2504
22.5099
25.8547
29.2875
21.0927
18.5103
18.9906
21.0587
19.9294
18.8709
19.27
20.3632
16.3239
14.0964
14.6579
14.3204
14.5207
16.0433
21.1865
21.9779
21.8545
23.2246
20.7826
15.1343
16.9029
16.2759
19.442
14.4998
17.4364
15.5837
16.1591
19.8545
20.5487
15.6556
15.5693
15.2961
15.1523
17.0646
16.1392
19.5747
20.6984
20.9861
18.625
24.8046
23.1167
25.5087
23.3761
23.0976
17.4966
15.5371
15.5244
15.3618
19.3386
15.4534
20.0787
23.064
24.3498
21.0534
25.7802
16.3123
14.6569
12.4255
12.3745
12.6523
14.8927
14.4624
15.0786
12.5657
18.7194
20.0353
16.9462
13.997
17.1169
13.7583
16.301
16.4861
14.9448
17.3487
14.4659
14.0314
12.1616
11.3864
12.3238
13.9631
10.1077
10.4982
10.4352
10.929
13.7883
11.1998
13.5642
10.7134
9.43185
9.40004
10.5475
8.64587
8.94241
10.0099
9.73173
11.7031
14.6247
13.27
10.1293
10.6206
10.811
10.7514
10.958
12.5145
13.3257
15.1835
21.9935
22.0535
20.2378
14.6606
14.8877
13.0361
13.3608
14.2195
12.5628
10.6022
8.44175
10.1538
12.5194
9.70988
9.97411
10.9179
11.8126
11.1356
11.2347
11.1716
12.8306
15.7206
16.2062
11.944
11.3601
12.997
13.423
13.0868
11.7806
12.0261
11.9263
11.6086
15.4847
19.9274
21.3319
26.1433
21.6565
16.205
16.8042
18.9728
19.8324
23.5242
23.7729
18.9895
17.5438
20.8221
20.3893
22.6357
19.7722
17.5338
19.4916
17.324
18.0576
15.9239
17.8502
20.063
18.8932
17.5947
18.6396
17.7586
14.0132
13.9176
16.7482
16.6699
22.4463
17.0614
13.3494
14.9337
14.1173
14.3336
12.7137
13.1587
13.2634
10.9671
9.49776
10.1321
7.949
7.70728
6.43819
7.33627
9.53771
9.53771
11.9205
19.4632
19.2109
19.1954
19.8443
20.4282
21.1431
18.757
16.9464
19.5003
20.4984
25.6509
26.8138
27.5018
25.4707
29.4942
26.1212
21.4339
21.5638
20.6483
18.4242
20.6858
19.3531
19.358
17.2703
15.3032
19.9894
19.0244
17.5863
22.9556
12.9949
17.5325
22.358
24.3827
21.9878
17.8937
18.4463
15.8277
14.5045
17.3422
17.4725
15.9816
15.1594
14.7412
14.8672
14.9205
16.3351
14.1746
14.3097
11.2355
18.3906
16.9521
16.964
12.3993
13.9512
14.8463
14.9306
12.8739
14.0623
9.70262
11.1181
9.17264
8.72278
9.00863
8.23437
13.311
14.2096
17.2463
15.2789
12.6321
11.3204
12.6756
14.6395
15.1569
11.0873
8.28334
12.0151
10.7116
14.6606
13.8788
12.3257
13.0199
13.2582
10.4009
12.526
11.0185
12.0091
13.0059
14.0033
14.9591
13.3524
11.1774
12.286
12.3869
15.4657
11.2029
12.6343
14.7034
12.8415
12.6998
12.2261
13.2382
7.83693
10.8975
12.758
12.5261
16.1806
15.0735
9.69242
11.1045
10.6115
13.5096
10.7429
10.6901
10.0493
13.7634
14.8376
16.013
18.0731
17.3339
19.4351
22.6624
24.4492
23.827
24.209
21.2998
21.9891
18.7644
20.4588
22.076
21.3993
21.2233
20.5236
26.0393
25.4775
22.1848
17.5906
13.3154
12.7067
11.4988
15.0137
12.7673
15.0499
14.2557
12.5337
14.8595
19.5309
20.932
18.9788
17.7888
19.4644
14.148
17.1048
19.0869
22.0973
20.0314
19.9184
19.657
15.6914
16.4012
13.2362
15.9058
16.1707
15.4411
14.7951
17.3479
16.8711
17.6158
10.8737
9.18684
11.5024
14.8808
10.2392
10.0027
8.90763
10.8309
11.8902
11.9557
10.4941
10.8746
12.6223
16.2713
17.3503
14.6888
16.8247
17.2148
16.8713
18.0477
18.9705
20.8585
19.5649
15.7946
15.6708
18.5481
17.7881
17.0545
16.0569
17.0718
14.5479
16.3321
13.2689
13.3607
13.7887
15.0035
14.3635
13.2437
15.1365
18.9057
18.558
16.5581
16.5209
15.8666
19.9578
23.6121
21.5918
22.6339
19.5137
22.6458
25.9285
18.0888
21.8757
21.5284
21.0231
21.1524
18.9809
19.8952
14.2164
12.9997
13.3406
13.5549
13.6444
13.4199
15.9183
13.0478
14.3034
16.6392
16.2762
16.1808
15.2549
15.9398
14.6245
12.2132
13.7906
12.9051
13.818
12.2002
12.8617
14.6801
14.9733
16.2218
16.0578
15.89
18.3019
14.3315
16.6374
14.6954
13.94
12.4266
10.4498
10.7588
11.2662
12.2836
12.9095
14.2795
13.4942
11.8641
13.7831
14.7269
17.0696
11.4333
9.866
8.57386
11.2105
11.2105
13.7644
13.4655
16.0021
15.0317
19.666
18.0502
19.8866
19.4797
15.894
15.4159
16.6492
14.8825
17.3435
17.2861
16.1185
15.0858
15.7283
16.3623
12.3879
12.5162
12.3437
12.094
13.7055
13.7073
14.3428
13.2327
16.0397
16.9627
20.9185
21.8223
16.2887
20.7707
17.6413
17.5073
20.3665
18.3014
20.3763
21.0215
20.8865
19.6319
21.4912
21.1867
19.8007
14.1795
8.74751
8.98181
9.07171
9.73527
12.312
16.6931
14.3588
13.1908
14.4495
17.9486
17.9402
21.848
19.4152
21.8699
19.4027
17.0907
16.2425
19.8805
22.8084
24.8078
24.1402
18.1661
18.0699
17.7855
19.6196
19.6336
18.6284
17.9481
18.8767
16.0421
16.1258
14.9163
14.7094
14.4021
15.894
16.5629
21.3888
19.935
19.1381
19.8188
24.068
20.7086
22.7544
20.7586
19.6434
18.9022
18.7995
17.4056
22.2096
21.7059
20.3596
19.0333
17.3064
17.4342
14.9365
14.7643
15.2908
15.4656
14.1254
11.6024
15.8862
14.3501
15.2327
15.2177
14.8184
14.8342
16.3741
23.6242
17.8691
15.159
15.4472
16.7397
17.0421
16.9752
18.8077
20.0728
18.6063
13.7401
15.8513
15.8718
13.0258
12.9659
12.6548
15.2569
12.8845
12.7073
11.1882
8.64429
8.44805
8.45809
9.03107
11.0848
7.80021
7.44844
8.32351
8.37975
7.49289
12.3939
14.4488
12.0766
14.5951
17.067
14.9434
16.761
15.7926
14.2879
15.1752
13.1875
12.5388
14.3637
14.7558
15.9984
17.2961
17.6722
17.2187
14.0306
16.0584
15.8674
17.6414
16.7093
16.4003
13.6203
15.9435
14.8884
17.309
18.0041
16.7027
13.4129
11.2739
11.0739
11.2283
9.20659
8.27963
13.6136
12.5353
13.1404
15.4447
14.554
15.1645
15.9507
13.5629
11.9509
12.6821
10.3506
12.3455
14.2026
13.483
11.7455
10.4539
11.3833
6.92526
7.46635
9.83618
12.6306
11.4539
13.8815
13.4544
13.6709
14.5831
13.8187
14.6256
14.807
17.2129
17.6899
16.1113
16.3873
16.7035
17.6754
15.9353
16.6009
15.4022
15.5786
18.0134
16.1769
21.0202
15.9779
13.3124
13.4253
16.84
16.0087
16.3947
14.7489
14.7162
12.6083
14.7337
17.5156
15.1322
17.038
15.7907
17.1556
17.1217
21.4262
19.0869
17.1095
22.487
20.2234
17.1809
17.666
15.8931
15.7779
10.5138
9.82957
10.1483
12.8132
12.9996
15.328
10.4513
14.9574
14.4377
13.8007
11.8041
12.6566
11.1657
13.3174
11.4455
13.7976
17.0123
14.3558
15.5697
16.414
17.4111
23.3012
23.062
18.7945
16.2141
21.6517
21.4667
20.5381
18.0456
20.478
16.439
15.5701
12.3814
15.5586
14.6919
15.3657
14.0923
14.0923
11.9108
13.481
12.4101
10.9903
8.54858
11.2402
11.9117
12.2744
14.6702
10.9443
10.4636
14.0076
12.3881
13.1991
16.0348
16.4437
18.4502
17.4767
16.6425
10.6138
10.0326
13.324
16.5933
17.1679
17.6747
16.4173
20.1803
20.1803
20.7184
18.7655
21.4317
19.5661
15.7494
17.2659
18.0853
14.9588
15.6498
12.4917
10.08
14.2886
16.6758
14.0443
14.8251
14.2856
14.0464
14.4769
15.7266
13.1433
15.5246
17.3
19.3372
17.3617
15.5632
17.8964
13.6561
13.0113
13.862
14.3492
12.6701
15.3601
16.4383
15.7906
14.3209
19.4294
20.9302
21.4221
18.3924
15.8078
16.0087
14.7589
12.6447
13.4717
13.7974
15.254
14.6298
15.3992
17.1538
15.5269
15.7419
21.3032
20.8259
20.9081
14.319
11.4978
13.3037
11.8896
10.9531
10.8886
11.3765
13.4447
13.5186
11.5417
17.1305
16.7371
16.6717
14.5583
13.8699
14.2777
11.7153
8.89437
10.0065
10.0509
9.28986
14.9049
16.5545
13.3745
12.4839
12.291
13.3413
12.7815
12.9431
15.6336
16.4587
20.1189
21.122
25.4064
24.2587
22.547
23.5826
27.6052
25.1993
22.8946
25.1984
21.1533
20.8858
19.4972
20.359
19.0652
17.5577
14.3167
16.7146
18.0329
18.7892
24.4959
24.2064
21.4237
22.5701
22.2979
25.2119
31.2076
27.0754
23.2306
23.9996
19.6602
20.2676
17.924
17.8877
16.8898
19.917
18.458
23.0065
19.6993
17.8575
20.1274
15.2727
14.6848
11.4168
12.076
15.1743
13.8433
11.1771
10.3823
6.6941
6.49065
5.59115
10.3288
12.2429
13.6743
17.2858
15.3903
19.2053
20.9757
16.9361
16.2351
19.6777
18.5092
17.1316
17.5592
14.5198
13.1752
19.0622
15.9847
17.3134
16.5318
14.9768
15.6006
15.3942
14.2711
16.1828
15.7328
16.4356
15.8143
14.9001
15.501
17.2028
14.4768
15.8955
20.7703
21.001
23.4124
22.7923
20.2619
22.7712
18.0149
14.6771
11.0367
12.1901
15.1652
15.9049
15.8444
13.0584
13.6924
15.021
10.2318
19.4496
21.802
21.9223
23.2388
24.284
20.7059
19.7474
17.6938
18.8421
17.1216
16.4437
14.8733
17.4361
20.213
17.4604
18.0523
18.3103
17.4108
18.0748
19.4271
17.0796
14.913
13.0418
13.967
12.1459
13.3911
9.87825
9.49746
12.9171
13.8255
16.2743
21.6545
21.9872
16.1142
16.8855
16.2975
19.6589
19.9181
24.2939
28.2992
26.9385
27.3189
25.6847
25.5726
25.321
23.9366
21.0238
22.7712
21.7764
22.4807
23.7929
22.1942
21.5006
23.0145
26.5768
24.5815
28.3219
31.1354
32.6505
28.256
19.9323
18.2059
14.6779
19.0483
20.3105
19.3928
20.6933
17.4217
19.4574
16.8952
15.8445
13.1133
14.2859
15.1459
15.5635
15.8222
15.4789
16.6563
16.931
19.2698
20.2024
17.1721
17.3796
15.78
13.9113
14.8104
16.7599
16.796
14.1514
16.2557
15.0276
15.689
16.2529
16.2935
15.4737
16.3971
17.3281
15.8997
10.7114
14.3376
15.2114
14.5348
15.3987
17.4559
18.6148
17.3938
18.908
21.6883
19.427
15.1347
16.4485
18.2163
17.4137
17.0277
16.2766
16.4501
18.1606
19.8093
15.5723
16.3798
15.9051
14.294
17.2172
13.6759
11.0863
12.5408
13.2229
14.2157
15.4158
11.4951
12.3014
10.9315
11.9079
11.6593
10.6311
12.6153
14.4094
13.9806
13.4851
12.1654
11.0291
10.0628
11.0561
11.0582
11.0595
15.2687
15.4781
14.13
18.3283
18.9597
14.8065
15.7208
14.6066
15.2165
13.8076
9.84102
9.46377
8.89863
8.50705
10.7773
10.5264
8.95046
11.7038
12.3109
17.1531
15.2072
12.8054
13.6029
15.1797
15.8801
16.961
15.8963
14.0751
13.0358
13.6849
13.0594
14.3286
17.4908
15.4648
16.9695
16.6411
13.6807
10.8697
10.688
14.9789
21.2721
24.4529
23.304
24.3903
23.0903
20.8172
22.9075
22.477
21.9876
18.5269
18.6017
19.2878
16.2983
14.1193
12.8864
10.8984
8.38456
11.4175
12.3521
14.0213
14.9053
12.7954
13.5446
19.9634
19.0769
18.7791
16.7894
13.7223
12.5424
15.1339
13.1976
13.4283
14.1503
14.5309
13.1983
14.6091
17.1401
16.2529
12.5749
16.3909
17.849
21.7618
21.2351
19.0144
14.9143
14.3807
14.6613
16.0721
15.2977
11.3402
14.4671
13.3135
10.0505
9.29324
9.48138
10.1066
12.6199
11.1604
11.3183
11.1049
9.68269
10.9517
10.0088
10.0108
16.1808
16.4004
15.7933
14.3911
14.8516
11.7196
12.7687
13.7352
14.0479
12.3167
14.3677
13.7456
14.4864
13.6668
12.845
14.6269
10.6082
20.579
18.5917
21.9826
25.505
24.3756
25.4872
24.7059
24.8431
23.9637
27.8968
26.818
25.814
27.0691
30.28
27.4944
26.9479
29.7509
28.9278
28.7169
30.265
28.0865
23.3712
24.9959
23.4492
20.8127
18.2717
15.8158
16.1991
13.3187
13.1847
14.0691
16.0575
15.4938
13.8852
16.743
16.1952
16.3726
13.9778
16.8508
14.2239
12.8029
15.2273
16.8331
18.3193
19.449
13.3735
16.8678
18.9727
19.7761
17.9512
21.0116
22.3927
20.2646
16.7232
18.1186
18.17
18.1102
15.1597
16.9872
16.2321
15.4959
14.2861
11.4586
11.1389
11.9742
10.0207
13.6659
16.7339
18.2336
14.7164
13.5729
11.5667
7.27281
5.94419
7.07298
9.84062
8.12029
8.76186
7.4058
8.15835
5.112
8.14509
11.4187
10.6265
13.1451
13.3187
13.3424
15.3011
18.77
17.8155
15.2468
16.8808
16.5446
18.159
19.6197
20.0957
17.874
15.3681
16.0866
15.0832
15.021
15.4764
16.5456
16.2207
18.3023
23.9865
21.1441
19.0295
19.907
18.6147
18.6159
25.2972
25.2121
25.1708
24.3287
17.3762
17.8788
15.7283
12.7424
12.6342
12.1147
14.2421
15.5809
18.7758
16.4986
17.1836
18.3107
18.722
19.6821
21.5039
21.4558
18.4311
15.6919
16.9835
16.805
16.6754
13.9565
12.3328
16.6751
19.4187
19.5814
18.9366
22.2277
20.6267
19.2881
14.4417
14.8114
14.3698
12.3317
14.6245
16.2928
14.1423
14.938
15.3562
13.8272
14.3222
12.4924
10.3594
13.8988
13.0431
16.4962
17.6713
16.1306
14.9461
13.0305
15.7275
15.6947
17.0557
16.7582
18.0447
18.4669
17.0068
16.0462
16.573
19.1216
18.2722
19.8899
17.2621
15.8874
15.4046
17.3378
16.0333
14.3286
14.025
14.8817
17.0045
18.7077
17.6445
18.3739
18.4166
20.6292
14.8526
14.2952
14.8452
15.4397
12.8292
13.1441
13.7235
17.2046
15.2109
16.7285
16.2932
14.0401
14.8854
14.8609
14.9615
13.9607
13.9362
13.5656
11.5807
14.2356
12.9857
12.0188
11.6718
10.8204
12.2905
12.8484
12.3247
14.2715
17.6885
17.098
18.6594
18.7366
17.4745
17.7732
18.3792
16.3278
15.2101
16.255
16.2244
19.0572
20.7959
23.4112
21.9003
24.8844
22.9287
23.373
22.2279
19.4335
19.7933
24.469
21.8011
20.5237
18.6186
21.3558
19.9798
16.3216
16.0021
14.8719
13.8385
14.5537
10.2244
9.32822
11.3478
14.5845
17.5176
13.7085
16.1458
15.2846
14.6933
15
15.9654
19.2996
25.8539
26.6191
28.4232
23.9415
24.5064
25.0296
24.8151
24.5186
19.0473
19.7828
17.7476
18.1443
19.0997
24.3399
24.6179
21.9629
18.2575
25.3388
21.4465
23.0823
21.7101
24.1316
19.6706
19.5294
20.3656
20.3443
21.0865
17.9598
17.9862
18.0041
16.4819
14.9442
18.7705
19.8833
23.6062
21.2383
19.4174
13.5274
11.0162
11.6965
13.0652
10.9534
15.715
15.866
17.2798
15.0163
15.805
13.9704
12.7404
12.0228
16.1768
16.7158
18.4232
19.4387
15.0747
15.3134
17.346
16.2233
18.4031
14.4341
15.162
14.0196
14.1102
8.78124
14.6821
15.5646
15.2277
16.5426
18.3264
19.5431
20.1432
15.7044
14.1922
18.6345
17.9707
15.7466
16.772
17.8482
17.6179
15.7158
15.3238
14.956
15.1446
15.0915
15.7035
13.1423
13.2839
16.1856
14.4696
16.6771
18.0793
17.8217
16.9948
16.238
16.3453
20.547
23.2432
19.7822
22.4261
26.2525
25.7007
32.0975
25.3052
24.2865
21.315
20.8738
23.5749
19.9473
17.2221
22.8511
23.4875
20.953
18.1875
17.6634
19.0992
14.291
9.70627
10.6134
10.0464
12.8941
12.4696
18.3051
21.7607
22.3383
23.1267
18.1872
18.7235
16.7279
16.012
16.3952
13.8442
13.4878
12.3978
13.703
13.3143
15.4978
12.8588
15.2415
14.6998
13.629
12.4643
14.78
10.7746
15.6474
16.6658
14.2089
14.759
16.8558
18.4928
22.0401
22.3308
23.0746
21.4618
20.9301
18.8663
14.7476
14.9859
15.3356
16.623
14.8174
14.4286
12.8724
14.397
15.0874
12.5582
9.34422
10.2547
8.4967
12.4097
11.3857
12.0131
15.2921
19.7786
14.6756
17.3113
16.0888
15.288
12.9531
13.024
11.543
14.404
17.5892
17.7456
12.2624
13.6579
11.8593
13.4016
13.4203
14.4877
14.8254
15.4951
17.7451
20.4866
21.7229
27.0181
24.8392
24.5662
21.6183
19.6243
19.6265
23.8682
23.262
21.7696
19.9012
20.1731
17.9751
14.8306
17.0709
21.5545
22.7655
23.7061
23.6869
20.0354
19.5697
16.882
14.9481
17.9653
15.1474
15.9925
17.7944
19.1856
16.498
15.1216
15.3921
19.2245
18.5419
22.6389
21.9893
25.7078
18.7595
19.1119
18.1391
18.8334
18.7335
17.6685
15.4633
15.3196
17.6554
14.5446
14.2211
12.3263
9.72699
12.1252
12.5901
11.1777
14.3881
10.9225
10.8802
11.2191
11.4838
12.5798
11.5027
11.1339
10.0281
10.9828
11.8373
10.9141
17.5972
20.4037
23.3712
21.0116
21.5617
17.8766
17.4608
16.6145
15.5203
16.4482
12.7082
14.2484
13.6427
10.6786
14.0982
17.0451
16.4208
17.9587
20.0878
18.511
22.1987
26.2017
24.4869
23.7608
22.8152
21.1136
22.9283
23.531
17.934
15.0362
16.7422
14.2945
15.1813
13.9954
12.3343
14.6581
16.1716
15.5762
14.938
16.8057
13.797
15.5407
19.5826
25.7793
24.4515
28.6191
24.3603
22.7933
16.1587
16.8531
17.3496
19.9446
18.1237
16.802
17.0009
18.3982
18.6722
20.7997
20.709
22.7017
21.456
18.9786
18.7397
13.81
16.4253
17.5651
15.8304
15.9479
20.1356
22.001
15.7776
14.9055
14.8261
14.4174
15.8995
14.378
13.4705
15.0637
14.5632
12.6991
10.5396
7.58553
4.83142
10.1471
8.14803
7.87134
8.82533
14.0641
13.1684
12.6077
15.8667
17.0973
13.3118
13.4115
14.1553
12.4973
15.925
17.3449
14.6445
12.7315
11.8378
12.3927
14.6254
17.2986
17.4453
16.0907
13.6984
10.404
12.8777
13.2196
13.4453
12.5365
12.0223
15.6882
14.1274
14.0947
13.3737
11.5358
13.8687
15.0837
21.5128
21.9111
16.3313
15.3944
13.7232
14.9398
17.5721
14.1177
20.7917
23.2812
17.5195
15.236
15.17
17.8358
13.8638
16.2456
16.4182
17.7582
16.3378
16.0585
14.5801
15.4312
14.9287
15.7839
12.9781
11.606
10.3437
11.5533
13.8089
13.8235
13.5571
15.3326
15.3493
14.2661
18.0337
21.1821
16.7246
15.5163
11.8747
10.9779
13.4236
15.1528
18.7643
17.4986
14.3475
14.4779
12.9992
11.8895
13.3702
11.415
11.4883
12.9868
14.7437
18.303
17.0918
15.1709
15.9053
11.6096
15.5349
16.0005
20.529
18.7424
12.5173
16.6577
13.2616
13.5267
16.1208
19.2247
22.0354
19.9816
20.1685
19.9038
18.933
21.7563
18.2561
18.9866
17.9589
16.7344
17.643
15.8476
13.9889
16.9671
14.425
15.5581
18.9227
19.7845
14.9919
13.9435
14.2599
16.4832
18.5966
16.0968
20.3315
21.5665
22.8071
19.7074
20.5735
22.011
17.903
18.9168
14.8305
14.5178
17.9084
16.2329
18.6936
19.0664
15.9018
14.8755
14.6572
13.5691
15.899
19.2619
16.9343
17.1918
15.9581
16.5334
15.5708
17.7488
16.6488
16.9408
13.4082
14.5977
13.9476
12.7513
13.8287
17.5688
20.5562
17.4157
15.514
19.6746
17.5557
21.9958
21.4356
24.8135
22.5844
17.7835
16.9918
14.8291
16.2177
17.3299
20.4596
15.2066
16.1403
17.6011
19.5391
20.0114
19.003
19.5208
19.1567
18.7612
21.9118
21.2529
19.2772
21.3025
18.8984
16.8918
17.8777
18.5638
18.3424
20.2853
16.9865
14.1512
14.8861
16.4088
16.0358
18.0871
17.5131
13.4113
14.4128
16.3176
16.5949
18.6105
14.7218
12.6923
10.7991
11.611
11.611
14.2436
14.3487
14.7503
15.3072
16.7586
20.0924
23.3221
24.3337
22.3989
22.704
26.9915
24.3463
19.9954
18.4524
17.3284
17.8127
19.1808
16.7938
19.52
19.8676
19.34
21.1412
18.5999
16.7584
18.6929
19.3228
22.6031
22.9067
19.4974
15.9612
18.344
19.2843
17.3738
18.0354
18.6926
15.9319
15.3771
17.5507
15.8397
16.7046
17.3917
15.9561
15.9146
15.7009
18.3819
17.6714
18.0387
16.0054
14.949
16.6924
14.7833
12.8885
13.5137
9.48
9.2674
10.5084
12.1231
11.4541
10.9695
12.7
14.407
20.976
18.6225
21.8012
22.9254
19.2725
13.1626
16.7191
15.8457
12.0098
16.1818
19.8491
22.0145
23.3328
18.9915
18.4642
17.694
12.5943
12.6741
15.1616
18.2759
16.0134
18.1512
20.677
22.8589
24.5013
24.1526
23.4711
18.1614
19.624
20.71
26.0486
28.1983
24.5052
26.5279
23.9593
20.9386
21.0473
24.0963
21.2568
23.5759
20.1504
19.4142
16.9245
16.6642
20.9838
17.2685
17.169
16.3342
12.2806
10.3018
11.1535
12.3148
11.2727
15.6298
14.1941
18.299
13.9189
14.7967
19.1501
19.5761
20.4506
17.5694
18.1253
16.7537
14.3153
16.3926
21.9855
22.3097
24.9637
21.3361
22.2658
22.7892
21.4077
19.7958
21.0773
21.2791
19.8316
17.6292
17.9423
21.2181
20.0315
21.6155
18.1069
17.0706
16.3684
18.1454
12.7227
13.4622
10.4204
10.3903
10.4445
12.167
13.0233
15.7186
14.1545
14.0824
19.1516
20.7623
15.9585
16.8124
16.0267
13.9881
14.2616
16.6813
16.1845
18.7909
20.3407
21.351
18.2276
20.9225
19.2208
17.7312
19.4317
19.5652
17.6581
12.296
14.5205
14.5659
13.2082
13.3673
9.92502
8.76248
10.7475
11.2373
12.9284
14.1374
14.3296
15.951
16.188
16.0848
14.1918
15.9904
14.9783
14.932
15.0032
15.8907
16.5295
16.0571
16.3004
16.0795
21.6397
25.5364
26.7923
30.3242
29.0441
21.168
20.1686
19.2658
20.3913
29.5571
25.2673
26.6814
24.8032
22.1238
19.8167
21.7489
19.5304
23.8215
26.4579
23.9719
21.6996
19.6663
16.8493
21.19
18.212
18.7628
19.4148
17.6625
18.7546
16.7894
14.7143
17.845
19.6464
18.8968
16.769
17.9897
19.51
17.0496
15.4297
17.011
17.6679
17.4117
14.7104
15.9547
17.0783
17.9197
17.8002
17.7586
17.3302
17.4123
16.18
14.1134
14.9323
13.2893
12.0473
9.71048
10.9027
8.41011
7.06257
7.21787
8.77987
8.5079
6.13294
7.33599
8.82867
7.78937
6.27386
8.39901
8.0125
8.97754
9.4708
12.1226
14.8335
16.3025
12.0997
11.4435
11.7192
11.3253
10.0774
13.8326
13.6856
13.8702
8.05307
13.8335
14.6869
16.1364
17.2933
18.4852
18.1435
18.461
18.2574
22.0794
20.274
21.917
20.6023
20.1994
22.2055
28.293
22.3742
19.4207
21.2156
17.4996
13.8493
13.4677
11.4075
11.0954
12.4915
10.7938
12.6963
10.9452
14.9235
13.7821
18.0478
19.3018
18.9285
16.7055
19.7482
18.3917
13.7414
10.863
8.10843
9.06236
9.45151
8.12222
9.52361
13.7781
15.0027
16.3675
15.987
15.0415
16.0574
15.6085
17.0082
14.2899
13.382
15.1113
11.1077
15.5677
12.9975
14.6915
14.5425
19.1296
21.9574
17.5168
19.2651
17.6131
13.9958
14.023
14.9203
15.5627
11.8795
14.465
16.0218
18.0597
15.8413
16.7647
14.3802
13.3904
15.25
15.0625
12.372
13.4402
12.1884
15.0765
13.3412
12.8642
13.909
11.7205
11.6456
11.6937
13.8626
17.0832
17.3801
16.514
14.6087
17.3049
15.0187
13.3898
14.6848
12.0226
14.1629
10.6799
12.0302
12.334
13.4285
14.4581
15.1604
15.9894
14.3952
9.9454
10.9123
11.3072
12.319
12.1465
13.5902
17.6708
17.0894
14.9691
16.7631
16.1697
15.9256
17.8242
17.8565
15.9125
14.133
10.9022
9.44492
9.42753
10.6242
12.4842
14.1737
16.3366
14.0324
15.7882
14.8595
14.4729
16.2452
16.1137
13.1219
12.735
12.5657
16.0459
16.1716
12.8921
13.9069
15.6866
17.4502
17.1325
23.0327
21.5154
20.8988
16.9876
16.4544
18.7757
21.1537
20.7759
19.0712
20.1868
20.3889
20.4604
20.7109
22.0511
22.9575
20.9816
22.6774
18.8962
19.1085
18.1684
17.3638
17.6033
17.8553
19.9982
23.2332
20.3977
20.9735
16.8605
15.005
16.3319
17.112
17.1632
14.4374
9.41418
8.99574
9.33467
10.6285
12.2184
13.3603
11.955
10.2776
9.53963
10.2039
8.91402
11.0008
10.445
11.8586
11.5567
13.9015
20.783
18.2885
19.1902
23.5624
24.7711
22.1875
22.3974
21.8211
25.7093
25.466
27.0715
20.8352
20.1762
19.1543
23.0643
18.5615
19.3834
18.0488
17.9345
18.5174
16.7633
15.8054
14.1626
15.5182
14.9914
15.8725
18.9289
20.4747
21.1929
18.074
18.0859
17.0859
17.6999
21.2805
21.8073
23.515
23.4273
23.7809
23.8924
23.8496
24.1102
18.3474
17.2844
20.3662
22.1272
23.2125
20.6899
18.2367
18.253
19.1626
18.08
16.1508
15.74
17.4211
19.7157
20.5117
19.9683
18.1598
19.867
19.9291
17.8467
15.2157
13.5284
16.3947
16.7139
16.4696
17.0061
15.0298
11.879
14.2741
12.6412
17.0511
17.6192
15.4286
13.1804
13.5658
11.1315
9.96848
7.76768
12.3197
10.9345
9.81524
12.2761
15.3775
15.951
15.146
12.0678
9.38667
13.1023
13.073
18.0286
17.5972
17.1273
17.9454
22.5358
19.4224
18.1668
15.4327
13.8911
13.7383
9.85256
10.077
8.17224
7.10403
5.46364
5.53115
4.70016
7.82844
5.50383
6.8949
8.23786
9.20519
7.86838
9.33169
8.26895
7.42496
7.29091
7.9987
8.66358
7.82224
9.41791
8.80697
8.22177
8.47194
8.13434
6.67678
10.636
13.0471
8.26064
8.98487
9.37135
9.96216
12.614
10.0466
9.85659
8.58301
7.86889
8.69095
9.95337
8.93417
7.50488
6.79256
6.54881
7.08927
6.31604
12.3521
12.3422
11.5895
11.3559
14.533
12.4226
12.3946
12.6043
11.2825
13.1527
16.4248
16.1143
15.6102
13.5057
14.0017
14.2773
17.581
18.5114
15.5795
16.2451
12.2864
15.5117
16.9845
15.7356
14.512
12.1579
15.2519
19.413
18.4037
16.9887
17.0809
16.5229
16.7428
15.4725
17.3531
18.8707
22.917
24.9081
21.344
22.6624
21.2453
23.9013
26.4737
27.7214
32.4627
30.4005
22.0993
22.4818
25.0995
24.1477
24.179
21.5336
20.5191
20.1892
20.9179
19.312
20.7281
22.6664
20.7568
14.6968
14.9098
15.4272
16.4621
15.542
15.9875
15.7901
12.8469
12.5076
13.1264
17.0081
16.1319
15.223
14.1107
18.1022
16.8319
16.4447
17.1663
16.6005
15.4949
14.824
15.2516
14.3985
16.3339
13.5276
12.9026
15.3322
17.5806
18.0411
20.7857
20.0448
17.2764
19.1825
20.0289
21.9928
22.4077
24.0539
22.6472
27.9744
28.7557
30.8738
29.1362
27.7146
27.03
24.4901
25.6409
22.1615
23.4858
21.2734
19.3213
16.3857
16.022
15.8031
17.4421
18.6361
19.8735
16.6889
16.6963
18.5895
18.7901
16.9608
16.2654
15.599
14.6603
17.1733
14.7832
14.1925
15.7648
15.6894
17.5001
19.3304
20.8149
21.7584
23.0226
17.6651
17.7872
16.0005
20.5466
22.0538
13.1906
9.93743
9.20376
9.6297
10.6995
8.89459
8.83666
8.85468
9.93206
8.65063
8.80672
10.6005
12.4305
13.9581
12.7453
13.6645
8.24758
6.96168
9.06581
11.141
13.5104
14.9936
19.4297
20.4285
19.0465
19.6607
17.4132
18.9959
23.0027
24.3813
24.0562
22.32
19.4977
20.4806
18.1373
20.9393
19.2422
17.6179
14.0864
13.5369
13.6742
13.6743
15.5784
12.3975
12.2096
12.7488
11.5907
11.5583
10.1828
12.1716
10.4142
12.6677
13.6118
11.3913
11.13
9.53254
9.05637
8.95169
12.3868
10.3035
10.2438
12.6463
12.4095
13.2638
11.6502
12.3262
15.5772
12.9588
11.9867
12.801
15.0443
14.8489
16.9238
16.3178
21.2154
18.5615
13.7667
14.8702
14.6949
9.99673
9.98005
14.1836
16.9276
13.4478
14.3239
13.4851
16.5061
16.1497
20.8896
22.7532
19.0841
21.9668
19.7521
22.4241
22.481
19.1954
21.0175
16.5313
16.6384
18.6831
19.2264
20.1238
20.6851
21.2677
18.8051
20.397
20.8789
20.6776
21.1735
23.1617
26.2719
17.3412
16.7767
18.7141
15.7748
14.5828
15.886
12.0153
14.4785
13.5164
13.1581
11.472
12.08
13.8881
10.5441
11.6235
12.478
15.5925
16.476
18.1951
20.7971
21.6109
18.526
18.5118
17.6337
16.5115
15.6796
16.0202
16.3615
15.0639
17.0888
16.774
16.5618
19.3846
19.9647
20.0926
21.9371
21.5018
21.2311
20.7464
23.7634
20.783
17.4461
24.5528
25.6939
22.457
23.0161
25.5643
24.1589
19.3745
18.177
19.595
16.0175
15.2243
19.8767
17.5616
14.2909
15.7057
16.9828
19.2653
18.5743
16.1031
13.6893
13.288
13.7344
16.4627
15.1566
17.0984
16.3464
19.0978
18.5645
18.6755
19.4079
23.6895
21.3615
20.0902
18.1829
15.3142
13.7816
14.5872
17.7565
18.1461
17.6575
16.6018
17.4429
12.2112
14.4841
14.7768
18.3689
13.1446
15.5505
15.0632
14.5579
15.2992
16.6841
13.3727
9.29731
11.6111
11.6091
10.648
9.30211
8.86485
7.92663
7.66221
8.83775
10.0923
10.3723
10.9738
12.2701
20.1985
19.9466
20.9742
17.6431
13.4816
12.6416
11.4403
12.3909
11.2152
14.3235
14.0324
11.1445
10.6425
10.2732
9.73164
11.4451
12.3581
13.7665
14.7038
13.3134
14.6246
16.4388
13.4963
10.8398
14.6291
12.2759
12.2352
12.0095
11.2237
11.6423
13.4735
13.1319
12.6912
17.9829
18.621
14.844
15.6423
14.5227
15.4827
15.097
15.097
15.7193
13.2256
15.845
16.7332
16.4646
15.0338
12.9512
13.8444
16.5827
15.2504
13.6813
12.3831
9.16929
8.95981
11.6743
11.2656
12.9044
15.2276
14.8524
16.1234
15.4258
17.2608
16.1646
15.6471
15.9974
16.3272
13.6432
15.6546
15.2359
15.7629
15.325
16.236
19.2014
17.6082
18.6
19.33
14.1784
15.9703
15.3228
14.9908
13.5123
15.8726
15.1977
12.3854
15.1418
15.0559
14.4445
15.5346
14.8579
15.556
13.792
10.7272
12.4222
13.1466
14.7932
12.5792
12.5421
15.0602
17.7481
16.7078
16.4764
20.4235
17.7613
21.2708
17.8054
19.9852
19.7109
14.9444
18.7238
18.8694
16.9727
10.8684
12.1742
13.8049
11.7152
14.1804
13.3721
13.5475
14.824
13.079
9.08205
10.5163
9.65178
11.5007
7.9253
8.3697
7.71777
10.0219
11.9363
10.1667
11.7584
13.8343
15.783
13.6136
12.5277
9.89724
10.2486
10.7341
12.7432
17.3032
19.2886
17.7839
18.2126
17.6294
21.0967
19.426
16.5496
14.269
13.2789
15.1052
16.0609
15.941
16.1333
16.2428
18.1007
18.6178
17.7897
18.9849
18.0988
18.4796
16.8011
15.6102
15.0688
15.7325
15.3258
17.5092
18.7691
17.7525
14.8236
16.4769
12.0547
10.0889
15.6728
14.9672
16.8361
16.2829
17.331
14.2166
17.2193
20.9605
21.3524
23.8881
24.2947
20.226
21.3833
23.7555
22.3748
17.3827
18.9327
20.2937
22.7508
20.0029
16.6797
18.8221
15.1332
11.8547
15.0184
12.9517
14.0274
16.4586
16.2594
17.4155
20.793
17.6828
17.8239
18.6351
15.2505
13.7379
13.2777
12.5797
11.1322
9.70284
11.5088
12.0961
14.0624
14.4267
17.6831
17.5052
16.8068
17.3223
16.6897
20.1047
17.6944
19.6194
17.5311
19.4749
23.1186
26.0041
24.3531
24.6137
25.5927
20.5822
19.6275
18.8057
19.6546
19.0768
18.598
15.8365
14.9239
15.3908
17.7229
13.5965
10.5855
15.644
20.7887
21.8446
21.6766
19.9528
19.0871
19.4699
17.6622
18.4441
16.2626
17.0476
16.7339
13.093
13.2544
17.2499
17.9596
21.8266
20.552
24.2121
24.4873
27.9978
28.6728
24.5058
27.1026
30.0783
28.1218
22.6256
22.1114
19.8552
19.9673
23.9038
22.0877
19.4817
11.9155
15.3707
15.1458
15.2663
13.4146
17.8013
16.8522
15.5152
15.8292
20.9406
17.8104
20.4796
19.5679
16.4386
15.5641
13.395
11.6685
11.504
10.7925
11.3727
11.7112
9.83819
10.82
11.7554
14.0165
14.6833
14.5259
12.949
14.6012
15.3713
21.842
19.9771
23.1057
21.042
18.4457
19.1676
23.3095
23.6407
22.5168
20.5497
15.828
15.2854
13.5485
15.9843
13.9367
15.1197
20.7574
17.0936
15.1127
9.13711
8.93084
10.8221
10.1592
9.42383
10.134
9.82349
9.11462
10.6311
9.94551
9.88914
11.8435
11.1703
9.27071
12.8509
12.2203
10.6071
9.1443
7.92138
8.33171
10.2875
10.972
8.38364
7.43913
7.26005
8.86146
11.0916
15.6729
11.6195
12.2009
13.1835
11.8423
12.2262
11.3209
11.0433
8.22609
8.2869
11.4238
16.897
15.0841
12.2602
14.5321
15.8305
17.5363
16.9367
19.6042
18.5467
19.5737
17.9273
17.0576
19.8034
17.5019
17.1351
16.8469
19.2197
18.4736
20.119
24.979
23.1888
18.5713
15.8639
15.88
12.9434
13.4901
14.3849
17.6445
16.83
17.3423
15.5973
15.6318
22.0457
19.9247
22.188
24.1261
21.9695
19.15
19.2713
16.4865
14.6848
13.6331
15.1241
16.3219
19.6296
18.6967
25.8081
24.6051
22.6899
19.688
19.4008
22.087
18.4308
17.8756
15.7659
15.3216
13.5336
13.6729
15.8546
20.6847
19.2104
16.1139
12.0831
10.7856
10.0451
9.8417
10.6783
15.889
17.0506
17.7545
15.1431
17.6106
18.4246
18.257
19.9755
18.6661
22.5732
20.5966
21.0784
23.0514
22.6597
22.1917
21.9603
20.0624
17.2988
15.3196
14.3806
13.825
13.982
12.1808
15.198
19.3785
20.0234
18.8642
19.1998
20.0099
22.7272
23.9795
25.5157
27.0292
24.7831
23.6808
26.3985
26.2339
30.0405
30.0397
30.3664
27.2423
27.5835
25.2681
24.498
27.1857
21.629
19.6785
19.0244
24.5121
26.1258
28.4192
26.7047
21.2759
20.0394
17.4881
17.9788
21.2978
21.5899
16.0578
16.9083
14.0176
17.8201
19.4049
16.3446
17.1848
16.5875
16.0901
15.6143
15.2313
10.4228
11.0188
10.664
13.9627
15.7995
15.1995
15.007
15.1444
12.845
11.2562
12.6099
13.9679
12.6617
11.6024
11.521
14.288
14.6078
18.2986
15.7916
17.3898
23.2837
18.1611
14.2355
13.2721
11.4283
11.849
10.5321
12.8161
15.6363
12.8502
13.0808
13.1
12.8752
13.52
13.6217
12.9187
12.8576
10.2147
10.3475
13.5253
13.2465
13.1853
13.2272
12.5465
13.4717
12.072
15.69
12.2746
10.2009
10.7813
10.2153
10.0411
11.679
11.9491
13.5582
14.8832
14.8775
14.3275
14.092
13.8187
13.4256
12.5101
12.4672
15.8897
13.9212
13.9625
12.8913
13.8871
13.8087
14.8071
13.5889
15.3096
17.5495
16.5856
18.6439
18.3807
19.0005
19.6416
19.984
15.518
19.8515
15.023
15.936
16.1216
16.3598
16.766
17.4616
16.8465
15.7218
16.3454
15.6156
14.973
14.2883
10.651
12.4058
10.9599
12.3209
12.7133
12.2927
13.7648
13.3068
19.2522
19.6521
24.6653
23.6157
17.5509
16.9043
19.9351
19.2532
18.3363
16.3042
17.875
16.9165
18.8052
14.1957
12.9261
11.2493
10.2272
15.7729
15.2384
16.1641
15.5573
16.1493
14.9229
16.2126
15.2637
11.7557
9.19619
10.2616
10.9968
8.61993
9.69865
10.7918
9.7417
7.15518
11.2617
10.15
10.972
16.445
17.4714
17.0721
18.0351
17.2184
14.3675
16.128
15.9509
18.9038
19.7341
16.3735
14.3213
14.4639
16.462
13.184
17.12
16.5933
16.3872
13.8438
14.803
14.7221
12.8951
12.3876
15.0916
14.7474
15.4191
17.8978
19.6102
18.5906
19.6562
17.8965
21.4118
15.8801
19.2403
22.7719
24.0857
23.7843
26.8537
23.0774
23.167
26.3314
20.2918
20.3472
17.365
19.0791
21.4688
18.5327
19.5958
21.6273
21.0582
21.2976
18.8444
14.6545
12.2288
15.318
12.3705
10.4003
9.1653
9.74694
12.3558
11.7829
12.7073
13.8383
12.8759
12.6451
12.1053
17.4645
14.4062
13.5041
18.1372
17.6087
16.6033
13.9666
14.7268
16.4653
20.0363
14.9245
14.827
12.0029
11.9015
12.2934
15.2988
14.4087
10.5441
9.42804
9.90622
13.5231
10.9817
11.9777
12.5778
13.6346
16.1505
19.3461
16.5921
17.2927
19.6171
14.5896
18.0618
18.7064
14.5756
17.9434
19.0474
16.8513
15.5666
15.3335
13.7354
16.7435
19.7467
21.4957
18.2587
20.04
16.725
15.5675
12.1677
13.4023
11.3677
10.2936
9.74614
6.95186
9.58964
10.8261
13.6243
14.2903
16.5214
18.4574
18.0051
12.9671
12.7953
11.6222
12.3539
12.8491
12.5972
14.4691
15.4844
15.268
17.5973
16.5173
15.6319
17.8862
16.3721
16.204
20.1521
19.6247
13.6727
14.7685
18.3291
14.6955
15.4794
17.0087
13.7373
13.9878
13.9235
11.4243
15.5465
16.5689
14.439
14.4622
13.4115
13.0759
10.6375
10.1908
11.8893
14.5819
19.3617
22.6779
17.6354
18.1945
17.5408
18.9224
15.7189
19.8547
19.7804
18.4965
18.0945
16.662
16.6907
17.853
18.3339
17.1811
19.0375
17.938
18.7135
17.1026
15.5324
17.9685
16.3275
18.9566
19.0319
12.7237
11.5724
9.31838
9.25333
7.44908
10.5417
11.569
13.3059
11.1987
12.6472
14.4026
18.643
17.291
17.8394
17.5056
21.0429
17.4275
14.0984
13.1577
13.7971
14.7155
16.0585
13.891
12.7162
15.8591
14.4842
16.6744
15.426
20.8484
20.9915
22.1413
19.8162
18.3159
16.5631
17.603
19.4829
19.3272
18.9347
19.8847
17.3473
17.7096
18.5907
18.899
19.4914
15.2346
13.9657
13.5443
14.8856
16.5718
17.7631
16.1514
16.005
15.735
17.9024
15.0688
22.1728
16.9504
14.2325
12.5415
11.5281
15.0659
19.7386
16.3081
16.7616
14.7528
13.9257
11.4224
13.1365
11.9405
12.3069
16.5171
13.5803
16.0275
16.847
14.461
18.016
19.6213
22.0423
17.5548
18.0331
16.1821
16.1886
15.6029
16.7512
13.991
12.2322
13.1958
14.5602
16.1882
16.8834
19.5808
21.074
19.5609
16.5219
15.4942
14.9319
16.1004
16.6664
19.1884
22.7112
20.874
19.4714
18.9451
14.339
14.1788
12.9207
18.5319
18.4193
21.2956
22.2323
25.2752
27.5343
28.5998
22.8153
24.5974
23.689
20.794
20.3811
20.0577
20.0577
18.9483
17.5662
17.1228
18.9073
17.9466
18.6031
17.2314
15.446
20.6118
18.151
19.8362
17.4174
16.6971
17.6076
19.264
15.204
14.8467
17.6916
20.4848
19.557
21.9713
23.4077
21.6358
21.6557
21.9784
23.9343
22.2212
24.7225
24.8187
22.4633
22.0016
21.847
22.0531
23.8063
23.1852
20.8549
17.5659
16.4589
18.1543
20.0834
21.0254
20.0409
19.978
17.5427
16.8875
17.6338
16.4396
12.0718
11.8978
11.0913
11.0387
14.1428
15.7498
10.3547
11.0092
11.5855
10.1279
11.8679
14.7734
17.4949
14.6108
13.5241
15.0475
17.2972
17.7207
17.4168
15.1901
15.2443
10.3108
13.2554
13.9604
14.6017
10.9221
13.6237
16.2478
16.7246
14.2651
15.2395
17.378
17.1221
17.5014
22.8027
17.1483
19.2103
19.4093
20.7668
24.1462
22.5452
20.4836
20.2162
16.3271
17.4439
16.1166
15.8732
12.0101
11.767
16.9316
15.4648
15.8103
13.2888
15.6411
16.6787
16.7707
11.873
15.1912
14.0575
11.9606
12.1425
12.1573
10.9896
11.573
11.798
14.2404
12.2406
15.1439
13.8392
16.0344
16.6138
15.9311
15.9971
13.3645
14.365
13.7753
19.1883
20.4238
19.218
16.1007
13.3371
16.655
17.3753
16.6833
14.3839
13.1129
15.2892
12.7944
10.066
13.3139
17.1989
14.6901
19.4457
18.6897
19.6462
20.507
20.4579
18.0255
16.7952
13.2093
13.5186
10.6861
9.58443
10.0636
8.72261
12.6874
11.6875
11.6875
13.61
13.2963
16.9908
18.7756
18.4763
17.0563
22.5926
24.4196
20.5486
19.2841
20.2769
17.3126
17.7042
16.1924
14.4931
14.5368
15.4239
12.7795
15.0901
13.2808
12.0006
12.9874
14.318
15.0526
17.3713
13.2776
12.7489
13.4879
13.2512
16.9272
16.289
19.1836
21.1861
18.4143
15.7188
10.4495
12.095
9.53885
10.3566
13.8995
12.6911
11.3549
12.88
12.6992
12.6004
12.9182
13.5149
15.1942
18.3175
15.8258
12.4044
8.9828
11.9615
12.2155
16.9027
12.3159
15.5387
16.4112
16.7938
22.158
22.9032
19.5672
15.0011
13.1322
12.8245
13.3179
14.9135
18.1658
16.5791
15.875
18.5057
17.3526
15.5579
15.5067
17.0282
18.1209
19.5454
20.43
19.6505
16.3178
17.6676
18.5538
15.4848
12.1792
12.8881
16.9245
16.535
16.0184
12.1286
16.4903
15.1202
17.0784
16.7005
15.3252
16.8543
13.0738
12.6086
16.921
20.5973
21.7081
21.2966
21.1449
20.1227
20.3984
19.5796
13.2754
11.3264
13.3796
10.3742
10.608
12.1687
14.8719
13.8809
15.5162
17.9207
17.1604
16.8766
16.0785
13.0738
12.0884
10.0713
9.25426
10.4103
12.1193
8.0162
8.39049
7.47774
9.15119
13.2181
12.2018
11.7609
13.2346
13.694
13.6184
11.1921
10.7102
9.81156
10.054
10.054
10.5069
9.16463
7.73812
9.30518
10.2692
11.3159
10.8035
13.8848
12.9911
17.2473
15.6444
13.2163
15.617
16.7382
16.0839
14.9941
10.9106
13.3427
12.95
12.6373
13.4478
11.7209
15.2398
14.052
17.0325
20.5327
20.6045
18.7005
20.54
19.7788
17.2349
19.2746
18.3542
18.6099
17.5968
18.0606
21.085
20.928
23.7672
22.3702
21.5937
21.8398
18.884
20.9337
21.9425
23.6005
29.3222
22.0549
21.7382
22.2733
21.0708
23.4933
18.97
18.9429
16.5066
18.9494
16.203
17.2993
15.4732
15.874
20.022
18.1338
15.8598
14.9153
16.4649
15.4983
16.4082
16.0005
17.6762
14.6268
14.7081
15.8491
15.4205
16.0265
17.0265
19.1544
17.6087
15.6977
14.9386
16.8451
13.1817
11.5294
12.5448
12.1657
11.2047
13.6293
12.8173
13.6596
16.5918
17.7468
21.3082
16.885
15.3938
16.6115
14.5185
16.0854
17.3154
17.6121
16.6954
14.2615
19.98
18.9399
16.6221
19.2726
15.1305
15.5857
15.1513
12.115
12.289
13.3438
10.6979
11.0694
12.5155
13.4587
14.4957
14.7416
15.064
13.8902
12.7257
12.8896
11.8607
14.7833
12.7695
13.465
14.6981
14.8613
14.8613
16.3567
17.4293
19.0643
20.4638
19.6536
20.9612
19.6361
21.1607
22.1443
23.5059
24.847
24.5011
20.888
22.7768
23.1778
21.5549
21.7486
24.1864
24.4612
22.9992
20.4523
19.3846
22.906
19.9453
23.8303
24.9696
23.2169
22.4883
20.9064
23.2773
23.2671
22.6579
21.7604
23.5274
21.7638
21.2355
21.0542
24.325
23.7613
22.7933
24.2263
27.1478
29.1962
33.9973
34.9005
32.6976
30.503
27.2611
30.3245
32.4005
32.1396
31.3513
30.7594
27.7419
26.9702
23.3958
19.3221
20.9159
22.7792
18.9966
19.8285
19.2399
19.7667
17.2528
18.1338
15.7611
16.9821
13.891
13.1127
19.8415
17.919
14.6932
14.2776
12.1751
8.59809
14.5899
11.556
9.04901
14.1402
14.3706
14.384
14.0314
16.2578
17.9872
21.4949
22.8847
20.7916
20.5351
18.7918
18.8029
18.6603
18.8811
18.3123
20.3085
19.6401
20.959
20.7334
22.4305
24.4386
31.6453
23.8963
24.5121
30.8356
28.3708
24.715
21.226
18.4651
13.3503
19.7924
19.4687
21.7824
23.17
21.9598
23.049
20.7577
22.452
22.3015
22.6898
20.5071
17.5473
18.7512
17.8227
15.1965
12.9306
10.3118
12.4329
15.1419
14.5693
13.7821
14.8105
14.0373
18.8986
14.5927
16.393
16.296
14.9829
19.2468
18.0749
15.6271
16.1599
16.2768
18.9509
16.6503
19.1668
19.8703
20.8016
21.4674
18.4393
14.9371
12.9567
14.4976
13.4838
14.0388
16.7451
17.0454
17.6533
14.0918
14.7742
16.1823
15.4958
12.4034
15.577
13.9933
14.8521
17.4548
16.1448
16.3332
17.9161
15.6666
14.4431
12.0846
12.1302
12.5169
14.2817
15.2359
20.0854
21.1356
26.4704
22.5992
21.5492
19.1737
20.3778
17.5968
17.3449
14.1146
15.5188
21.5655
19.7628
21.5352
20.6373
18.6552
19.8448
22.4649
22.1184
27.1258
25.0657
24.1723
21.9138
17.0498
17.3749
22.1826
20.8874
17.8823
14.5046
14.6967
20.0804
20.1795
22.9485
23.9104
20.9109
19.711
18.6613
16.4688
18.423
22.1116
24.4882
18.1394
16.7213
21.7602
19.4171
20.4543
19.8444
15.4584
16.5698
19.3954
17.3277
17.4683
13.912
15.353
20.1301
23.0242
14.3311
14.7934
17.5495
17.9654
18.5117
13.8493
17.7805
17.1684
15.7649
16.102
16.8689
19.6543
19.612
22.7526
21.3354
16.4541
15.1968
13.383
11.0033
12.7212
10.8553
11.0211
12.6717
14.8191
13.222
16.5484
18.8457
18.0015
16.8228
16.2814
17.7719
18.6898
14.22
14.7484
16.3506
16.8622
17.5677
21.0199
16.7832
22.9988
24.0556
24.4187
22.7482
19.8895
20.5402
20.4155
21.0095
18.505
20.0818
21.4052
22.4326
23.3231
20.5726
19.6284
16.8343
17.5377
15.1341
15.5927
16.1124
16.6285
16.3874
22.1769
21.4052
20.4556
21.8487
23.076
22.8231
23.5297
19.6219
20.064
20.9198
21.6617
19.9495
16.5555
16.077
18.4771
22.584
18.8871
20.3174
18.4318
18.9176
18.5817
16.9133
15.002
15.4503
13.9172
14.5232
17.9353
17.5407
19.1144
18.1546
18.3179
13.6171
16.2355
16.1147
14.3192
13.4006
14.9271
14.6838
15.9753
18.1156
16.7073
17.1687
13.6167
12.6583
13.7632
12.3795
11.6499
10.6785
10.8623
15.2326
15.864
13.8387
12.9804
13.1717
11.6673
13.5275
9.87615
13.5822
14.3554
16.0148
17.1038
20.7153
23.0445
19.8187
17.328
14.8127
16.1407
13.632
14.5101
12.3624
12.5955
12.4739
13.3759
9.51075
11.1454
12.9274
12.9279
10.8893
13.9329
14.5588
16.6515
14.5901
12.1224
12.1076
15.2411
11.2539
11.4414
17.6822
19.0974
14.9151
12.5395
12.3615
10.2602
7.87818
9.22254
10.4068
11.354
14.2464
16.2743
16.7926
17.4427
19.8189
16.7358
15.6183
17.645
17.6621
17.8337
17.0799
17.0563
14.8246
14.3129
17.3426
15.5488
16.6263
16.8348
17.9401
21.124
22.1533
18.4753
16.527
13.8613
11.1707
11.1177
10.4571
12.0424
17.585
18.6683
15.0137
14.1861
15.1582
12.5187
10.8716
11.4229
11.9343
10.5706
11.2762
9.20733
16.5989
17.4004
16.2965
16.6916
16.5375
14.723
13.7138
13.144
14.8006
15.8945
18.9135
17.907
15.6152
20.8587
19.7015
16.5172
19.9451
19.9852
16.8083
13.8354
13.6918
15.2775
14.6018
12.5156
12.6858
13.7822
11.3895
13.895
10.7449
12.9375
13.5057
17.1659
16.1591
15.5203
11.3233
10.0433
12.6508
10.4383
12.6272
14.697
16.9676
22.741
24.6846
21.086
21.6184
20.8335
19.1155
21.4199
19.5862
20.3528
21.4035
17.0965
12.0116
13.795
14.6959
16.2858
19.7992
18.8374
21.7693
18.53
17.5268
17.7191
18.6303
17.3637
13.5579
15.0164
15.6767
16.5651
13.6519
12.7194
11.7726
16.2211
16.3176
18.1547
15.7823
16.1587
13.3753
15.2595
16.9167
20.6986
18.7722
17.3916
17.5365
19.2705
21.008
21.307
17.2292
20.4621
22.8161
21.489
19.2717
15.2358
15.7246
15.0767
16.8612
19.7742
19.981
18.949
20.6818
18.5657
17.6643
18.0244
18.1122
21.2243
24.3
23.0601
20.3218
20.606
14.5628
14.2699
14.809
18.3843
18.5659
19.9823
16.1038
13.8916
14.9428
13.0332
13.2882
14.5119
16.691
16.9716
14.9552
11.0262
10.4501
9.65738
8.92889
11.1199
11.8116
9.94196
8.02105
11.933
13.5323
15.4581
15.0773
16.0824
15.0046
15.3264
14.284
13.2173
12.7676
15.6346
16.227
11.7128
12.6467
17.0656
13.5168
13.1396
14.3286
13.4507
14.4827
13.095
11.433
13.28
14.1709
12.6901
16.2387
18.2416
16.6206
15.8339
15.8339
14.9507
15.0438
13.7487
16.523
14.7223
15.8091
16.2456
19.0564
18.1939
17.9144
18.7763
21.514
20.2667
17.0114
18.1033
15.8657
19.6609
18.6214
17.8322
17.0784
13.7916
14.9152
16.3272
12.6334
15.7675
13.408
14.4646
18.1127
13.4162
11.2234
12.5463
16.7221
17.1787
15.1073
17.2242
13.0553
10.2
11.443
13.5495
13.9079
14.7558
11.2158
9.34433
9.40921
12.0168
12.1341
13.0515
13.4251
12.3288
12.7392
10.7705
11.8598
12.5013
12.6498
11.6165
14.1376
15.8793
16.2868
13.1166
12.6212
14.6872
15.7131
12.8624
12.6761
10.4742
13.2302
10.7823
12.318
12.4381
11.8609
10.9837
8.23167
6.99126
6.3307
8.11942
8.76079
10.2725
10.6254
11.9457
11.5335
11.9132
11.1597
9.78431
12.3606
15.3091
13.2204
14.0107
15.1917
15.3936
14.3502
12.2797
12.2745
17.1011
18.3769
15.4438
15.0803
18.7504
18.5468
19.07
21.1548
22.5105
20.7013
21.783
19.2563
20.5191
19.6566
21.6583
18.5083
17.9573
20.0811
19.1014
17.7289
15.3086
16.5075
15.0019
16.7668
27.3013
22.5909
20.7173
19.2687
15.839
17.4197
18.2588
19.2541
17.1169
17.6402
19.6792
20.7278
20.0259
15.4612
15.266
16.9687
18.1962
15.4172
16.2112
14.4358
18.9901
20.7008
16.0853
18.6434
18.0043
19.3077
15.8695
16.9996
14.4001
12.2855
10.5145
11.1565
11.8645
13.6803
12.2306
14.729
15.6906
17.0635
17.2984
13.5172
13.8447
18.0864
20.0588
20.5784
22.2114
21.4775
20.5157
18.6536
19.5957
18.5655
16.466
19.1995
18.7069
22.7758
22.5391
24.7224
21.3115
17.9432
14.0698
14.0082
14.6295
17.2646
22.8001
25.7218
24.1332
25.1896
22.3101
23.526
26.0892
23.6432
19.6489
18.7037
21.1716
19.8261
19.8247
23.2334
23.1362
23.5672
22.3894
23.4089
23.9886
21.7349
21.9199
22.0258
19.9996
22.0819
14.7176
18.2661
16.1056
17.2122
19.1223
17.1933
19.5481
20.4011
17.9078
22.4744
18.3232
15.1469
12.8111
14.2636
14.4283
16.8971
20.7583
21.571
21.4609
22.6495
22.756
21.5544
20.6097
20.5218
21.1285
25.3846
27.6263
26.6557
20.8937
22.2538
24.7146
23.8428
23.2995
20.7988
19.6975
18.8579
16.4234
15.5683
19.7714
25.3102
27.9
31.1898
29.9678
29.4756
24.2126
22.1149
15.4049
15.5168
13.3523
20.6643
19.9193
22.1372
18.4857
23.6924
20.7277
17.5143
15.8577
16.2786
12.2064
14.2434
14.1548
14.6654
14.4814
13.2475
13.8902
11.9716
9.68869
9.24145
13.6221
12.1316
13.9833
12.6353
12.2955
11.0775
10.9246
9.99681
9.47988
12.3169
13.4031
15.587
14.6132
15.0733
15.4349
11.9435
10.9075
9.54762
11.6836
11.1912
10.3842
10.5925
15.1698
15.7395
15.5768
12.5281
13.5148
12.5415
11.8451
19.1908
18.4324
17.6021
19.6043
18.8773
17.7952
12.1515
11.5695
12.6254
10.0943
11.0974
12.8463
14.4509
16.9692
20.8165
19.3325
17.8834
16.3547
13.8019
14.9041
12.1408
13.6451
13.4289
18.029
15.7584
14.0207
16.2683
15.21
15.2434
15.4544
12.7942
15.6763
15.0415
15.0173
18.5276
16.8805
19.6484
16.7904
16.3663
16.2974
14.5189
13.8736
15.7348
18.7044
16.1173
19.6955
21.9541
22.8271
15.211
17.6629
16.9268
16.471
15.9916
17.325
16.3925
20.7838
24.1052
21.7465
21.4553
21.088
18.9414
20.0705
21.5123
20.188
23.3628
33.0072
26.1339
25.2747
23.7478
27.4127
27.8653
23.7973
22.6107
19.0091
12.1462
12.8395
14.3079
14.9174
17.5013
20.5258
18.0238
19.3176
21.0634
18.7671
16.7072
16.7744
17.3493
20.0818
22.0689
22.2431
20.2868
19.723
17.2526
17.5717
16.1033
16.992
18.1805
17.6793
20.3024
21.3425
25.9461
24.383
24.383
21.9967
23.0437
18.6228
16.9207
14.8308
15.5994
17.099
15.6371
16.5492
15.6678
14.6123
14.1741
14.1879
13.631
15.0945
15.2713
15.4607
15.3258
17.5566
15.7728
16.2252
13.7223
16.49
18.5049
17.4778
14.949
16.1451
16.985
18.7558
17.0348
17.6809
16.4945
15.4901
15.3875
17.9098
17.9954
13.7873
10.283
10.4006
11.6313
10.0696
11.8502
14.5104
13.517
15.7062
13.8236
21.1567
22.4224
24.0882
21.2887
16.8012
17.2445
16.8592
14.6237
12.5706
12.7999
14.3791
14.9064
14.9064
17.8525
16.486
17.3752
21.291
20.5559
22.5775
20.102
18.5658
15.3874
13.8896
14.2722
14.7546
13.2087
15.8919
15.437
13.288
15.8733
11.8756
12.6194
12.8037
12.8709
12.4166
14.3438
13.8803
13.461
14.0628
12.1479
13.4486
15.073
14.6433
15.6517
16.6128
17.5636
18.1034
22.1677
22.2341
21.3571
18.1508
16.2519
17.7252
18.1636
15.6005
15.7341
15.7614
20.3512
20.2752
16.6522
16.1802
14.1769
14.3356
11.4084
13.6842
15.5595
12.1951
11.5388
9.51772
8.26759
8.14477
10.0642
11.8995
11.415
10.5124
12.0587
13.1819
11.017
9.72695
13.8808
14.6172
14.2185
12.7947
16.441
11.8656
11.7928
10.7307
18.3048
22.1624
20.5673
20.4948
20.7206
17.7328
18.3625
16.6214
17.3537
18.5589
16.9374
16.5693
17.3597
18.6242
15.1278
15.6682
18.068
18.3822
16.3508
15.9068
11.8518
15.9279
17.2243
19.595
21.7467
21.8468
19.8978
21.0675
20.4047
18.7736
22.8323
23.2221
23.1024
23.8836
20.3612
19.7592
19.3335
19.0821
18.8847
19.224
16.1581
14.3482
14.5405
14.1543
12.5619
13.6921
12.7792
14.0503
16.8555
13.9557
14.7446
12.1965
13.9057
12.5383
14.5374
14.5374
14.4181
15.6035
18.3308
17.2137
14.5961
14.0632
15.0487
14.1765
19.7132
19.2951
20.3258
18.0748
18.7251
19.4487
20.968
20.9476
15.9963
14.9333
15.8599
14.6334
13.436
15.6887
19.3416
19.0241
18.3013
16.7672
14.5032
19.8792
20.2269
20.1758
17.3314
14.4773
14.4445
14.7957
15.3249
17.2299
17.0509
17.7299
16.4719
16.1399
19.2751
19.2906
21.8884
17.4574
15.5062
14.9343
10.1058
9.963
10.1132
11.7528
10.9983
8.74046
11.5559
10.6977
12.6482
14.6751
12.3323
12.1352
11.5249
12.7163
11.8818
11.2053
8.69343
9.86614
8.21937
8.78904
9.39851
8.88483
9.80938
11.4293
12.2314
11.7122
12.7504
14.7845
13.8984
15.7424
18.3789
17.5614
18.0998
18.2058
17.8953
17.2555
18.8496
14.7143
15.4717
17.052
16.1091
17.1459
14.7764
18.3245
19.6452
16.9693
14.0197
16.2195
18.7347
18.6796
15.752
18.1931
19.2396
12.1677
12.2796
12.3426
10.8916
12.3368
10.5946
10.699
15.8528
14.3206
14.1321
14.8461
17.9478
17.1601
14.0103
12.4889
13.0123
15.1575
13.4381
17.1515
19.1133
22.4901
24.6995
22.9224
23.87
21.1824
17.2422
18.7947
15.4597
12.3953
12.504
13.929
16.0757
16.4685
15.1271
14.6113
15.7969
14.3293
13.3465
15.0516
16.9031
18.7516
13.9973
16.994
15.5318
17.0099
15.8794
16.2082
19.0487
17.2591
13.0435
11.0928
10.9043
9.27819
12.5766
12.7156
13.9582
13.3592
16.1825
16.1995
19.0053
17.4435
15.5091
13.7776
13.2393
12.2893
12.3208
14.674
15.1333
15.853
15.5709
15.3055
17.3757
16.6305
16.3703
16.3445
14.5235
15.6269
15.0626
15.8914
15.91
14.5996
17.4941
19.7874
15.879
22.6727
24.0293
21.7167
22.0335
21.8652
20.6926
18.1164
17.2985
16.7875
15.3375
15.8164
17.2723
14.4187
15.6622
16.8172
16.5217
14.6867
11.0562
13.5724
13.4019
13.6185
14.3315
15.5712
15.3159
15.1715
16.9254
16.9687
18.6065
15.2308
14.0176
11.2978
10.7175
9.97261
10.8041
8.9755
11.3909
11.0761
14.9104
13.295
15.8234
14.8136
14.9026
13.6285
14.0407
11.8487
11.7258
13.0334
14.0499
13.5199
15.2488
14.5643
14.6223
16.1921
16.502
14.8627
13.0323
18.323
15.6872
18.2194
23.2927
24.0432
14.0704
14.9029
14.2606
18.2561
18.8133
18.0006
19.0273
17.6136
16.5165
13.0957
10.0145
10.8504
13.0733
12.6431
12.5325
10.8583
12.0911
11.2733
14.395
13.7681
14.0194
12.2583
10.9237
11.4256
12.1512
8.2669
10.5031
12.9768
15.1133
16.9585
14.3224
15.7696
15.3619
22.399
23.822
20.2816
23.8599
25.682
23.0565
21.4922
21.4922
22.1607
22.3896
21.246
19.8706
15.993
13.8199
17.2835
13.8633
13.4605
10.3701
11.1106
12.5677
12.289
16.3623
14.5554
15.3438
16.5944
16.2048
21.8215
18.1
18.6028
16.2922
16.0021
19.2911
22.223
20.533
23.2439
16.733
14.1598
15.6406
19.3568
19.4079
19.4385
16.3029
17.1879
17.0466
17.8572
17.9241
22.7968
21.4637
17.3892
20.7645
19.6806
19.0097
20.4528
18.2895
20.0469
18.7793
12.785
13.6356
14.1867
13.792
19.4107
17.87
15.8395
14.4359
11.2298
10.801
12.6581
11.4333
12.0545
11.4156
14.2634
17.0428
18.5371
17.8707
13.5451
11.1047
10.9505
12.3691
13.6702
12.6168
17.3892
18.0777
16.4704
20.0205
18.7102
16.804
15.5935
15.6253
10.4553
11.8558
13.9442
14.7968
18.0399
22.4891
22.8007
21.3197
21.2478
18.9161
15.7542
15.614
16.6323
19.4892
21.5436
20.594
16.5087
18.5471
17.1608
11.8914
9.55873
8.18036
9.54191
10.1349
11.9166
14.2528
14.8043
14.3297
16.1047
16.5556
16.4236
17.1881
19.0914
18.2974
19.1607
19.8262
18.9441
17.0608
18.6841
19.7497
17.4241
16.002
17.2901
15.2564
16.5012
12.2984
14.1658
16.011
15.3667
14.6956
15.4707
16.3284
18.2589
20.9562
18.0213
19.698
20.1
19.0622
16.5876
14.1717
21.4111
20.2989
19.666
16.9929
16.4213
15.7098
12.2549
10.52
9.26009
11.6104
15.015
14.3007
13.5631
14.4873
14.6932
11.5599
10.3355
12.0652
14.3438
14.2043
16.3027
15.7839
18.132
19.1233
19.1131
22.9122
26.3146
28.459
28.2715
27.829
30.3233
26.8379
24.7991
22.656
21.9292
18.6521
16.1485
17.5869
20.2819
19.5946
20.2262
18.1567
17.7591
15.9084
16.4227
16.5568
16.6115
18.7503
21.3807
21.1541
21.5738
21.6359
19.7371
24.3612
27.0475
26.4044
21.7657
21.058
19.9591
22.0858
22.8266
26.1864
21.2463
21.8051
23.6125
24.8163
23.3224
24.5345
25.5299
24.8541
27.103
29.9133
26.8359
24.3453
24.5904
23.3212
21.6667
20.5428
17.7568
19.1496
13.4563
14.2674
15.8074
16.5603
14.5637
13.6235
14.3703
14.682
15.1214
13.9255
13.7994
13.1995
18.4243
17.8077
19.6459
17.6465
17.5209
17.3274
17.652
14.9969
13.0239
13.5601
15.5252
16.9023
15.1232
13.8978
16.1892
14.1596
14.1875
16.5024
11.1861
10.2872
9.20853
10.3461
10.2282
16.3512
17.8448
18.7184
17.4942
17.3237
15.48
18.0157
23.0829
23.5545
28.1133
27.6072
18.7033
23.2362
19.5429
17.1319
20.6809
20.4236
21.3991
15.3532
14.0102
16.5704
14.9929
16.4715
16.3339
14.1773
14.069
14.3853
14.8713
13.6987
12.6625
12.4684
11.9804
12.6556
11.2889
17.1208
14.7536
16.2031
19.1583
22.885
22.1393
22.4997
23.9969
24.6291
21.2318
18.408
22.4626
19.2797
18.2263
19.1089
16.6134
14.7134
14.1874
14.2398
12.3554
13.1122
10.6811
9.43419
16.3237
12.178
11.4335
13.5224
15.7861
14.6278
11.6963
12.5102
13.4962
18.8519
19.8312
22.7078
19.1995
21.0403
20.153
23.1096
19.7747
20.943
14.2255
16.9753
19.6205
19.9471
20.5136
21.4254
20.647
14.4953
19.4578
17.9211
15.4736
14.7603
14.7603
15.1521
16.8627
24.4309
21.4375
21.2111
20.2355
21.398
19.4554
20.2364
18.5869
18.4579
18.2034
17.0221
13.1385
11.4427
5.4609
7.55507
5.72422
8.73021
5.36364
7.94669
8.51069
8.44982
10.6349
14.0573
13.403
14.2179
12.8418
15.0816
15.1104
18.7683
17.7461
17.1441
14.2317
15.0113
16.6071
17.8595
15.2953
15.2953
16.1751
14.8334
15.8193
15.363
15.6924
17.2407
17.9364
14.52
16.2648
12.6305
16.0892
14.5716
14.2494
13.312
9.92042
9.65739
9.65859
12.3981
10.5864
10.9808
9.97316
12.181
14.2679
11.8819
14.9981
14.7625
13.7141
12.0851
11.6983
12.4372
12.0259
11.2214
13.0163
11.7376
10.6878
10.8982
8.6377
5.23589
7.19501
9.8322
7.47339
7.83491
7.13042
6.87581
10.0696
9.69067
8.51392
10.2939
13.1476
12.7221
13.2159
13.7435
12.157
16.1118
17.5877
16.0343
17.6651
16.2428
17.6167
15.3313
14.935
14.8555
12.5869
16.0986
16.4283
14.1575
18.9833
18.6561
14.258
12.8105
16.8328
13.3137
14.6954
15.7735
14.0229
17.6259
18.5005
16.2604
16.4899
12.8958
14.0763
15.5439
13.9928
14.1413
11.4261
11.774
11.8234
13.1756
12.788
13.9201
10.3859
14.2376
14.3414
12.0261
14.0966
15.5815
15.1864
11.8219
14.7443
12.1054
13.8088
12.7756
13.2754
12.3638
12.1741
9.78313
7.55772
8.56883
10.7334
13.4045
14.8045
14.7758
13.9681
16.0195
18.9016
16.9355
20.1813
18.8471
17.5508
20.0406
16.0164
17.3265
16.9008
14.254
10.7701
13.294
15.7073
15.8639
20.7392
17.7822
19.2548
17.7119
14.6353
14.6216
12.1019
14.5875
14.4205
13.2454
10.6465
15.4011
15.051
16.4145
16.2252
16.3483
17.5187
21.3215
20.1018
16.6776
25.0726
22.6582
22.9366
19.1713
19.7503
20.8636
21.7478
19.8294
20.6858
21.2565
21.398
24.25
22.6495
19.7328
22.4554
20.5572
18.7719
18.7223
19.144
17.7885
16.9047
19.3514
16.42
14.2774
17.0732
18.4051
18.7873
17.7194
19.8196
21.4073
20.9528
19.1421
17.1516
14.4716
11.6732
14.0707
15.168
16.156
16.8396
18.3351
15.551
15.4333
14.071
15.4264
19.4849
19.5533
14.6682
11.0599
11.4483
12.7661
15.3445
18.3365
20.1731
19.1756
16.0765
19.1078
20.2177
21.4816
22.4801
23.0316
17.2636
18.2382
17.8387
17.1959
15.9906
15.5849
17.8574
18.9226
18.5752
20.9875
19.7121
18.2529
19.7476
15.7026
15.9961
12.3301
15.0497
14.7234
12.541
17.3011
19.3686
18.2109
15.7417
15.4545
15.769
15.131
12.1325
9.52385
11.2192
12.5649
11.8537
11.808
10.3066
9.33112
7.82193
8.5912
10.0824
11.029
12.2416
12.8793
13.0415
12.7478
11.0275
13.2671
14.6616
15.7622
12.3229
12.0568
14.1236
11.9482
9.59046
13.2181
13.2431
14.4581
12.2385
14.3711
16.1539
15.6812
16.3964
13.7741
14.8205
17.1958
13.8609
11.7519
14.3361
13.1445
11.169
11.106
11.2723
10.2816
14.3027
8.12016
10.1873
10.8243
11.4149
12.1284
15.0996
13.8998
13.7577
15.0232
16.068
16.8162
17.9187
16.0968
16.7474
21.5632
28.6945
28.8654
19.1555
19.3393
18.8685
21.6741
21.086
20.734
22.3357
19.2821
15.8705
14.3656
15.1831
13.1906
12.7137
14.934
12.9125
15.1387
15.1294
15.522
14.6825
13.1749
13.5219
15.7598
14.0375
14.1687
12.2824
16.4239
17.7523
20.5194
19.8415
19.3161
13.6028
12.6087
13.3518
13.102
12.2492
9.72649
9.11144
8.31615
10.2333
10.1379
14.4166
17.0255
16.7919
13.6802
11.8945
12.8736
10.8535
9.6805
10.0677
11.7674
11.9526
9.81246
13.9586
14.9612
19.5118
16.5398
16.5655
15.5342
19.1996
16.1175
14.1312
13.8937
12.3292
18.0548
18.5468
15.2393
16.9462
18.5704
17.6623
17.2799
16.9397
14.3157
16.5372
17.468
20.1035
18.2426
18.7459
19.262
16.0436
15.5644
16.9555
16.8792
16.4045
15.2591
15.5787
14.393
14.5201
17.5274
19.9089
22.3664
23.0344
24.1286
21.0773
24.6007
21.387
22.7818
21.4235
18.594
17.7211
19.434
16.3748
15.3551
9.15631
14.2252
15.5339
16.0963
17.1227
14.1556
16.2407
11.5868
12.8682
14.6332
12.422
13.596
14.1408
12.0522
16.8783
17.313
18.5476
20.5156
21.3775
21.4598
19.6496
19.5761
17.0103
13.0598
13.1379
14.7415
16.3682
19.2948
16.974
14.2921
13.2532
13.3686
17.0156
14.4135
13.6383
14.3358
10.1356
11.5743
15.2425
14.2277
14.2752
12.9948
16.2397
14.873
12.3682
11.0978
12.9439
11.8868
12.0861
10.956
9.78836
10.1434
9.37853
10.447
8.72089
6.87573
7.83478
6.80308
7.05673
9.79996
9.81373
11.5518
11.4022
12.673
12.9489
14.1322
12.508
16.0699
14.7914
14.6357
16.643
15.0626
20.2284
19.7972
18.6951
19.6309
19.1048
15.281
13.4163
14.8531
16.3734
20.1611
20.2747
18.3364
18.7164
19.1518
22.351
20.1723
17.844
20.5063
21.6317
19.8652
15.8307
21.2025
20.1729
17.6626
13.3206
11.672
12.1288
12.184
17.4203
15.4376
17.1794
14.6514
17.0497
21.7784
18.2885
15.7631
11.9204
13.2655
14.802
14.2984
12.8746
11.3297
8.95457
8.77584
11.4088
14.4169
16.5577
16.5574
14.9804
14.754
10.8329
12.8077
12.8181
16.8003
15.7963
14.8613
14.9416
16.8285
17.3937
14.7068
13.8512
11.0243
13.5751
11.5622
11.5073
11.5991
13.1786
17.1777
16.2887
14.4192
15.3447
15.6364
18.0495
19.2268
19.3073
20.6518
17.1565
17.1193
20.8885
20.1428
19.8719
16.4724
16.6587
16.9269
19.1773
16.9331
17.7078
14.9581
12.6034
17.0987
22.3239
22.704
22.3628
22.1176
18.2756
20.9386
23.0727
22.4009
22.1139
22.0804
24.6591
22.7256
21.9731
25.196
20.3195
22.9138
22.3813
27.5838
26.0387
25.4915
21.4477
20.5992
19.657
17.0023
17.1506
18.5349
12.8181
15.2789
15.9921
17.0333
20.8888
19.2884
16.2677
15.061
14.5114
13.2334
14.9262
18.2092
17.8908
17.9448
15.411
18.7291
17.8196
14.4324
16.6076
16.5245
19.2036
18.5298
19.6575
22.8075
21.5455
22.9313
16.7067
15.8175
15.2943
16.328
17.3542
17.4928
24.6621
27.9395
26.6806
27.3164
24.7542
19.5948
20.3589
22.871
19.2691
18.0247
18.7039
20.0734
21.8864
21.2076
19.3188
20.124
20.028
21.3116
18.7776
21.7881
21.0785
18.7509
18.893
19.2961
16.5954
15.6234
12.3816
14.1068
14.1243
13.7161
16.4903
17.5366
18.6767
16.7652
15.4912
14.7953
15.2774
14.6537
15.6677
15.3907
14.3332
18.5373
18.9944
22.0046
24.2313
21.8888
23.0141
19.3391
19.0481
15.9829
16.279
12.5643
16.3501
15.6547
21.0359
13.2116
15.8315
13.8291
16.6324
16.7666
18.5572
15.7942
17.463
18.1858
21.286
19.3434
20.0062
22.5261
21.4876
17.4874
16.5956
16.4533
16.851
18.4433
20.494
18.0193
17.0463
17.0377
18.4977
20.0202
18.2111
16.0735
15.4851
15.3205
14.0504
10.8912
12.7971
13.4957
14.6659
12.0902
18.0232
15.4847
15.8926
14.4063
15.379
17.4073
16.8436
13.4888
14.4073
13.7775
14.1421
10.4466
13.414
14.6795
16.574
17.2471
18.5799
17.6907
18.4995
19.5163
19.5147
19.3234
15.5651
15.4492
12.8957
13.6822
13.6822
12.3777
17.4589
14.6764
15.2576
14.8527
15.9892
20.1588
19.2835
20.2279
20.7976
22.3548
23.1297
19.7194
20.7223
19.0533
19.2218
21.0701
21.475
18.9331
12.7204
12.7788
13.5123
12.5468
13.2631
19.9107
17.9571
19.7159
20.9348
21.5269
18.0062
17.4089
14.0638
17.9455
19.5666
15.6787
17.1973
19.0495
17.8996
19.272
21.5306
21.36
21.6071
22.0909
20.8232
20.3362
20.7117
18.5007
19.5574
17.5022
15.28
16.6943
17.6841
18.2271
19.2101
19.7373
16.8808
17.4196
19.5248
18.9325
18.6301
18.9181
16.6311
16.6345
18.7069
16.2742
13.2715
9.39801
10.8296
12.2379
13.8579
15.7467
10.9872
9.59079
10.7145
10.2393
10.8853
14.1009
11.8282
11.1094
11.459
12.4458
15.1743
14.0556
15.5442
15.8822
13.6848
15.1392
16.9856
17.0575
15.455
15.3222
14.3815
17.0037
17.1097
17.0797
17.2338
19.2292
15.3057
13.8617
14.464
17.3079
18.5351
19.5353
20.0216
22.9456
19.5791
13.8489
14.4464
15.6992
17.8451
18.0399
19.2546
17.1765
16.4635
21.5694
21.2213
20.2574
17.9129
16.8176
16.5638
19.5263
18.6612
21.2067
20.6431
16.8228
18.0542
18.8661
15.7209
19.3698
19.4742
22.4776
22.1581
21.0911
19.1916
18.0795
18.2638
16.5718
13.3794
10.466
11.9405
13.1782
17.9774
19.0178
21.2571
21.7688
27.0731
26.6949
27.5164
22.5277
24.6202
23.4879
21.943
20.9053
15.3594
17.1807
17.7916
14.7708
15.7958
17.8753
20.2676
26.126
22.9158
23.0426
18.2872
18.7643
18.4889
15.5027
15.7651
16.8506
17.5517
15.3825
15.2144
15.8463
11.6323
8.15453
7.38344
7.46487
8.99109
9.34038
10.6842
13.463
13.8646
13.6047
13.2307
13.9785
14.0403
15.5272
13.6322
15.7709
15.7001
13.9779
11.1378
13.4919
12.7292
13.921
11.4754
12.8626
11.9372
14.4417
14.7835
14.0965
14.1992
14.747
13.2577
12.0232
12.6103
15.4399
16.1437
15.6546
15.2821
14.1403
16.0124
15.4718
13.4181
13.6265
17.3269
15.5145
11.4744
8.71911
8.29886
7.66689
9.68505
8.32269
8.61214
11.1266
11.9546
15.1029
15.0234
14.7616
13.0138
12.5181
11.2559
12.7763
14.9211
15.7101
14.0947
14.5915
14.1025
17.9311
15.5317
11.8832
13.5561
17.3894
19.5898
24.6399
23.1704
25.8391
21.542
23.9867
21.5377
17.8625
17.9728
17.6032
20.1937
20.1444
19.405
22.1935
18.7516
17.6804
18.281
18.0416
16.9467
16.3581
18.3673
16.3424
13.4639
12.8031
9.28672
8.64506
9.80782
13.6424
14.0658
13.5208
13.7955
13.1349
10.7844
11.3711
13.0967
12.0967
13.1587
14.7341
14.3964
12.1007
14.5814
14.3592
14.5075
13.9655
15.5672
16.807
19.7832
18.0353
14.4471
9.37389
14.0752
14.2274
13.29
12.2297
15.6221
14.6364
19.5866
17.4826
22.2131
21.816
19.0204
19.9085
23.1899
21.5402
23.3818
23.7366
21.2978
21.6258
22.293
23.1368
22.2651
22.5496
21.5233
20.3224
21.9127
20.4851
16.6189
19.7143
17.9585
20.0485
19.7827
18.2616
18.3304
19.1471
16.275
16.545
15.467
12.0109
12.54
10.6768
11.189
12.7784
14.3929
14.3814
14.3814
13.1181
13.242
15.1535
17.1915
14.0078
12.8457
11.1907
11.9963
16.077
16.2117
16.3402
16.736
19.3071
19.6372
19.7173
18.1961
15.6177
14.0615
16.6261
16.6351
16.5643
18.9415
20.7882
16.0925
16.5552
16.5656
15.1113
19.087
18.8303
16.6266
14.345
13.9705
14.4366
14.5406
13.3686
10.36
11.2705
14.9343
14.093
13.7508
14.8362
13.7686
9.94894
11.8095
10.5312
10.5415
10.16
15.5741
11.3549
12.3117
13.7837
14.7146
11.255
9.1946
9.40318
11.238
14.3369
12.3286
14.8516
15.8303
16.5957
19.8836
21.015
19.1909
18.6154
18.6871
17.1989
15.8549
19.8182
21.1721
21.5274
22.2601
18.3642
15.4788
15.9961
17.1054
15.5533
13.0942
16.3596
18.1587
20.7165
21.0766
21.3452
23.1008
22.3947
17.1338
19.2457
18.4052
16.029
13.9026
13.391
11.3159
15.5902
16.5148
16.7018
19.6178
19.5052
22.9028
19.277
18.7008
18.209
20.4751
19.2023
20.4979
20.7545
16.6272
20.957
19.7566
21.8159
17.9583
19.221
17.6493
16.5899
17.702
18.1609
18.36
19.4784
18.6348
18.2052
19.6503
18.5479
15.8126
14.3335
14.9338
14.4559
16.1559
16.8413
16.4626
16.3527
15.36
13.5458
13.4785
12.6255
15.0845
16.9735
11.9905
17.171
19.4859
17.858
20.582
16.9197
18.0194
15.322
11.2684
13.0701
17.8281
16.8561
13.7592
12.1618
13.8312
12.8364
12.2248
15.4011
19.536
15.7736
15.437
16.0174
15.1186
9.9026
10.0948
8.56007
8.11707
13.36
16.8781
14.8485
10.5082
11.6102
11.4549
12.9489
12.408
10.452
13.7217
14.7279
12.9313
12.4123
12.9845
12.6412
15.0671
13.0776
11.6602
10.8748
11.6374
12.612
8.60522
11.0054
13.8881
14.9894
15.8293
15.056
16.7988
17.2391
20.3497
19.5076
19.9182
17.3809
13.7241
13.3992
11.4425
11.7234
11.0656
12.7145
12.7448
16.4506
13.975
11.9899
11.2591
14.4558
13.9674
13.8596
13.8298
19.8032
18.0255
15.1841
11.813
12.8301
14.1464
17.5499
15.2454
12.9945
12.7602
12.7023
12.653
15.157
14.5121
12.283
10.8984
13.044
12.047
12.4223
12.5626
13.9266
15.3788
14.2925
16.1705
13.9617
11.4893
12.9603
12.4651
10.702
8.36938
9.87453
10.7818
12.029
16.2386
17.3489
20.3214
20.4105
22.2996
24.7355
23.284
21.1919
21.687
20.2532
20.8262
23.3179
22.3088
18.4985
18.7984
20.4475
19.1723
22.8015
17.0574
16.7413
14.2966
13.441
14.6908
14.5698
22.2177
18.6134
18.2654
17.1994
18.7907
21.6247
18.6194
19.2586
19.597
16.9156
17.7362
18.9021
18.4917
19.637
20.5749
19.3599
23.1651
24.2136
20.0742
18.6017
20.5578
20.0889
20.7561
20.3828
16.671
17.3943
12.6311
14.9212
14.6407
13.7151
16.842
16.2986
16.4242
15.8096
19.7142
19.0343
19.1819
18.4118
19.6801
20.007
18.131
20.5259
18.7861
18.5421
20.0954
16.8336
21.7252
15.8371
15.8789
12.8981
10.7785
12.93
13.6025
14.3733
13.4571
9.52756
11.9382
11.1588
8.90777
11.4472
11.9186
8.99536
10.6177
13.857
13.3533
14.5411
13.5879
14.201
13.187
14.6083
16.516
16.3723
16.6662
15.2076
12.6528
17.3865
15.0759
13.4667
13.5667
16.7553
15.3422
15.7693
18.0633
17.0048
16.9161
16.02
13.6794
13.2793
15.4096
20.2531
16.3854
12.4484
10.6329
12.5944
10.7578
12.8389
13.3119
20.8928
19.9915
18.4261
17.1549
19.012
19.6121
16.5447
14.354
14.624
14.7938
12.8581
13.0192
16.3737
21.2441
24.533
21.3836
20.0791
18.6474
16.3755
18.7607
11.8849
9.1347
11.5978
13.5726
16.2843
16.124
15.2855
17.0252
17.8718
18.8019
16.9057
16.4207
13.1667
21.3378
22.0534
17.0893
17.3055
14.9768
18.19
15.911
16.8667
16.7623
13.0884
16.1185
15.9026
15.8287
12.6437
17.0584
11.113
11.2674
13.9862
13.2162
12.5481
13.9214
10.9382
7.53188
9.27917
14.0129
18.2736
16.6466
16.7365
14.1719
14.4988
14.0691
17.1185
18.0104
21.2937
22.1675
23.9581
25.1065
18.5645
23.3643
21.2219
23.209
23.3016
22.5025
20.4342
22.8372
22.1919
25.9808
25.0273
20.9317
22.5706
21.2846
26.2469
22.6776
25.8545
23.9056
21.1692
19.49
15.9628
14.9781
14.6664
17.9083
21.2168
15.6622
12.0482
10.4478
10.3981
12.8726
11.6576
10.1033
12.9947
15.4762
15.24
16.6103
